Dynamical matrix file
                                                                           
  1    2  1 10.0000000  0.0000000  0.0000000  0.0000000  0.0000000  0.0000000
           1  'O   '    14582.5610075711     
    1    1     -0.1169724529     -0.0000000000      0.0000000000
    2    1      0.1169724529      0.0000000000      0.0000000000

     Dynamical  Matrix in cartesian axes

     q = (    0.000000000   0.000000000   0.000000000 ) 

    1    1
  1.47441836  0.00000000    0.00000000  0.00000000    0.00000000  0.00000000
  0.00000000  0.00000000   -0.00290418  0.00000000   -0.00000000  0.00000000
  0.00000000  0.00000000   -0.00000000  0.00000000   -0.00290418  0.00000000
    1    2
 -1.47152346  0.00000000    0.00000000  0.00000000    0.00000000  0.00000000
  0.00000000  0.00000000    0.00110955  0.00000000   -0.00000000  0.00000000
  0.00000000  0.00000000   -0.00000000  0.00000000    0.00110955  0.00000000
    2    1
 -1.47152346  0.00000000    0.00000000  0.00000000    0.00000000  0.00000000
  0.00000000  0.00000000    0.00110955  0.00000000    0.00000000  0.00000000
  0.00000000  0.00000000    0.00000000  0.00000000    0.00110955  0.00000000
    2    2
  1.47441836  0.00000000    0.00000000  0.00000000    0.00000000  0.00000000
  0.00000000  0.00000000   -0.00290418  0.00000000    0.00000000  0.00000000
  0.00000000  0.00000000    0.00000000  0.00000000   -0.00290418  0.00000000

     Dielectric Tensor:

          1.206784549342          0.000000000000          0.000000000000
          0.000000000000          1.114029524396          0.000000000000
          0.000000000000          0.000000000000          1.114029524396

     Effective Charges E-U: Z_{alpha}{s,beta}

     atom #    1
          0.081054013396          0.000000000000          0.000000000000
          0.000000000000         -0.009832207760          0.000000000000
          0.000000000000          0.000000000000         -0.009832207760
     atom #    2
          0.081054013396          0.000000000000          0.000000000000
          0.000000000000         -0.009832207760          0.000000000000
          0.000000000000          0.000000000000         -0.009832207760

     Diagonalizing the dynamical matrix

     q = (    0.000000000   0.000000000   0.000000000 ) 

 **************************************************************************
     freq (    1) =      -1.725965 [THz] =     -57.571988 [cm-1]
 (  0.000000  0.000000  0.000009  0.000000  0.707107  0.000000 ) 
 (  0.000000  0.000000  0.000009  0.000000 -0.707107  0.000000 ) 
     freq (    2) =      -1.725965 [THz] =     -57.571988 [cm-1]
 (  0.000000  0.000000 -0.707107  0.000000  0.000009  0.000000 ) 
 ( -0.000000  0.000000  0.707107  0.000000  0.000009  0.000000 ) 
     freq (    3) =      -1.154106 [THz] =     -38.496838 [cm-1]
 (  0.000000  0.000000  0.000009  0.000000  0.707107  0.000000 ) 
 ( -0.000000  0.000000 -0.000009  0.000000  0.707107  0.000000 ) 
     freq (    4) =      -1.154106 [THz] =     -38.496836 [cm-1]
 (  0.000000  0.000000  0.707107  0.000000 -0.000009  0.000000 ) 
 (  0.000000  0.000000  0.707107  0.000000  0.000009  0.000000 ) 
     freq (    5) =       1.465799 [THz] =      48.893805 [cm-1]
 ( -0.707107  0.000000  0.000000  0.000000  0.000000  0.000000 ) 
 ( -0.707107  0.000000  0.000000  0.000000 -0.000000  0.000000 ) 
     freq (    6) =      46.759539 [THz] =    1559.730318 [cm-1]
 (  0.707107  0.000000  0.000000  0.000000 -0.000000  0.000000 ) 
 ( -0.707107  0.000000 -0.000000  0.000000 -0.000000  0.000000 ) 
 **************************************************************************
