           1
 (-6.360768341217609E-003,0.000000000000000E+000)
 (-3.924455747640320E-004,0.000000000000000E+000)
 (2.286573044340480E-004,0.000000000000000E+000)
 (-2.815610267404264E-004,0.000000000000000E+000)
 (5.926044817352960E-003,0.000000000000000E+000)
 (2.338458422466418E-003,0.000000000000000E+000)
 (3.564001686921504E-004,0.000000000000000E+000)
 (-2.322423492008160E-003,0.000000000000000E+000)
 (5.928321822082869E-003,0.000000000000000E+000)
           2
 (2.725379961605997E-003,0.000000000000000E+000)
 (4.436524742030552E-003,0.000000000000000E+000)
 (3.681741960117028E-003,0.000000000000000E+000)
 (5.204833111919662E-003,0.000000000000000E+000)
 (-1.419859107005784E-004,0.000000000000000E+000)
 (-3.681741960117026E-003,0.000000000000000E+000)
 (2.479453150313660E-003,0.000000000000000E+000)
 (-4.578510652731126E-003,0.000000000000000E+000)
 (3.681741960117032E-003,0.000000000000000E+000)
           3
 (3.949166743749998E-003,0.000000000000000E+000)
 (-3.393306610348052E-003,0.000000000000000E+000)
 (3.681741960117029E-003,0.000000000000000E+000)
 (4.913273099266076E-003,0.000000000000000E+000)
 (1.723425418694143E-003,0.000000000000000E+000)
 (-3.681741960117029E-003,0.000000000000000E+000)
 (9.641063555160771E-004,0.000000000000000E+000)
 (5.116732029042196E-003,0.000000000000000E+000)
 (3.681741960117028E-003,0.000000000000000E+000)
           4
 (-2.481614463003630E-003,0.000000000000000E+000)
 (4.577339552489411E-003,0.000000000000000E+000)
 (3.681741960117027E-003,0.000000000000000E+000)
 (-5.204899565704939E-003,0.000000000000000E+000)
 (1.395286088846841E-004,0.000000000000000E+000)
 (-3.681741960117026E-003,0.000000000000000E+000)
 (-2.723285102701308E-003,0.000000000000000E+000)
 (-4.437810943604727E-003,0.000000000000000E+000)
 (3.681741960117029E-003,0.000000000000000E+000)
           5
 (2.603384706577803E-003,0.000000000000000E+000)
 (4.509194583440547E-003,0.000000000000000E+000)
 (-3.681741960117027E-003,0.000000000000000E+000)
 (-2.603384706577803E-003,0.000000000000000E+000)
 (4.509194583440546E-003,0.000000000000000E+000)
 (3.681741960117027E-003,0.000000000000000E+000)
 (-5.206769413155603E-003,0.000000000000000E+000)
 (0.000000000000000E+000,0.000000000000000E+000)
 (-3.681741960117029E-003,0.000000000000000E+000)
           6
 (5.158689907796736E-003,0.000000000000000E+000)
 (-7.059505343640263E-004,0.000000000000000E+000)
 (3.681741960117028E-003,0.000000000000000E+000)
 (3.190716050472815E-003,0.000000000000000E+000)
 (4.114581243216363E-003,0.000000000000000E+000)
 (-3.681741960117029E-003,0.000000000000000E+000)
 (-1.967973857323921E-003,0.000000000000000E+000)
 (4.820531777580391E-003,0.000000000000000E+000)
 (3.681741960117028E-003,0.000000000000000E+000)
           7
 (-6.237468433713786E-003,0.000000000000000E+000)
 (-1.326521436345160E-003,0.000000000000000E+000)
 (2.912612576344467E-018,0.000000000000000E+000)
 (-1.987706650514154E-018,0.000000000000000E+000)
 (-1.251824445095846E-018,0.000000000000000E+000)
 (-6.376964135280920E-003,0.000000000000000E+000)
 (-1.326521436345160E-003,0.000000000000000E+000)
 (6.237468433713786E-003,0.000000000000000E+000)
 (-8.109626885232495E-019,0.000000000000000E+000)
           8
 (4.509194583440583E-003,0.000000000000000E+000)
 (-3.933578341732444E-003,0.000000000000000E+000)
 (2.204494776764665E-003,0.000000000000000E+000)
 (2.835603663396289E-017,0.000000000000000E+000)
 (-3.117626411481237E-003,0.000000000000000E+000)
 (-5.562919839535148E-003,0.000000000000000E+000)
 (-4.509194583440512E-003,0.000000000000000E+000)
 (-3.933578341732526E-003,0.000000000000000E+000)
 (2.204494776764664E-003,0.000000000000000E+000)
           9
 (4.509194583440557E-003,0.000000000000000E+000)
 (-3.301151064389864E-003,0.000000000000000E+000)
 (3.071683160973338E-003,0.000000000000000E+000)
 (1.141337853950672E-017,0.000000000000000E+000)
 (-4.344015985561553E-003,0.000000000000000E+000)
 (-4.668532606702540E-003,0.000000000000000E+000)
 (-4.509194583440539E-003,0.000000000000000E+000)
 (-3.301151064389887E-003,0.000000000000000E+000)
 (3.071683160973340E-003,0.000000000000000E+000)
          10
 (4.509194583440558E-003,0.000000000000000E+000)
 (-2.891974946483771E-003,0.000000000000000E+000)
 (3.459670027652878E-003,0.000000000000000E+000)
 (1.926752372310885E-017,0.000000000000000E+000)
 (-4.892712274442401E-003,0.000000000000000E+000)
 (-4.089870191360578E-003,0.000000000000000E+000)
 (-4.509194583440537E-003,0.000000000000000E+000)
 (-2.891974946483806E-003,0.000000000000000E+000)
 (3.459670027652876E-003,0.000000000000000E+000)
          11
 (-4.509194583440545E-003,0.000000000000000E+000)
 (2.624257157692173E-003,0.000000000000000E+000)
 (3.666893802884257E-003,0.000000000000000E+000)
 (2.541243105640965E-018,0.000000000000000E+000)
 (5.185770947820770E-003,0.000000000000000E+000)
 (-3.711260063562939E-003,0.000000000000000E+000)
 (4.509194583440548E-003,0.000000000000000E+000)
 (2.624257157692169E-003,0.000000000000000E+000)
 (3.666893802884257E-003,0.000000000000000E+000)
          12
 (-4.509194583440545E-003,0.000000000000000E+000)
 (2.388288858554744E-003,0.000000000000000E+000)
 (3.824776087489676E-003,0.000000000000000E+000)
 (-2.747936855891687E-018,0.000000000000000E+000)
 (5.409050215968201E-003,0.000000000000000E+000)
 (-3.377550494632680E-003,0.000000000000000E+000)
 (4.509194583440544E-003,0.000000000000000E+000)
 (2.388288858554749E-003,0.000000000000000E+000)
 (3.824776087489675E-003,0.000000000000000E+000)
          13
 (-4.509194583440545E-003,0.000000000000000E+000)
 (2.052882075258568E-003,0.000000000000000E+000)
 (4.014786541824068E-003,0.000000000000000E+000)
 (5.397004679101901E-018,0.000000000000000E+000)
 (5.677765577480573E-003,0.000000000000000E+000)
 (-2.903213672783284E-003,0.000000000000000E+000)
 (4.509194583440549E-003,0.000000000000000E+000)
 (2.052882075258559E-003,0.000000000000000E+000)
 (4.014786541824070E-003,0.000000000000000E+000)
          14
 (-4.509194583440550E-003,0.000000000000000E+000)
 (1.397244308951585E-003,0.000000000000000E+000)
 (4.287253681837822E-003,0.000000000000000E+000)
 (-2.421254212940669E-018,0.000000000000000E+000)
 (6.063092302189036E-003,0.000000000000000E+000)
 (-1.976001851667957E-003,0.000000000000000E+000)
 (4.509194583440546E-003,0.000000000000000E+000)
 (1.397244308951589E-003,0.000000000000000E+000)
 (4.287253681837824E-003,0.000000000000000E+000)
          15
 (4.509194583440544E-003,0.000000000000000E+000)
 (3.894788623244587E-018,0.000000000000000E+000)
 (4.509194583440548E-003,0.000000000000000E+000)
 (4.967579577648593E-018,0.000000000000000E+000)
 (-6.376964135280920E-003,0.000000000000000E+000)
 (5.404833159203383E-019,0.000000000000000E+000)
 (-4.509194583440548E-003,0.000000000000000E+000)
 (-3.130429787633665E-018,0.000000000000000E+000)
 (4.509194583440544E-003,0.000000000000000E+000)
          16
 (-6.376964135280920E-003,0.000000000000000E+000)
 (0.000000000000000E+000,0.000000000000000E+000)
 (-1.061977861529659E-018,0.000000000000000E+000)
 (0.000000000000000E+000,0.000000000000000E+000)
 (0.000000000000000E+000,0.000000000000000E+000)
 (-6.376964135280919E-003,0.000000000000000E+000)
 (0.000000000000000E+000,0.000000000000000E+000)
 (6.376964135280920E-003,0.000000000000000E+000)
 (0.000000000000000E+000,0.000000000000000E+000)
          17
 (4.509194583440550E-003,0.000000000000000E+000)
 (4.244971780514359E-003,0.000000000000000E+000)
 (1.520871583654022E-003,0.000000000000000E+000)
 (2.672215270813327E-018,0.000000000000000E+000)
 (2.150837220231365E-003,0.000000000000000E+000)
 (-6.003296663894478E-003,0.000000000000000E+000)
 (-4.509194583440544E-003,0.000000000000000E+000)
 (4.244971780514363E-003,0.000000000000000E+000)
 (1.520871583654021E-003,0.000000000000000E+000)
          18
 (4.509194583440543E-003,0.000000000000000E+000)
 (-3.651434076980022E-003,0.000000000000000E+000)
 (2.645725793199029E-003,0.000000000000000E+000)
 (-3.340805356062053E-018,0.000000000000000E+000)
 (-3.741621299062384E-003,0.000000000000000E+000)
 (-5.163907593776424E-003,0.000000000000000E+000)
 (-4.509194583440546E-003,0.000000000000000E+000)
 (-3.651434076980015E-003,0.000000000000000E+000)
 (2.645725793199033E-003,0.000000000000000E+000)
          19
 (-4.509194583440548E-003,0.000000000000000E+000)
 (2.932779339997678E-003,0.000000000000000E+000)
 (3.425148337548658E-003,0.000000000000000E+000)
 (-4.701464491146930E-018,0.000000000000000E+000)
 (4.843891232100970E-003,0.000000000000000E+000)
 (-4.147576318072340E-003,0.000000000000000E+000)
 (4.509194583440545E-003,0.000000000000000E+000)
 (2.932779339997687E-003,0.000000000000000E+000)
 (3.425148337548654E-003,0.000000000000000E+000)
          20
 (-4.509194583440549E-003,0.000000000000000E+000)
 (2.205801521947110E-003,0.000000000000000E+000)
 (3.932845717429729E-003,0.000000000000000E+000)
 (1.703589486203829E-018,0.000000000000000E+000)
 (5.561883752310072E-003,0.000000000000000E+000)
 (-3.119474428240816E-003,0.000000000000000E+000)
 (4.509194583440544E-003,0.000000000000000E+000)
 (2.205801521947110E-003,0.000000000000000E+000)
 (3.932845717429734E-003,0.000000000000000E+000)
          21
 (-4.509194583440545E-003,0.000000000000000E+000)
 (1.307477275905813E-003,0.000000000000000E+000)
 (4.315476678690256E-003,0.000000000000000E+000)
 (-5.829815969022192E-018,0.000000000000000E+000)
 (6.103005647108558E-003,0.000000000000000E+000)
 (-1.849052096080638E-003,0.000000000000000E+000)
 (4.509194583440548E-003,0.000000000000000E+000)
 (1.307477275905822E-003,0.000000000000000E+000)
 (4.315476678690253E-003,0.000000000000000E+000)
          22
 (4.509194583440546E-003,0.000000000000000E+000)
 (2.155938486731357E-018,0.000000000000000E+000)
 (4.509194583440546E-003,0.000000000000000E+000)
 (2.746231005934230E-018,0.000000000000000E+000)
 (-6.376964135280920E-003,0.000000000000000E+000)
 (3.027264416433814E-019,0.000000000000000E+000)
 (-4.509194583440546E-003,0.000000000000000E+000)
 (-1.727818647270340E-018,0.000000000000000E+000)
 (4.509194583440546E-003,0.000000000000000E+000)
          23
 (-6.376964135280920E-003,0.000000000000000E+000)
 (0.000000000000000E+000,0.000000000000000E+000)
 (3.539926205098864E-019,0.000000000000000E+000)
 (-3.539926205098864E-019,0.000000000000000E+000)
 (0.000000000000000E+000,0.000000000000000E+000)
 (-6.376964135280920E-003,0.000000000000000E+000)
 (0.000000000000000E+000,0.000000000000000E+000)
 (6.376964135280920E-003,0.000000000000000E+000)
 (0.000000000000000E+000,0.000000000000000E+000)
          24
 (4.509194583440546E-003,0.000000000000000E+000)
 (4.429260207966928E-003,0.000000000000000E+000)
 (8.452749857001226E-004,0.000000000000000E+000)
 (1.240856456943200E-018,0.000000000000000E+000)
 (1.195399348711835E-003,0.000000000000000E+000)
 (-6.263919857386305E-003,0.000000000000000E+000)
 (-4.509194583440547E-003,0.000000000000000E+000)
 (4.429260207966927E-003,0.000000000000000E+000)
 (8.452749857001200E-004,0.000000000000000E+000)
          25
 (4.509194583440546E-003,0.000000000000000E+000)
 (4.161639040110906E-003,0.000000000000000E+000)
 (1.735971281776965E-003,0.000000000000000E+000)
 (-2.939910994974121E-019,0.000000000000000E+000)
 (2.455034130579189E-003,0.000000000000000E+000)
 (-5.885446372226186E-003,0.000000000000000E+000)
 (-4.509194583440548E-003,0.000000000000000E+000)
 (4.161639040110903E-003,0.000000000000000E+000)
 (1.735971281776965E-003,0.000000000000000E+000)
          26
 (4.509194583440547E-003,0.000000000000000E+000)
 (2.796751919369950E-003,0.000000000000000E+000)
 (3.537091247456035E-003,0.000000000000000E+000)
 (-4.907531667545430E-020,0.000000000000000E+000)
 (5.002202413503493E-003,0.000000000000000E+000)
 (-3.955204494965967E-003,0.000000000000000E+000)
 (-4.509194583440548E-003,0.000000000000000E+000)
 (2.796751919369947E-003,0.000000000000000E+000)
 (3.537091247456032E-003,0.000000000000000E+000)
          27
 (4.509194583440546E-003,0.000000000000000E+000)
 (0.000000000000000E+000,0.000000000000000E+000)
 (4.509194583440547E-003,0.000000000000000E+000)
 (0.000000000000000E+000,0.000000000000000E+000)
 (-6.376964135280920E-003,0.000000000000000E+000)
 (0.000000000000000E+000,0.000000000000000E+000)
 (-4.509194583440547E-003,0.000000000000000E+000)
 (0.000000000000000E+000,0.000000000000000E+000)
 (4.509194583440546E-003,0.000000000000000E+000)
          28
 (-6.376964135280919E-003,0.000000000000000E+000)
 (0.000000000000000E+000,0.000000000000000E+000)
 (2.654944653824148E-019,0.000000000000000E+000)
 (-2.654944653824148E-019,0.000000000000000E+000)
 (0.000000000000000E+000,0.000000000000000E+000)
 (-6.376964135280919E-003,0.000000000000000E+000)
 (0.000000000000000E+000,0.000000000000000E+000)
 (6.376964135280920E-003,0.000000000000000E+000)
 (0.000000000000000E+000,0.000000000000000E+000)
          29
 (4.509194583440550E-003,0.000000000000000E+000)
 (4.502448862872881E-003,0.000000000000000E+000)
 (2.465563394931135E-004,0.000000000000000E+000)
 (-2.512768845791753E-019,0.000000000000000E+000)
 (3.486833192002288E-004,0.000000000000000E+000)
 (-6.367424245766150E-003,0.000000000000000E+000)
 (-4.509194583440543E-003,0.000000000000000E+000)
 (4.502448862872889E-003,0.000000000000000E+000)
 (2.465563394931156E-004,0.000000000000000E+000)
          30
 (4.509194583440549E-003,0.000000000000000E+000)
 (4.509194583440542E-003,0.000000000000000E+000)
 (-6.112866622382928E-018,0.000000000000000E+000)
 (2.276680111383955E-018,0.000000000000000E+000)
 (4.365734111347500E-018,0.000000000000000E+000)
 (6.376964135280919E-003,0.000000000000000E+000)
 (-4.509194583440543E-003,0.000000000000000E+000)
 (4.509194583440550E-003,0.000000000000000E+000)
 (-1.477184249639109E-018,0.000000000000000E+000)
          31
 (6.376964135280920E-003,0.000000000000000E+000)
 (0.000000000000000E+000,0.000000000000000E+000)
 (-3.185933584588978E-018,0.000000000000000E+000)
 (2.123955723059319E-018,0.000000000000000E+000)
 (0.000000000000000E+000,0.000000000000000E+000)
 (6.376964135280920E-003,0.000000000000000E+000)
 (0.000000000000000E+000,0.000000000000000E+000)
 (6.376964135280920E-003,0.000000000000000E+000)
 (0.000000000000000E+000,0.000000000000000E+000)
          32
 (-5.514538188821184E-003,0.000000000000000E+000)
 (0.000000000000000E+000,0.000000000000000E+000)
 (3.202427227384242E-003,0.000000000000000E+000)
 (-3.202427227384242E-003,0.000000000000000E+000)
 (0.000000000000000E+000,0.000000000000000E+000)
 (-5.514538188821183E-003,0.000000000000000E+000)
 (0.000000000000000E+000,0.000000000000000E+000)
 (6.376964135280920E-003,0.000000000000000E+000)
 (0.000000000000000E+000,0.000000000000000E+000)
          33
 (5.236899701580113E-003,0.000000000000000E+000)
 (-2.139418646443069E-004,0.000000000000000E+000)
 (3.632462247126839E-003,0.000000000000000E+000)
 (3.500841160830360E-003,0.000000000000000E+000)
 (2.032248248760611E-003,0.000000000000000E+000)
 (-4.927448610052114E-003,0.000000000000000E+000)
 (-9.923025067413594E-004,0.000000000000000E+000)
 (6.040684358300894E-003,0.000000000000000E+000)
 (1.786376164516552E-003,0.000000000000000E+000)
          34
 (5.130743592752828E-003,0.000000000000000E+000)
 (-2.703147042970063E-004,0.000000000000000E+000)
 (3.777310118156272E-003,0.000000000000000E+000)
 (3.300424966245189E-003,0.000000000000000E+000)
 (3.438197218099656E-003,0.000000000000000E+000)
 (-4.236940702239809E-003,0.000000000000000E+000)
 (-1.856969792503470E-003,0.000000000000000E+000)
 (5.363897970016929E-003,0.000000000000000E+000)
 (2.906188799723276E-003,0.000000000000000E+000)
          35
 (5.113723863054961E-003,0.000000000000000E+000)
 (4.176006695077567E-019,0.000000000000000E+000)
 (3.809921237385541E-003,0.000000000000000E+000)
 (2.694021142741958E-003,0.000000000000000E+000)
 (4.509194583440544E-003,0.000000000000000E+000)
 (-3.615948820681631E-003,0.000000000000000E+000)
 (-2.694021142741959E-003,0.000000000000000E+000)
 (4.509194583440548E-003,0.000000000000000E+000)
 (3.615948820681630E-003,0.000000000000000E+000)
          36
 (-5.966409286076941E-003,0.000000000000000E+000)
 (0.000000000000000E+000,0.000000000000000E+000)
 (2.251140114180808E-003,0.000000000000000E+000)
 (-2.251140114180808E-003,0.000000000000000E+000)
 (0.000000000000000E+000,0.000000000000000E+000)
 (-5.966409286076940E-003,0.000000000000000E+000)
 (0.000000000000000E+000,0.000000000000000E+000)
 (6.376964135280920E-003,0.000000000000000E+000)
 (0.000000000000000E+000,0.000000000000000E+000)
          37
 (-5.389625558716491E-003,0.000000000000000E+000)
 (1.852232288409107E-003,0.000000000000000E+000)
 (2.861266060551488E-003,0.000000000000000E+000)
 (-2.045577015317862E-003,0.000000000000000E+000)
 (2.524240406264769E-003,0.000000000000000E+000)
 (-5.487212099822883E-003,0.000000000000000E+000)
 (2.726393697522852E-003,0.000000000000000E+000)
 (5.555458352270689E-003,0.000000000000000E+000)
 (1.539263292927053E-003,0.000000000000000E+000)
          38
 (5.086966754960943E-003,0.000000000000000E+000)
 (1.598371897205720E-003,0.000000000000000E+000)
 (3.497663233475213E-003,0.000000000000000E+000)
 (1.504720543252701E-003,0.000000000000000E+000)
 (4.510280655996073E-003,0.000000000000000E+000)
 (-4.249571281143555E-003,0.000000000000000E+000)
 (-3.538962687468545E-003,0.000000000000000E+000)
 (4.215239882264088E-003,0.000000000000000E+000)
 (3.220740196652750E-003,0.000000000000000E+000)
          39
 (-4.987513257616795E-003,0.000000000000000E+000)
 (7.525989005019521E-004,0.000000000000000E+000)
 (3.901791637532573E-003,0.000000000000000E+000)
 (-8.400154018036603E-004,0.000000000000000E+000)
 (5.920360470949871E-003,0.000000000000000E+000)
 (-2.215711533888381E-003,0.000000000000000E+000)
 (3.883910041760558E-003,0.000000000000000E+000)
 (2.246908625564604E-003,0.000000000000000E+000)
 (4.531259868793008E-003,0.000000000000000E+000)
          40
 (-5.028845327612158E-003,0.000000000000000E+000)
 (0.000000000000000E+000,0.000000000000000E+000)
 (3.921273549959566E-003,0.000000000000000E+000)
 (0.000000000000000E+000,0.000000000000000E+000)
 (6.376964135280920E-003,0.000000000000000E+000)
 (0.000000000000000E+000,0.000000000000000E+000)
 (3.921273549959566E-003,0.000000000000000E+000)
 (0.000000000000000E+000,0.000000000000000E+000)
 (5.028845327612158E-003,0.000000000000000E+000)
          41
 (-6.286494278015210E-003,0.000000000000000E+000)
 (0.000000000000000E+000,0.000000000000000E+000)
 (1.070355676932276E-003,0.000000000000000E+000)
 (-1.070355676932276E-003,0.000000000000000E+000)
 (0.000000000000000E+000,0.000000000000000E+000)
 (-6.286494278015210E-003,0.000000000000000E+000)
 (0.000000000000000E+000,0.000000000000000E+000)
 (6.376964135280920E-003,0.000000000000000E+000)
 (0.000000000000000E+000,0.000000000000000E+000)
          42
 (-5.265058690855212E-003,0.000000000000000E+000)
 (3.397558552139041E-003,0.000000000000000E+000)
 (1.183817743276395E-003,0.000000000000000E+000)
 (-5.988421728417388E-004,0.000000000000000E+000)
 (1.241415828812299E-003,0.000000000000000E+000)
 (-6.226230510883741E-003,0.000000000000000E+000)
 (3.547705824407560E-003,0.000000000000000E+000)
 (5.251776290686826E-003,0.000000000000000E+000)
 (7.059042135470847E-004,0.000000000000000E+000)
          43
 (-5.008931583984462E-003,0.000000000000000E+000)
 (1.273326093657446E-017,0.000000000000000E+000)
 (3.946679106492193E-003,0.000000000000000E+000)
 (2.639409729121090E-018,0.000000000000000E+000)
 (-6.376964135280919E-003,0.000000000000000E+000)
 (2.621185084021385E-017,0.000000000000000E+000)
 (3.946679106492194E-003,0.000000000000000E+000)
 (2.222221542624194E-017,0.000000000000000E+000)
 (5.008931583984462E-003,0.000000000000000E+000)
          44
 (-6.376964135280918E-003,0.000000000000000E+000)
 (0.000000000000000E+000,0.000000000000000E+000)
 (-3.539926205098864E-019,0.000000000000000E+000)
 (-3.539926205098864E-019,0.000000000000000E+000)
 (0.000000000000000E+000,0.000000000000000E+000)
 (-6.376964135280918E-003,0.000000000000000E+000)
 (0.000000000000000E+000,0.000000000000000E+000)
 (6.376964135280920E-003,0.000000000000000E+000)
 (0.000000000000000E+000,0.000000000000000E+000)
          45
 (5.721369769609123E-003,0.000000000000000E+000)
 (-7.453332699494524E-019,0.000000000000000E+000)
 (-2.816309560765998E-003,0.000000000000000E+000)
 (2.816309560765998E-003,0.000000000000000E+000)
 (-2.302959561480047E-018,0.000000000000000E+000)
 (5.721369769609123E-003,0.000000000000000E+000)
 (-1.685782457290372E-018,0.000000000000000E+000)
 (-6.376964135280920E-003,0.000000000000000E+000)
 (-1.737032507409678E-018,0.000000000000000E+000)
          46
 (-5.670358036478191E-003,0.000000000000000E+000)
 (-1.045384457443258E-018,0.000000000000000E+000)
 (-2.917655106554978E-003,0.000000000000000E+000)
 (-2.063093711008587E-003,0.000000000000000E+000)
 (4.509194583440548E-003,0.000000000000000E+000)
 (4.009548619349363E-003,0.000000000000000E+000)
 (2.063093711008584E-003,0.000000000000000E+000)
 (4.509194583440549E-003,0.000000000000000E+000)
 (-4.009548619349363E-003,0.000000000000000E+000)
          47
 (-6.376964135280919E-003,0.000000000000000E+000)
 (0.000000000000000E+000,0.000000000000000E+000)
 (7.079852410197729E-019,0.000000000000000E+000)
 (-7.079852410197729E-019,0.000000000000000E+000)
 (0.000000000000000E+000,0.000000000000000E+000)
 (-6.376964135280919E-003,0.000000000000000E+000)
 (0.000000000000000E+000,0.000000000000000E+000)
 (6.376964135280920E-003,0.000000000000000E+000)
 (0.000000000000000E+000,0.000000000000000E+000)
