           1
 (6.301069541292209E-003,0.000000000000000E+000)
 (-9.768808559383678E-004,0.000000000000000E+000)
 (8.887075874457962E-005,0.000000000000000E+000)
 (4.672165008671979E-004,0.000000000000000E+000)
 (3.496904744165126E-003,0.000000000000000E+000)
 (5.312159404066484E-003,0.000000000000000E+000)
 (-8.624980926217328E-004,0.000000000000000E+000)
 (-5.242426211802670E-003,0.000000000000000E+000)
 (3.526859231198107E-003,0.000000000000000E+000)
           2
 (-3.237313864035293E-003,0.000000000000000E+000)
 (4.078019944470304E-003,0.000000000000000E+000)
 (3.681741960117036E-003,0.000000000000000E+000)
 (1.913011937033244E-003,0.000000000000000E+000)
 (4.842606018513287E-003,0.000000000000000E+000)
 (-3.681741960117024E-003,0.000000000000000E+000)
 (5.150325801068543E-003,0.000000000000000E+000)
 (7.645860740429684E-004,0.000000000000000E+000)
 (3.681741960117026E-003,0.000000000000000E+000)
           3
 (-4.421433337573045E-003,0.000000000000000E+000)
 (2.749795440241044E-003,0.000000000000000E+000)
 (3.681741960117029E-003,0.000000000000000E+000)
 (1.706760376728366E-004,0.000000000000000E+000)
 (5.203971311598197E-003,0.000000000000000E+000)
 (-3.681741960117027E-003,0.000000000000000E+000)
 (4.592109375245882E-003,0.000000000000000E+000)
 (2.454175871357151E-003,0.000000000000000E+000)
 (3.681741960117029E-003,0.000000000000000E+000)
           4
 (2.651044216821887E-003,0.000000000000000E+000)
 (-4.481340455960469E-003,0.000000000000000E+000)
 (3.681741960117027E-003,0.000000000000000E+000)
 (5.206476786279650E-003,0.000000000000000E+000)
 (5.520141034334257E-005,0.000000000000000E+000)
 (-3.681741960117025E-003,0.000000000000000E+000)
 (2.555432569457759E-003,0.000000000000000E+000)
 (4.536541866303809E-003,0.000000000000000E+000)
 (3.681741960117029E-003,0.000000000000000E+000)
           5
 (2.603384706577802E-003,0.000000000000000E+000)
 (4.509194583440546E-003,0.000000000000000E+000)
 (-3.681741960117029E-003,0.000000000000000E+000)
 (-2.603384706577801E-003,0.000000000000000E+000)
 (4.509194583440546E-003,0.000000000000000E+000)
 (3.681741960117027E-003,0.000000000000000E+000)
 (-5.206769413155604E-003,0.000000000000000E+000)
 (0.000000000000000E+000,0.000000000000000E+000)
 (-3.681741960117029E-003,0.000000000000000E+000)
           6
 (5.165847962538964E-003,0.000000000000000E+000)
 (6.515079045604761E-004,0.000000000000000E+000)
 (3.681741960117028E-003,0.000000000000000E+000)
 (3.147146377385222E-003,0.000000000000000E+000)
 (-4.148001615366588E-003,0.000000000000000E+000)
 (-3.681741960117028E-003,0.000000000000000E+000)
 (-2.018701585153742E-003,0.000000000000000E+000)
 (-4.799509519927064E-003,0.000000000000000E+000)
 (3.681741960117028E-003,0.000000000000000E+000)
           7
 (5.981808265577990E-003,0.000000000000000E+000)
 (2.209896254696579E-003,0.000000000000000E+000)
 (-2.482934631433308E-018,0.000000000000000E+000)
 (3.236118496002265E-018,0.000000000000000E+000)
 (-1.594760507598077E-018,0.000000000000000E+000)
 (6.376964135280920E-003,0.000000000000000E+000)
 (-2.209896254696579E-003,0.000000000000000E+000)
 (5.981808265577990E-003,0.000000000000000E+000)
 (2.617395578202037E-018,0.000000000000000E+000)
           8
 (4.509194583440556E-003,0.000000000000000E+000)
 (-4.033922831154499E-003,0.000000000000000E+000)
 (2.015019201799311E-003,0.000000000000000E+000)
 (7.528228118697110E-018,0.000000000000000E+000)
 (-2.849667483626794E-003,0.000000000000000E+000)
 (-5.704828377385182E-003,0.000000000000000E+000)
 (-4.509194583440535E-003,0.000000000000000E+000)
 (-4.033922831154522E-003,0.000000000000000E+000)
 (2.015019201799311E-003,0.000000000000000E+000)
           9
 (4.509194583440561E-003,0.000000000000000E+000)
 (-3.348354495773397E-003,0.000000000000000E+000)
 (3.020158598809591E-003,0.000000000000000E+000)
 (2.034626817427782E-017,0.000000000000000E+000)
 (-4.271149250954246E-003,0.000000000000000E+000)
 (-4.735288339555694E-003,0.000000000000000E+000)
 (-4.509194583440533E-003,0.000000000000000E+000)
 (-3.348354495773439E-003,0.000000000000000E+000)
 (3.020158598809591E-003,0.000000000000000E+000)
          10
 (4.509194583440563E-003,0.000000000000000E+000)
 (-2.901856821933919E-003,0.000000000000000E+000)
 (3.451385631355179E-003,0.000000000000000E+000)
 (3.029410271121048E-017,0.000000000000000E+000)
 (-4.880996368842120E-003,0.000000000000000E+000)
 (-4.103845273643876E-003,0.000000000000000E+000)
 (-4.509194583440531E-003,0.000000000000000E+000)
 (-2.901856821933974E-003,0.000000000000000E+000)
 (3.451385631355176E-003,0.000000000000000E+000)
          11
 (-4.509194583440544E-003,0.000000000000000E+000)
 (2.624335247215647E-003,0.000000000000000E+000)
 (3.666837915909454E-003,0.000000000000000E+000)
 (5.691159496724695E-018,0.000000000000000E+000)
 (5.185691911703045E-003,0.000000000000000E+000)
 (-3.711370498826109E-003,0.000000000000000E+000)
 (4.509194583440550E-003,0.000000000000000E+000)
 (2.624335247215635E-003,0.000000000000000E+000)
 (3.666837915909454E-003,0.000000000000000E+000)
          12
 (-4.509194583440545E-003,0.000000000000000E+000)
 (2.381384988960346E-003,0.000000000000000E+000)
 (3.829078391164628E-003,0.000000000000000E+000)
 (6.326235307940354E-020,0.000000000000000E+000)
 (5.415134592174767E-003,0.000000000000000E+000)
 (-3.367786948619423E-003,0.000000000000000E+000)
 (4.509194583440546E-003,0.000000000000000E+000)
 (2.381384988960344E-003,0.000000000000000E+000)
 (3.829078391164628E-003,0.000000000000000E+000)
          13
 (-4.509194583440547E-003,0.000000000000000E+000)
 (2.030350087812681E-003,0.000000000000000E+000)
 (4.026228298575307E-003,0.000000000000000E+000)
 (4.408314352287180E-018,0.000000000000000E+000)
 (5.693946665055552E-003,0.000000000000000E+000)
 (-2.871348630550093E-003,0.000000000000000E+000)
 (4.509194583440550E-003,0.000000000000000E+000)
 (2.030350087812674E-003,0.000000000000000E+000)
 (4.026228298575308E-003,0.000000000000000E+000)
          14
 (-4.509194583440541E-003,0.000000000000000E+000)
 (1.344036477294827E-003,0.000000000000000E+000)
 (4.304230679114502E-003,0.000000000000000E+000)
 (1.487322119611070E-017,0.000000000000000E+000)
 (6.087101401986086E-003,0.000000000000000E+000)
 (-1.900754614514484E-003,0.000000000000000E+000)
 (4.509194583440544E-003,0.000000000000000E+000)
 (1.344036477294803E-003,0.000000000000000E+000)
 (4.304230679114505E-003,0.000000000000000E+000)
          15
 (4.509194583440549E-003,0.000000000000000E+000)
 (4.240578789048111E-017,0.000000000000000E+000)
 (4.509194583440546E-003,0.000000000000000E+000)
 (5.925484303203451E-017,0.000000000000000E+000)
 (-6.376964135280920E-003,0.000000000000000E+000)
 (7.159973258006266E-019,0.000000000000000E+000)
 (-4.509194583440546E-003,0.000000000000000E+000)
 (-4.139321476171097E-017,0.000000000000000E+000)
 (4.509194583440549E-003,0.000000000000000E+000)
          16
 (-6.280151659961988E-003,0.000000000000000E+000)
 (-1.106962831596344E-003,0.000000000000000E+000)
 (0.000000000000000E+000,0.000000000000000E+000)
 (-1.045855345654155E-018,0.000000000000000E+000)
 (-1.843463434563781E-019,0.000000000000000E+000)
 (-6.376964135280922E-003,0.000000000000000E+000)
 (1.106962831596344E-003,0.000000000000000E+000)
 (-6.280151659961988E-003,0.000000000000000E+000)
 (0.000000000000000E+000,0.000000000000000E+000)
          17
 (4.509194583440537E-003,0.000000000000000E+000)
 (4.277651693810760E-003,0.000000000000000E+000)
 (1.426370140520187E-003,0.000000000000000E+000)
 (-6.012508159683747E-018,0.000000000000000E+000)
 (2.017191997687667E-003,0.000000000000000E+000)
 (-6.049513040495406E-003,0.000000000000000E+000)
 (-4.509194583440558E-003,0.000000000000000E+000)
 (4.277651693810739E-003,0.000000000000000E+000)
 (1.426370140520189E-003,0.000000000000000E+000)
          18
 (4.509194583440550E-003,0.000000000000000E+000)
 (-3.675648090440161E-003,0.000000000000000E+000)
 (2.611981413902697E-003,0.000000000000000E+000)
 (3.889770474587151E-018,0.000000000000000E+000)
 (-3.693899540207648E-003,0.000000000000000E+000)
 (-5.198151380011251E-003,0.000000000000000E+000)
 (-4.509194583440542E-003,0.000000000000000E+000)
 (-3.675648090440169E-003,0.000000000000000E+000)
 (2.611981413902697E-003,0.000000000000000E+000)
          19
 (-4.509194583440548E-003,0.000000000000000E+000)
 (2.933135746809611E-003,0.000000000000000E+000)
 (3.424843132483179E-003,0.000000000000000E+000)
 (-2.212453878186790E-019,0.000000000000000E+000)
 (4.843459606958067E-003,0.000000000000000E+000)
 (-4.148080353419488E-003,0.000000000000000E+000)
 (4.509194583440546E-003,0.000000000000000E+000)
 (2.933135746809611E-003,0.000000000000000E+000)
 (3.424843132483179E-003,0.000000000000000E+000)
          20
 (-4.509194583440543E-003,0.000000000000000E+000)
 (2.193911896024847E-003,0.000000000000000E+000)
 (3.939490624917165E-003,0.000000000000000E+000)
 (2.544321959914809E-019,0.000000000000000E+000)
 (5.571281070599512E-003,0.000000000000000E+000)
 (-3.102659958010012E-003,0.000000000000000E+000)
 (4.509194583440547E-003,0.000000000000000E+000)
 (2.193911896024846E-003,0.000000000000000E+000)
 (3.939490624917161E-003,0.000000000000000E+000)
          21
 (-4.509194583440548E-003,0.000000000000000E+000)
 (1.283479704124564E-003,0.000000000000000E+000)
 (4.322674593400467E-003,0.000000000000000E+000)
 (7.743588573653766E-020,0.000000000000000E+000)
 (6.113185035712544E-003,0.000000000000000E+000)
 (-1.815114404603565E-003,0.000000000000000E+000)
 (4.509194583440548E-003,0.000000000000000E+000)
 (1.283479704124563E-003,0.000000000000000E+000)
 (4.322674593400467E-003,0.000000000000000E+000)
          22
 (4.509194583440546E-003,0.000000000000000E+000)
 (3.807367223686311E-018,0.000000000000000E+000)
 (4.509194583440546E-003,0.000000000000000E+000)
 (3.232541361482086E-018,0.000000000000000E+000)
 (-6.376964135280919E-003,0.000000000000000E+000)
 (1.494043435695969E-019,0.000000000000000E+000)
 (-4.509194583440547E-003,0.000000000000000E+000)
 (-2.180107092693191E-018,0.000000000000000E+000)
 (4.509194583440547E-003,0.000000000000000E+000)
          23
 (-6.376964135280920E-003,0.000000000000000E+000)
 (0.000000000000000E+000,0.000000000000000E+000)
 (0.000000000000000E+000,0.000000000000000E+000)
 (3.539926205098864E-019,0.000000000000000E+000)
 (0.000000000000000E+000,0.000000000000000E+000)
 (-6.376964135280919E-003,0.000000000000000E+000)
 (0.000000000000000E+000,0.000000000000000E+000)
 (6.376964135280920E-003,0.000000000000000E+000)
 (0.000000000000000E+000,0.000000000000000E+000)
          24
 (4.509194583440546E-003,0.000000000000000E+000)
 (4.433036291955801E-003,0.000000000000000E+000)
 (8.252424041045744E-004,0.000000000000000E+000)
 (-8.205330206352320E-020,0.000000000000000E+000)
 (1.167069000130068E-003,0.000000000000000E+000)
 (-6.269260046576032E-003,0.000000000000000E+000)
 (-4.509194583440544E-003,0.000000000000000E+000)
 (4.433036291955802E-003,0.000000000000000E+000)
 (8.252424041045751E-004,0.000000000000000E+000)
          25
 (4.509194583440546E-003,0.000000000000000E+000)
 (4.162029657087801E-003,0.000000000000000E+000)
 (1.735034560131636E-003,0.000000000000000E+000)
 (4.728820929787422E-019,0.000000000000000E+000)
 (2.453709406124196E-003,0.000000000000000E+000)
 (-5.885998788052609E-003,0.000000000000000E+000)
 (-4.509194583440549E-003,0.000000000000000E+000)
 (4.162029657087799E-003,0.000000000000000E+000)
 (1.735034560131635E-003,0.000000000000000E+000)
          26
 (4.509194583440549E-003,0.000000000000000E+000)
 (2.765303968958793E-003,0.000000000000000E+000)
 (3.561731285567499E-003,0.000000000000000E+000)
 (-8.451725056637867E-020,0.000000000000000E+000)
 (5.037048689578118E-003,0.000000000000000E+000)
 (-3.910730376985676E-003,0.000000000000000E+000)
 (-4.509194583440546E-003,0.000000000000000E+000)
 (2.765303968958793E-003,0.000000000000000E+000)
 (3.561731285567500E-003,0.000000000000000E+000)
          27
 (4.509194583440546E-003,0.000000000000000E+000)
 (0.000000000000000E+000,0.000000000000000E+000)
 (4.509194583440546E-003,0.000000000000000E+000)
 (0.000000000000000E+000,0.000000000000000E+000)
 (-6.376964135280920E-003,0.000000000000000E+000)
 (0.000000000000000E+000,0.000000000000000E+000)
 (-4.509194583440546E-003,0.000000000000000E+000)
 (0.000000000000000E+000,0.000000000000000E+000)
 (4.509194583440546E-003,0.000000000000000E+000)
          28
 (-6.376964135280920E-003,0.000000000000000E+000)
 (0.000000000000000E+000,0.000000000000000E+000)
 (3.539926205098864E-019,0.000000000000000E+000)
 (-3.539926205098864E-019,0.000000000000000E+000)
 (0.000000000000000E+000,0.000000000000000E+000)
 (-6.376964135280920E-003,0.000000000000000E+000)
 (0.000000000000000E+000,0.000000000000000E+000)
 (6.376964135280920E-003,0.000000000000000E+000)
 (0.000000000000000E+000,0.000000000000000E+000)
          29
 (4.509194583440550E-003,0.000000000000000E+000)
 (4.502457847401819E-003,0.000000000000000E+000)
 (2.463922151759563E-004,0.000000000000000E+000)
 (7.577578700849458E-019,0.000000000000000E+000)
 (3.484512123649869E-004,0.000000000000000E+000)
 (-6.367436951808829E-003,0.000000000000000E+000)
 (-4.509194583440542E-003,0.000000000000000E+000)
 (4.502457847401825E-003,0.000000000000000E+000)
 (2.463922151759556E-004,0.000000000000000E+000)
          30
 (4.509194583440548E-003,0.000000000000000E+000)
 (4.509194583440544E-003,0.000000000000000E+000)
 (-1.847213191952640E-018,0.000000000000000E+000)
 (8.911425523679221E-019,0.000000000000000E+000)
 (1.721211396285996E-018,0.000000000000000E+000)
 (6.376964135280920E-003,0.000000000000000E+000)
 (-4.509194583440544E-003,0.000000000000000E+000)
 (4.509194583440548E-003,0.000000000000000E+000)
 (-5.869473083861486E-019,0.000000000000000E+000)
          31
 (-6.376964135280920E-003,0.000000000000000E+000)
 (0.000000000000000E+000,0.000000000000000E+000)
 (-1.415970482039546E-018,0.000000000000000E+000)
 (1.415970482039546E-018,0.000000000000000E+000)
 (0.000000000000000E+000,0.000000000000000E+000)
 (-6.376964135280920E-003,0.000000000000000E+000)
 (0.000000000000000E+000,0.000000000000000E+000)
 (6.376964135280920E-003,0.000000000000000E+000)
 (0.000000000000000E+000,0.000000000000000E+000)
          32
 (5.587034223772510E-003,0.000000000000000E+000)
 (-1.579825288486607E-018,0.000000000000000E+000)
 (-3.074202362411072E-003,0.000000000000000E+000)
 (3.074202362411073E-003,0.000000000000000E+000)
 (2.458619332635111E-019,0.000000000000000E+000)
 (5.587034223772512E-003,0.000000000000000E+000)
 (-1.265603576729976E-018,0.000000000000000E+000)
 (-6.376964135280920E-003,0.000000000000000E+000)
 (9.770074815159577E-019,0.000000000000000E+000)
          33
 (5.254806611666581E-003,0.000000000000000E+000)
 (-1.311983697883933E-004,0.000000000000000E+000)
 (3.610466181036624E-003,0.000000000000000E+000)
 (3.459119095939957E-003,0.000000000000000E+000)
 (2.021897604191954E-003,0.000000000000000E+000)
 (-4.961058026361462E-003,0.000000000000000E+000)
 (-1.042676429554181E-003,0.000000000000000E+000)
 (6.046518721428622E-003,0.000000000000000E+000)
 (1.737270502059032E-003,0.000000000000000E+000)
          34
 (5.125676192990924E-003,0.000000000000000E+000)
 (-2.959273658023405E-004,0.000000000000000E+000)
 (3.782266799345930E-003,0.000000000000000E+000)
 (3.329447198569450E-003,0.000000000000000E+000)
 (3.398681772100143E-003,0.000000000000000E+000)
 (-4.246105880285067E-003,0.000000000000000E+000)
 (-1.818762353690898E-003,0.000000000000000E+000)
 (5.387676752443734E-003,0.000000000000000E+000)
 (2.886297679490669E-003,0.000000000000000E+000)
          35
 (5.109531517591575E-003,0.000000000000000E+000)
 (-2.569212066044410E-018,0.000000000000000E+000)
 (3.815541803387491E-003,0.000000000000000E+000)
 (2.697995483076046E-003,0.000000000000000E+000)
 (4.509194583440547E-003,0.000000000000000E+000)
 (-3.612984384775393E-003,0.000000000000000E+000)
 (-2.697995483076041E-003,0.000000000000000E+000)
 (4.509194583440547E-003,0.000000000000000E+000)
 (3.612984384775394E-003,0.000000000000000E+000)
          36
 (5.985954177544139E-003,0.000000000000000E+000)
 (0.000000000000000E+000,0.000000000000000E+000)
 (-2.198641436660603E-003,0.000000000000000E+000)
 (2.198641436660603E-003,0.000000000000000E+000)
 (0.000000000000000E+000,0.000000000000000E+000)
 (5.985954177544139E-003,0.000000000000000E+000)
 (0.000000000000000E+000,0.000000000000000E+000)
 (6.376964135280920E-003,0.000000000000000E+000)
 (0.000000000000000E+000,0.000000000000000E+000)
          37
 (-5.394137912253395E-003,0.000000000000000E+000)
 (1.841392466419143E-003,0.000000000000000E+000)
 (2.859759002235077E-003,0.000000000000000E+000)
 (-2.059059290641086E-003,0.000000000000000E+000)
 (2.499707093419735E-003,0.000000000000000E+000)
 (-5.493397024373063E-003,0.000000000000000E+000)
 (2.707253701424076E-003,0.000000000000000E+000)
 (5.570135529265067E-003,0.000000000000000E+000)
 (1.519881299445371E-003,0.000000000000000E+000)
          38
 (5.083753876271509E-003,0.000000000000000E+000)
 (1.581276763622883E-003,0.000000000000000E+000)
 (3.510082891468502E-003,0.000000000000000E+000)
 (1.523014822393248E-003,0.000000000000000E+000)
 (4.513821139798860E-003,0.000000000000000E+000)
 (-4.239282504308308E-003,0.000000000000000E+000)
 (-3.535752247955730E-003,0.000000000000000E+000)
 (4.217896880838885E-003,0.000000000000000E+000)
 (3.220787718298855E-003,0.000000000000000E+000)
          39
 (-4.979881392759724E-003,0.000000000000000E+000)
 (7.465295391590239E-004,0.000000000000000E+000)
 (3.912690448255217E-003,0.000000000000000E+000)
 (-8.336590777580388E-004,0.000000000000000E+000)
 (5.929911307739082E-003,0.000000000000000E+000)
 (-2.192449772988859E-003,0.000000000000000E+000)
 (3.895056538585314E-003,0.000000000000000E+000)
 (2.223627017323342E-003,0.000000000000000E+000)
 (4.533176483627416E-003,0.000000000000000E+000)
          40
 (5.029052091624090E-003,0.000000000000000E+000)
 (-1.416937807321281E-018,0.000000000000000E+000)
 (3.921008370609592E-003,0.000000000000000E+000)
 (-2.672115193268501E-018,0.000000000000000E+000)
 (-6.376964135280920E-003,0.000000000000000E+000)
 (1.122783862323568E-018,0.000000000000000E+000)
 (-3.921008370609592E-003,0.000000000000000E+000)
 (2.528464051113670E-018,0.000000000000000E+000)
 (5.029052091624090E-003,0.000000000000000E+000)
          41
 (6.286579226361247E-003,0.000000000000000E+000)
 (0.000000000000000E+000,0.000000000000000E+000)
 (-1.069856632143930E-003,0.000000000000000E+000)
 (1.069856632143928E-003,0.000000000000000E+000)
 (0.000000000000000E+000,0.000000000000000E+000)
 (6.286579226361247E-003,0.000000000000000E+000)
 (0.000000000000000E+000,0.000000000000000E+000)
 (6.376964135280920E-003,0.000000000000000E+000)
 (0.000000000000000E+000,0.000000000000000E+000)
          42
 (-5.260246430212522E-003,0.000000000000000E+000)
 (3.399702288085046E-003,0.000000000000000E+000)
 (1.198959310604351E-003,0.000000000000000E+000)
 (-6.070168354123664E-004,0.000000000000000E+000)
 (1.255301276001402E-003,0.000000000000000E+000)
 (-6.222653843068434E-003,0.000000000000000E+000)
 (3.553450384854350E-003,0.000000000000000E+000)
 (5.247086300178194E-003,0.000000000000000E+000)
 (7.118618570480727E-004,0.000000000000000E+000)
          43
 (5.000512352658556E-003,0.000000000000000E+000)
 (7.079852410197729E-019,0.000000000000000E+000)
 (3.957341000415344E-003,0.000000000000000E+000)
 (1.110336789768808E-018,0.000000000000000E+000)
 (-6.376964135280920E-003,0.000000000000000E+000)
 (8.787062189908533E-019,0.000000000000000E+000)
 (-3.957341000415344E-003,0.000000000000000E+000)
 (0.000000000000000E+000,0.000000000000000E+000)
 (5.000512352658556E-003,0.000000000000000E+000)
          44
 (6.376964135280920E-003,0.000000000000000E+000)
 (0.000000000000000E+000,0.000000000000000E+000)
 (-1.769963102549432E-018,0.000000000000000E+000)
 (1.769963102549432E-018,0.000000000000000E+000)
 (0.000000000000000E+000,0.000000000000000E+000)
 (6.376964135280920E-003,0.000000000000000E+000)
 (0.000000000000000E+000,0.000000000000000E+000)
 (6.376964135280920E-003,0.000000000000000E+000)
 (0.000000000000000E+000,0.000000000000000E+000)
          45
 (5.709973047718425E-003,0.000000000000000E+000)
 (2.346099250875392E-018,0.000000000000000E+000)
 (-2.839344885178319E-003,0.000000000000000E+000)
 (2.839344885178319E-003,0.000000000000000E+000)
 (1.887727256100078E-018,0.000000000000000E+000)
 (5.709973047718425E-003,0.000000000000000E+000)
 (-2.941222785811400E-018,0.000000000000000E+000)
 (6.376964135280920E-003,0.000000000000000E+000)
 (-6.456813553177977E-019,0.000000000000000E+000)
          46
 (-5.657535798157236E-003,0.000000000000000E+000)
 (-5.923845258845131E-018,0.000000000000000E+000)
 (-2.942441210156715E-003,0.000000000000000E+000)
 (-2.080620132944564E-003,0.000000000000000E+000)
 (4.509194583440556E-003,0.000000000000000E+000)
 (4.000481927682618E-003,0.000000000000000E+000)
 (2.080620132944563E-003,0.000000000000000E+000)
 (4.509194583440539E-003,0.000000000000000E+000)
 (-4.000481927682637E-003,0.000000000000000E+000)
          47
 (6.376964135280920E-003,0.000000000000000E+000)
 (0.000000000000000E+000,0.000000000000000E+000)
 (0.000000000000000E+000,0.000000000000000E+000)
 (0.000000000000000E+000,0.000000000000000E+000)
 (0.000000000000000E+000,0.000000000000000E+000)
 (6.376964135280920E-003,0.000000000000000E+000)
 (0.000000000000000E+000,0.000000000000000E+000)
 (6.376964135280920E-003,0.000000000000000E+000)
 (0.000000000000000E+000,0.000000000000000E+000)
