 &plot nbnd=   3, nks=  19 /
            0.000000  0.000000  0.000000
    0.0000    0.0000    0.0000
            0.125000  0.000000  0.000000
    0.2206    0.2206    1.5315
            0.250000  0.000000  0.000000
    1.1969    1.1969    6.6058
            0.375000  0.000000  0.000000
    3.2703    3.2703   15.3014
            0.500000  0.000000  0.000000
    5.9628    5.9628   25.3595
            0.750000  0.000000  0.000000
    9.3976    9.3976   35.9065
            1.000000  0.000000  0.000000
    9.7109    9.7109   34.7531
            0.825000  0.125000  0.125000
    8.2058    9.9679   36.3074
            0.750000  0.250000  0.250000
    5.9899   10.5025   37.3956
            0.625000  0.375000  0.375000
    4.6882    7.1927   36.1074
            0.500000  0.500000  0.500000
    3.8153    3.8153   34.5628
            0.325000  0.325000  0.325000
    2.4536    2.4536   28.3830
            0.250000  0.250000  0.250000
    0.9957    0.9957   20.8741
            0.125000  0.125000  0.125000
   -0.2933   -0.2933    6.4618
            0.000000  0.000000  0.000000
    0.0000    0.0000    0.0000
            0.125000  0.125000  0.000000
    0.3978   -0.6829    4.2387
            0.250000  0.250000  0.000000
   -1.2853    1.9857   16.7617
            0.325000  0.325000  0.000000
   -0.8442    4.0144   26.3983
            0.500000  0.500000  0.000000
    1.3019   13.4981   38.9901
