 -0.442658471968175       0.303965023246767       0.397051822851134     
  0.397084056867559      -0.403235165173226       0.184907177541877     
  0.324522310130463       0.330132780537359      -0.325978338583356     
  5.780085572325049E-002  0.228327619484288       0.260131352577211     
 -0.215951432277417      -8.113540252066259E-002  0.173238659622162     
  0.225485929069178      -0.365920514710036       8.279365005695655E-002
  0.254270411346610       0.361655141661539      -0.294852760956432     
 -7.119686939309050E-003  0.181515761039000       0.280817457880002     
 -0.203468777251796      -8.848411719596189E-002  0.128869449883079     
  0.207564451697216      -0.243467691650381      -6.580204778130437E-002
  0.133303924788406       0.282722755783330      -0.333633204003624     
 -1.315068217202667E-002  0.339406772559666       0.339416992067133     
 -0.280591482913390      -7.188521675605711E-002  0.255504038067111     
  0.305800538234739     
