HDF5 "tempdir_hdf5/evc.hdf5_5" {
GROUP "/" {
   GROUP "KPOINT1" {
      ATTRIBUTE "twfcollect" {
         DATATYPE  H5T_STD_I32LE
         DATASPACE  SIMPLE { ( 1 ) / ( 1 ) }
         DATA {
         (0): 0
         }
      }
      DATASET "BAND0" {
         DATATYPE  H5T_IEEE_F64LE
         DATASPACE  SIMPLE { ( 360 ) / ( 360 ) }
         DATA {
         (0): -0.000725852, -0.128269, -0.000569272, -0.000562864,
         (4): -0.00805435, 0.00814603, -0.00792163, 0.00801179, -0.0153708,
         (9): 8.69812e-05, -0.0153708, 8.69806e-05, 8.68556e-05, 0.0153487,
         (14): -0.0108093, 6.11698e-05, 0.000209596, 0.000207237,
         (18): 0.000185735, 0.000183643, -0.00884737, 5.00651e-05,
         (22): -0.000158148, -0.000156366, -0.00770614, 0.00779385,
         (26): -0.00770614, 0.00779385, -0.00721845, 0.00730061, -0.00667408,
         (31): 0.00675004, -0.00620866, 3.51344e-05, -0.00620866,
         (35): 3.51341e-05, -0.00618428, 0.00625466, 3.68149e-05, 0.00650572,
         (40): 3.68141e-05, 0.00650572, -0.0056828, 3.21583e-05, 2.97234e-05,
         (45): 0.00525238, 2.97218e-05, 0.00525238, 1.87683e-05, 0.0033167,
         (50): 1.8306e-05, 0.00323499, 1.69115e-05, 1.67212e-05, 0.000210834,
         (55): 0.000208461, 0.000210835, 0.000208462, 1.69132e-05,
         (59): 1.6721e-05, 0.000254975, 0.000252106, 0.000254975,
         (63): 0.000252106, -0.0028226, 1.59726e-05, -0.000115063,
         (67): -0.000113768, 1.41484e-05, 0.00250027, -6.20566e-06,
         (71): -6.13616e-06, -0.00208116, 0.00210485, -0.0017518, 0.00177174,
         (76): -0.00132404, 7.49245e-06, 7.16537e-06, 0.00126638, 0, 0, 0, 0,
         (84): 0, 0, 0, 0, 0, 0, -0.422863, -0.701891, -0.223157, -0.0553604,
         (94): 0.0177467, -0.0715367, -0.00732247, 0.0295167, -0.00698757,
         (99): 0.00420976, -0.00698758, 0.00420975, 0.0164305, 0.0272721,
         (104): 0.00478585, -0.00288329, 0.00726931, 0.00180336, 0.00969126,
         (109): 0.0024042, 0.00804155, -0.00484478, 0.00688166, 0.0017072,
         (114): -0.000733645, 0.00295727, -0.000733644, 0.00295727,
         (118): -0.00126468, 0.00509788, -0.000339794, 0.0013696, 0.00198702,
         (123): -0.00119711, 0.00198703, -0.00119711, 0.00130914,
         (127): -0.00527713, 0.00351784, 0.00583906, 0.00351783, 0.00583905,
         (132): 0.00118114, -0.000711585, 0.001261, 0.00209303, 0.00126099,
         (137): 0.00209303, 0.00140592, 0.00233362, 0.00191785, 0.00318334,
         (142): 0.00285864, 0.000709171, 0.003287, 0.000815434, 0.00328701,
         (147): 0.000815434, 0.00285863, 0.000709157, 0.00272002,
         (151): 0.000674786, 0.00272003, 0.000674785, 0.000368892,
         (155): -0.000222241, 0.00170006, 0.000421749, -0.00105607,
         (159): -0.00175293, 0.000798051, 0.000197986, -1.15834e-05,
         (163): 4.66939e-05, -0.000129312, 0.00052124, 0.000481705,
         (167): -0.00029021, 0.000725599, 0.00120439, 0, 0, 0, 0, 0, 0, 0, 0,
         (178): 0, 0, -1.44061e-07, -1.68488e-07, -0.273102, -0.149892,
         (184): 0.0312075, -0.0568601, -0.0359597, 0.0357982, 0.00132508,
         (189): -0.0140688, -0.0249984, 0.0072816, 0.00238646, -0.00832399,
         (194): 0.0155581, -0.00453181, 0.0030176, -0.000418681,
         (198): -0.000759059, -0.00199832, -0.00333306, -0.000955561,
         (202): 0.000384351, -0.000414324, -0.00653854, 0.00535047,
         (206): 0.000804567, 0.00509681, 0.00298055, -0.00543057,
         (210): 0.000963439, 0.00399169, -0.00246225, -3.69015e-05,
         (214): -0.00123056, 0.00111255, -0.000649581, -0.000784622,
         (218): -0.00115214, 0.0040186, 0.00238821, 0.000224924,
         (222): -0.000312629, 0.00331939, 0.000436288, 0.00113811,
         (226): -0.000686769, 0.000121486, 0.0013243, 0.000576279,
         (230): -0.000107911, -0.00250116, -0.00028964, 0.000239774,
         (234): -0.000723231, -0.000396936, 0.000344896, -0.000285516,
         (238): -0.000317715, -0.000573114, 0.000902045, 0.001069,
         (242): 0.000861635, -0.000101005, 0.00268194, -0.00108372,
         (246): -0.0011565, 0.000490724, -0.000111608, -0.000415861,
         (250): 0.000637636, 0.00115022, -1.17645e-05, 0.000722466,
         (254): -0.000583185, -0.000159903, 0.000591866, 0.000305005,
         (258): -8.10606e-05, -0.00027828, 0, 0, 0, 0, 0, 0, 0, 0, 0, 0,
         (270): -6.83963e-08, -4.67548e-07, -0.0829361, 0.194199, -0.0404307,
         (275): -0.0172671, 0.0217953, -0.0136305, 0.0104048, -0.0261064,
         (280): 0.00657571, 0.0163787, 0.00342005, 0.00596983, -0.00409221,
         (285): -0.010193, 0.00403407, -0.00261133, 0.00214487, 0.000184836,
         (290): 0.00239073, -0.00136965, 0.00105591, -0.000413493,
         (294): 0.00299632, -0.00378586, 0.00443241, 0.00695846, -0.00386135,
         (299): -0.00164905, 0.00354603, 0.00595017, 0.00124028, 0.000222058,
         (304): -0.000269188, 0.00219707, -0.000800296, -0.00186088,
         (308): -0.00165109, -0.00288209, 0.004431, 0.00176591, -0.00245473,
         (313): 0.00615917, 0.000938638, -0.000217348, -0.00125269,
         (317): -0.000599286, 0.00251049, 0.000757153, -0.000493963,
         (321): 0.0011457, -0.000686752, 0.000295373, -0.000219645,
         (325): 0.000514293, 0.000818, -0.000351762, 0.00050231, 0.0001364,
         (330): -0.000588352, -0.000512635, 0.00112391, -0.00074136,
         (334): -0.00046786, -0.00231496, -0.00204168, 0.00107486,
         (338): -0.000254667, 0.000116912, -0.00100859, -0.000273937,
         (342): 0.000600044, 0.000797357, -0.000264247, -0.00105647,
         (346): -0.000530741, 0.000492573, -0.000182423, 7.32104e-05, 0, 0,
         (352): 0, 0, 0, 0, 0, 0, 0, 0
         }
      }
   }
   GROUP "KPOINT10" {
      ATTRIBUTE "twfcollect" {
         DATATYPE  H5T_STD_I32LE
         DATASPACE  SIMPLE { ( 1 ) / ( 1 ) }
         DATA {
         (0): 0
         }
      }
      DATASET "BAND0" {
         DATATYPE  H5T_IEEE_F64LE
         DATASPACE  SIMPLE { ( 360 ) / ( 360 ) }
         DATA {
         (0): 0.43248, -0.304313, 0.00807835, -0.0464394, 0.0207887,
         (5): 0.00361624, -0.0185265, -0.00322274, -0.0107619, -0.0152944,
         (10): -0.007328, -0.0104144, -0.0192897, 0.0135731, -0.00586838,
         (15): -0.00833995, -0.000800422, 0.00460139, -0.0149936,
         (19): -0.00260819, -0.0039782, -0.00565369, -0.000696383,
         (23): 0.00400328, -0.0123302, -0.00214488, -0.00885922, 0.00623376,
         (28): -0.00332905, -0.00473114, -0.0102115, -0.00177633,
         (32): -0.000262217, 0.00150738, -0.00225278, -0.00320157,
         (36): -0.00847962, -0.00147506, -0.00699171, 0.00491968,
         (40): -0.00281478, -0.00400028, -0.000332128, 0.0019093,
         (44): -0.000430472, 0.00247465, -0.00399783, 0.00281305,
         (48): -0.00465729, 0.00327709, -0.00435673, 0.00306558, -0.00383186,
         (53): 0.00269628, -0.000291864, 0.00167782, -0.00417349,
         (57): -0.000725992, -0.000282019, 0.00162124, -0.00033519,
         (61): 0.00192689, -0.00401535, -0.000698479, -7.59932e-05,
         (65): 0.000436883, -0.00022619, 0.00130028, -0.0010587, -0.00150459,
         (70): -5.45082e-05, 0.000313335, -0.000656158, -0.00093251,
         (74): -0.00136428, 0.000959969, -0.00201298, -0.000350166,
         (78): -0.000378112, -0.000537362, -0.000855586, 0.000602031,
         (82): -0.000779009, -0.00013551, -0.00125935, 0.000886133,
         (86): -0.00120749, 0.000849643, -9.32462e-05, -0.000132517,
         (90): 0.0894656, 0.745224, 0.0987828, 0.0776068, -0.0550594,
         (95): 0.070083, 0.0121929, -0.0155198, 0.000804387, -9.65677e-05,
         (100): -0.00689178, 0.000827369, -0.00221899, -0.0184836,
         (104): -0.0136009, 0.00163282, -0.00747516, -0.00587273,
         (108): -0.000548498, 0.000698157, -0.0064785, 0.000777757,
         (112): -0.00687428, -0.00540064, -0.00092203, 0.00117362,
         (116): -0.000641935, -0.00534713, -0.00549032, 0.000659127,
         (120): 8.14438e-05, -0.000103662, -0.00508793, -0.00399724,
         (124): -0.00644776, 0.000774069, -0.00144754, 0.00184252,
         (128): -0.000411587, -0.0034284, -0.00453913, 0.000544931,
         (132): -0.00405745, -0.00318766, -0.00410023, -0.00322127,
         (136): -0.000145535, -0.00121226, -0.00034239, -0.00285204,
         (140): -0.000333241, -0.00277577, -0.000173318, -0.00144368,
         (144): -0.00314492, -0.00247075, -0.00149023, 0.00189686,
         (148): -0.00277203, -0.0021778, -0.00245175, -0.00192617,
         (152): 4.11252e-06, -5.22761e-06, -0.00169246, -0.00132965,
         (156): -0.00163737, -0.00128637, -0.00160875, 0.000193132,
         (160): -0.00102785, -0.000807511, -0.0010519, 0.000126284,
         (164): -0.000176663, -0.00147155, -0.000316301, 0.000402607,
         (168): -0.000883954, 0.000106119, 3.13031e-05, 0.000260749,
         (172): 0.000256013, -0.000325869, -6.64964e-05, -0.000553895,
         (176): -0.000132657, -0.00110499, -0.000734479, 8.81768e-05,
         (180): -0.199892, 0.0152808, -0.0943141, 0.109928, -0.0615498,
         (185): -0.0528077, 0.001674, 0.00143624, -0.00382192, -0.0499952,
         (190): 0.00159862, 0.0209119, -0.0014697, 0.000112353, -6.65397e-05,
         (195): -0.000870406, 0.0052168, -0.00608043, 0.00098707,
         (199): 0.000846871, 0.000187763, 0.0024563, -0.00385859, 0.00449735,
         (204): 0.00427879, 0.00367107, -0.00407126, 0.00031123, 0.000343793,
         (209): 0.00449735, -0.000395783, -0.000339564, -0.0033002,
         (213): 0.00384654, 0.00033018, 0.00431918, 0.00326343, 0.00279992,
         (218): 0.00325694, -0.000248981, 0.000438773, 0.00573974,
         (222): -0.00102597, 0.00119581, -0.00236656, 0.00275834,
         (226): -0.00193848, 0.000148183, -1.49844e-05, 1.151e-06,
         (230): 0.00171742, -0.0001313, -0.00282401, 0.000215878,
         (234): -0.00117869, 0.00137382, 0.000293212, 0.000251573,
         (238): 0.000543555, -0.00063352, -0.00171716, 0.00200143,
         (242): 0.00113822, 0.000976564, -0.00158517, 0.00184759, 0.00104617,
         (247): -0.00121936, 1.16643e-05, 0.000152532, -0.00127839,
         (251): 0.00149002, -7.38139e-06, -9.64964e-05, 0.000163745,
         (255): -1.25173e-05, -0.000518221, -0.000444615, 4.31881e-05,
         (259): 0.000564923, -0.000394273, 3.01381e-05, 0.000366308,
         (263): 0.000314278, -0.000199322, 1.52364e-05, -0.000506108,
         (267): 3.86864e-05, 8.19928e-05, 0.0010726, -9.39277e-08,
         (271): 5.78822e-08, 0.116654, -0.280226, 0.118603, 0.049373,
         (276): -0.0605448, -0.025204, 6.17856e-08, 3.93646e-08, -0.0104335,
         (281): -0.0253152, 0.000529958, -0.000218409, 0.0071821, 0.0174262,
         (286): -0.000541502, 0.00130081, -0.00810334, -0.00337333,
         (290): -0.000671013, -0.00162811, 0.000873816, -0.00209906,
         (294): -0.0029341, -0.00122144, -0.00335375, 0.00138223,
         (298): -0.000957021, -0.00232207, 0.00440192, 0.00183247,
         (302): -0.000105532, 0.000253494, -0.000423285, -0.00102703,
         (306): -0.00144075, -0.000599773, 1.21723e-09, -6.63597e-09,
         (310): -1.20081e-09, 9.07662e-09, -7.79941e-09, 2.69472e-08,
         (314): 0.000898056, -0.0021573, -0.000727875, 0.000299987,
         (318): 0.00234008, -0.000964447, -0.00076554, 0.000315513,
         (322): -0.000164739, 6.79036e-05, 0.00050582, -0.00121508,
         (326): -2.37276e-09, -1.99897e-09, 1.30158e-08, -3.12942e-09,
         (330): -0.000635242, 0.00152597, -0.0015742, -0.000655324,
         (334): 0.000148512, -0.000356739, -0.000104727, 0.000251597,
         (338): 0.000659746, 0.00160078, -0.000234133, 0.000562437,
         (342): 0.000291129, 0.000706388, 0.000551583, -0.000227327,
         (346): -0.000353669, -0.000147227, -0.000525879, -0.00127597,
         (350): 0.000216524, -8.92375e-05, 0.000163591, 6.80971e-05,
         (354): 0.00052944, -0.000218201, 4.7889e-05, -1.97344e-05,
         (358): 0.000120902, 0.000293361
         }
      }
   }
   GROUP "KPOINT2" {
      ATTRIBUTE "twfcollect" {
         DATATYPE  H5T_STD_I32LE
         DATASPACE  SIMPLE { ( 1 ) / ( 1 ) }
         DATA {
         (0): 0
         }
      }
      DATASET "BAND0" {
         DATATYPE  H5T_IEEE_F64LE
         DATASPACE  SIMPLE { ( 360 ) / ( 360 ) }
         DATA {
         (0): 0.14936, -0.0555047, 0.00111173, -0.00242666, -0.00979354,
         (5): -0.00448675, -0.0111427, -0.00510484, -0.0064578, -0.0173776,
         (10): -0.0158619, 0.00589457, -0.00492614, -0.013256, -0.00409715,
         (15): -0.0110252, -0.000168846, 0.000368572, -0.000343881,
         (19): 0.000750617, -0.0114965, -0.00526694, -0.00272575,
         (23): -0.00733486, 6.78548e-05, -0.000148112, -0.00255806,
         (27): -0.0068836, -0.00933313, -0.00427582, -0.00943056,
         (31): -0.00432045, -0.00697142, 0.00259069, -0.00879494,
         (35): -0.00402925, -0.00229754, -0.00618254, -0.00213428,
         (39): -0.00574324, -0.005009, 0.00186143, -0.00547906, 0.00203611,
         (44): -0.00675506, -0.00309472, -0.00484516, 0.00180054,
         (48): -2.43614e-05, 5.31821e-05, -0.00359049, 0.00133429,
         (52): -0.000199419, 0.000435289, -0.002975, 0.00110556,
         (56): -0.000250635, 0.000547083, 0.000128002, -0.000279393,
         (60): -3.29488e-05, 7.19213e-05, -6.76647e-05, 0.000147698,
         (64): -0.000914104, -0.00245981, 9.09985e-06, -1.98644e-05,
         (68): -0.000118355, 0.000258347, -0.00272261, -0.00124732,
         (72): -0.00192143, 0.000714037, -0.00227196, -0.00104086,
         (76): -0.000439557, -0.00118283, -0.00116083, 0.000431384,
         (80): -0.000828078, 0.000307728, 0, 0, 0, 0, 0, 0, 0, 0, -0.290475,
         (91): 0.744116, 0.0574665, 0.13106, -0.0612957, 0.0268766,
         (96): 0.0305109, -0.0133784, 0.0179941, 0.00702423, 0.0116165,
         (101): -0.0297583, -0.00223784, -0.000873593, -0.00601766,
         (105): -0.00234901, -0.00331712, -0.00756511, -0.00465039,
         (109): -0.0106059, 0.00341553, -0.00149762, -0.00754715,
         (113): -0.00294609, -0.00330962, -0.00754792, -0.00315225,
         (117): -0.00123052, -0.000594071, 0.000260477, 0.00103053,
         (121): -0.000451817, 0.00320009, -0.00819775, 0.0042228,
         (125): -0.00185158, -0.00402714, -0.00157205, -0.00335968,
         (129): -0.00131153, 0.00112287, -0.00287649, 0.00191969,
         (133): -0.00491776, -0.0028613, 0.00125463, 0.00125542, -0.00321597,
         (138): -0.0017702, -0.00403714, 0.00162417, -0.00416065,
         (142): -0.00195986, -0.00446978, 0.000920337, -0.00235769,
         (146): -0.00150377, -0.00342964, -0.00119246, -0.0027196,
         (150): -0.00141831, -0.00323462, -0.0012565, -0.00286558,
         (154): -0.000614017, -0.000239698, -0.000676013, -0.00154176,
         (158): -0.000881291, -0.00200988, 4.96937e-05, -2.17691e-05,
         (162): -0.000315778, 0.00080897, 0.000491757, -0.000215635,
         (166): -0.000588597, -0.000229758, 0.000476011, -0.00121941,
         (170): 0.000501367, -0.00128436, 0, 0, 0, 0, 0, 0, 0, 0,
         (180): 2.04757e-07, 7.39893e-07, -0.0879295, -0.219246, 0.0827759,
         (185): -0.0331971, -0.0683314, 0.0274049, 2.00322e-07, 4.24296e-09,
         (190): 0.00175825, -0.00411297, -0.0202747, -0.00866738, 0.0167101,
         (195): 0.00714358, 0.00109129, 0.00272088, -0.000870783,
         (199): -0.00217098, -0.00833026, 0.00334088, -0.00252472,
         (203): -0.00107938, -0.000155154, -0.000386845, -0.00253354,
         (207): -0.00108316, -0.00156685, 0.000628391, -0.00238235,
         (211): 0.000955445, -0.00121698, 0.0028466, 0.00484511, -0.00194317,
         (216): 3.79065e-08, -5.27376e-09, -0.00203532, -0.000870101,
         (220): -0.000210629, 0.00049272, 2.12078e-08, 7.91792e-09,
         (224): 2.05346e-08, -4.22473e-08, -0.000186058, 0.00043517,
         (228): 3.71215e-08, 3.19852e-08, 0.000844912, -0.00197645,
         (232): -0.000266861, -0.0006654, -0.00017897, 0.000418725,
         (236): 0.000436933, 0.00108956, -0.000105293, -0.000262598,
         (240): -0.000400643, -0.000998995, 2.6841e-08, 2.12458e-08,
         (244): 0.00245393, 0.00104904, 0.000393557, 0.00098133, 0.000199544,
         (249): 0.000497522, -0.000887511, 0.000355936, 0.000123791,
         (253): -0.000289552, -0.000721695, 0.000289428, 0.000642654,
         (257): 0.000274726, 0.00012702, -0.000297138, 0.0001754,
         (261): -0.000410281, 0, 0, 0, 0, 0, 0, 0, 0, -0.0692421, 0.335635,
         (272): 0.0892738, 0.135683, -0.0687541, 0.0452374, 0.0206124,
         (277): -0.013562, -0.0314393, -0.00648603, 0.00168136, -0.00814995,
         (282): 0.0187616, 0.00387052, -0.00323007, -0.000666366,
         (286): -0.00282991, -0.00430108, 0.00191425, 0.00290942,
         (290): 0.000241079, -0.000158607, 0.00371312, 0.00076601,
         (294): 0.00269556, 0.00409689, 0.00231642, 0.00047786, 0.00648275,
         (299): -0.00426538, 0.00644967, -0.0042436, -0.000637453,
         (303): 0.00308972, -0.000174188, 0.000114629, 0.00835592,
         (307): 0.00172382, 0.00478872, 0.000987923, -0.000306388,
         (311): 0.00148513, 0.000886123, -0.00429531, -0.00106765,
         (315): 0.000702459, -0.000663158, 0.00321445, 0.000791431,
         (319): 0.00120284, 2.07175e-06, -9.96987e-06, 0.0010554, 0.00160405,
         (324): 0.000441472, -0.0021399, 0.000826769, 0.00125658, 0.0017338,
         (329): 0.00263511, 0.000549637, 0.000835376, -0.000201371,
         (333): -0.000306047, -0.00056594, -0.000116757, 0.00123986,
         (337): 0.00188441, -0.00070655, -0.00107386, 0.00152868,
         (341): -0.00100581, -0.000255262, 0.00123733, -0.000881479,
         (345): 0.000579973, 0.000751589, 0.000155043, 2.63013e-06,
         (349): -1.27706e-05, 1.97873e-05, -9.59243e-05, 0, 0, 0, 0, 0, 0, 0,
         (359): 0
         }
      }
   }
   GROUP "KPOINT3" {
      ATTRIBUTE "twfcollect" {
         DATATYPE  H5T_STD_I32LE
         DATASPACE  SIMPLE { ( 1 ) / ( 1 ) }
         DATA {
         (0): 0
         }
      }
      DATASET "BAND0" {
         DATATYPE  H5T_IEEE_F64LE
         DATASPACE  SIMPLE { ( 360 ) / ( 360 ) }
         DATA {
         (0): -0.176727, -0.108595, -0.00538315, 0.00128546, 0.0018585,
         (5): 0.00778311, 0.00307734, 0.0128872, -0.0119104, 0.0193828,
         (10): 0.0160851, 0.00988397, -0.00670634, 0.0109138, -0.00660953,
         (15): 0.0107563, 0.000599451, -0.000143144, 0.0033901, 0.0141971,
         (20): 0.00146911, -0.000350806, -0.00449784, 0.00731975, 0.00256885,
         (25): 0.0107579, 0.00732813, 0.004503, -7.20409e-05, 1.72004e-05,
         (30): -0.00353375, 0.00575078, -0.00398116, 0.00647891, 0.00227995,
         (35): 0.00954801, 0.00210238, 0.00880436, -0.00316502, 0.00515072,
         (40): 0.00461673, 0.00283688, 0.00013315, -3.17917e-05, 0.00430351,
         (45): 0.00264443, 0.00449312, 0.00276093, 0.00385039, 0.002366,
         (50): 0.00140713, 0.00589276, 0.000768705, -0.00018356,
         (54): -0.000476049, 0.000113674, 0.000909397, -0.000217156,
         (58): 0.00260631, 0.00160153, 0.000154636, -3.69257e-05,
         (62): 5.01287e-05, -1.19735e-05, -0.00125595, 0.00204393,
         (66): -3.00481e-05, 7.17618e-06, 0.000709647, 0.00297186,
         (70): 0.000245242, -5.85622e-05, 0.000577131, 0.0024169, 0.00131702,
         (75): 0.000809283, 0.000887618, 0.000545425, -0.000630475,
         (79): 0.00102603, 0.00099359, 0.000610541, 0.000628626, 0.000386277,
         (84): 0, 0, 0, 0, 0, 0, 0.589822, 0.203716, 0.0618932, -0.0301149,
         (94): 0.0198304, 0.0407564, -0.0108219, -0.0222416, 0.0112089,
         (99): -0.0324532, -0.0271905, -0.00939122, -0.00337303, 0.00976603,
         (104): -0.00282589, 0.00818169, -0.00696473, 0.00338879,
         (108): -0.00129157, -0.00265446, -0.0118686, 0.0057748, -0.00166793,
         (113): 0.00482931, 0.00106341, 0.00218563, -0.00955606, -0.0033005,
         (118): -0.00844332, 0.00410821, -0.00251446, 0.00728014,
         (122): -0.00236444, 0.00684581, 0.000272566, 0.000560158,
         (126): -0.00137419, -0.0028243, -0.00158868, 0.00459955,
         (130): -0.00386318, -0.00133432, -0.00538457, 0.0026199,
         (134): -0.00403554, -0.0013938, -0.00324977, -0.00112242,
         (138): -0.00476877, -0.00164704, 0.000746007, 0.0015332,
         (142): -0.00591246, 0.00287677, -0.00402944, 0.00196058,
         (146): -0.00426116, 0.00207331, -0.00191811, -0.000662502,
         (150): -0.0035663, 0.00173525, -0.00238203, 0.001159, -0.00033859,
         (155): 0.000980332, -0.00231545, 0.00112663, 0.000120771,
         (159): 0.000248178, -0.00130762, 0.000636251, -0.000225508,
         (163): -0.000463511, 6.49945e-05, 2.24425e-05, -0.00167751,
         (167): -0.000579387, -0.000216737, 0.000627512, -0.000966933,
         (171): -0.000333967, -0.000806216, -0.00027846, 0, 0, 0, 0, 0, 0,
         (180): 0.44291, 0.430914, 0.158194, -0.00217196, 0.00148754,
         (185): 0.108354, -0.000610555, -0.0444658, -0.0197392, 0.0202888,
         (190): -0.0105843, -0.0102976, 0.0106598, -0.0109566, -0.00200428,
         (195): 0.00206008, -0.0073272, 0.00010061, -3.34854e-05,
         (199): -0.00244024, 0.00202343, -2.7781e-05, 0.00124095,
         (203): -0.00127549, -7.16409e-05, -0.00521834, 0.000532326,
         (207): 0.000517909, 0.0027516, -3.77771e-05, 0.00109173,
         (211): -0.00112212, 0.00440341, -0.00452599, -7.39762e-05,
         (215): -0.00538892, -2.14641e-05, -0.00156392, 0.00242335,
         (219): -0.00249082, 0.00138013, 0.00134275, 0.000188102,
         (223): -2.57759e-06, 0.00163494, 0.00159066, -0.00277276,
         (227): -0.00269765, -0.000627008, -0.000610025, 1.70558e-05,
         (231): 0.00124139, 0.000914839, -1.25621e-05, 0.00287259,
         (235): -3.94338e-05, 0.000982306, -1.34939e-05, -0.00137283,
         (239): -0.00133565, 0.000353581, -4.8534e-06, -0.000694219,
         (243): 9.53765e-06, -0.000102848, 0.000105706, 0.0019039,
         (247): -2.61376e-05, -2.1949e-05, -0.00159901, -0.00128493,
         (251): 1.76474e-05, 1.01891e-05, 0.000742091, 0.000642631,
         (255): 0.000625223, -0.000408026, -0.00039698, 0.000323915,
         (259): -0.000332931, -0.000258022, -0.00025103, 0.000278514,
         (263): 0.000270971, 0, 0, 0, 0, 0, 0, -1.43789e-08, 4.31853e-07,
         (272): 0.00843346, -0.18032, 0.104549, 0.00489015, -0.0841469,
         (277): -0.0039354, -2.16386e-08, -9.00341e-08, 0.00159998,
         (281): -0.00145699, -0.0126727, -0.0139163, 0.0119452, 0.0131174,
         (286): -0.000125947, 0.00269375, -0.00833947, -0.000390085,
         (290): 0.000122507, -0.00261955, -0.00143692, -0.00157798,
         (294): -0.00143445, -6.70867e-05, -0.00190454, 0.00173431,
         (298): -7.84447e-06, 0.000167826, -0.00115548, -0.00126892,
         (302): 2.80205e-08, -6.48511e-09, -0.00208657, -9.7625e-05,
         (306): 0.00412037, 0.000192726, -0.00153267, -0.00168311,
         (310): -0.000171666, 0.000156332, 6.77167e-09, -4.38176e-09,
         (314): -0.000562709, 0.000512409, 1.20872e-08, 1.01271e-08,
         (318): 0.00150937, -0.00137452, -1.74944e-09, -3.05094e-08,
         (322): 6.19661e-05, -0.00132494, 1.95997e-05, -0.00041844,
         (326): -5.80856e-05, 0.00124158, -0.000277835, 0.000253031,
         (330): 5.71538e-05, -0.00122194, 2.28896e-08, -8.7961e-09,
         (334): 0.0014753, 0.00162009, -3.63162e-05, 0.00077651, -0.00104627,
         (339): -4.89355e-05, -1.80401e-05, 0.000385906, -0.000910614,
         (343): -4.25891e-05, 0.000199887, -0.000182025, 0.000330176,
         (347): -0.000300685, 0.000392934, 0.000431487, 0.000273072,
         (351): -0.000248676, 0.00037823, -0.000344435, 0, 0, 0, 0, 0, 0
         }
      }
   }
   GROUP "KPOINT4" {
      ATTRIBUTE "twfcollect" {
         DATATYPE  H5T_STD_I32LE
         DATASPACE  SIMPLE { ( 1 ) / ( 1 ) }
         DATA {
         (0): 0
         }
      }
      DATASET "BAND0" {
         DATATYPE  H5T_IEEE_F64LE
         DATASPACE  SIMPLE { ( 360 ) / ( 360 ) }
         DATA {
         (0): -0.206876, 0.209872, 7.9663e-05, 0.0110742, 0.000154374,
         (5): -1.0908e-06, 0.0148476, -0.000106784, 0.0213092, 0.0210049,
         (10): 0.0154886, -0.015713, 0.00779299, 0.0076817, 0.00927597,
         (15): 0.00914354, -8.72931e-06, -0.00121401, 0.0171852,
         (19): -0.000123561, 0.00715226, 0.00705014, -2.02129e-05,
         (23): -0.0028116, 0.00733506, -0.0074413, 0.0117651, -8.4589e-05,
         (28): 0.00612744, 0.00603995, -2.37276e-06, -0.000330943,
         (32): 0.00399138, 0.00393441, -3.69213e-06, -0.000512488,
         (36): 0.00919153, -6.6089e-05, 0.00388971, -0.00394606, 0.00391685,
         (41): -0.00397358, 0.00843907, -6.06762e-05, 0.00414716, 0.00408796,
         (46): -1.0944e-05, -0.00152195, 0.00356481, -0.00361645,
         (50): 4.86981e-06, 0.000677063, 0.00332607, -0.00337424, 0.00489493,
         (55): -3.51988e-05, -1.12574e-05, -0.00156533, -2.64561e-06,
         (59): -0.000367826, 0.00207794, -0.00210804, 0.00148136, 0.00146021,
         (64): -2.95768e-07, -4.13942e-05, 2.64931e-07, 3.70935e-05,
         (68): 0.00312311, -2.24603e-05, 0.000937325, -0.000950893,
         (72): 0.00246382, -1.77143e-05, -1.52735e-06, -0.000212243,
         (76): 0.000566083, -0.000574283, 0.000820696, -0.000832582,
         (80): 0.000782047, -5.62313e-06, 0.000814745, 0.000803113, 0, 0, 0,
         (87): 0, 0, 0, 0.266596, -0.287877, -0.000703431, -0.0183307,
         (94): 0.0219423, -0.000842061, -0.0124575, 0.000478046, -0.0340018,
         (99): -0.0314883, -0.0156811, 0.0169328, 0.0103902, 0.00962207,
         (104): 0.00807003, 0.00747352, 0.000260106, 0.00677798,
         (108): -0.000799726, 3.07136e-05, 0.00519317, 0.00480925,
         (112): 0.00050695, 0.0132087, -0.00668954, 0.00722353, 0.00318617,
         (117): -0.00012226, 0.00664879, 0.00615727, 0.000346361, 0.00902476,
         (122): 0.00496013, 0.00459348, 0.000286113, 0.00745556, 0.00162277,
         (127): -6.22646e-05, -0.00318101, 0.00343487, -0.00357003,
         (131): 0.00385501, -0.00141956, 5.44888e-05, 0.00391223, 0.00362304,
         (136): 0.000291667, 0.00760016, -0.00285439, 0.00308225,
         (140): 0.000222452, 0.0057962, -0.00140037, 0.00151217, 0.00101589,
         (145): -3.89935e-05, 0.000198078, 0.00516109, 0.000148311,
         (149): 0.00386431, -0.00103756, 0.00112036, 0.00100396, 0.000929742,
         (154): 0.000115459, 0.00300785, 8.26934e-05, 0.0021548, 0.000564207,
         (159): -2.166e-05, -0.00145545, 0.00157165, -0.000333482,
         (163): 1.2787e-05, 3.62576e-05, 0.000944927, -0.000786636,
         (167): 0.000849428, -0.000153759, 0.000166027, -7.91771e-05,
         (171): 3.03498e-06, 0.000474887, 0.000439785, 0, 0, 0, 0, 0, 0,
         (180): 0.38462, 0.661763, 0.14093, 0.0373263, -0.0328528, 0.124039,
         (186): 0.0150368, -0.0567732, -0.0190549, 0.0110748, -0.00989873,
         (191): -0.0170314, 0.00837099, -0.00486526, -0.00485521, 0.00282187,
         (196): -0.00929796, -0.00246262, 0.000797867, -0.00301239,
         (200): -0.00022038, 0.000128101, -0.000688088, -0.000182249,
         (204): -0.000766267, -0.0013184, 0.000585338, -0.00221002,
         (208): 0.00262416, -0.00152517, -0.000337583, -8.93972e-05,
         (212): -0.000875358, 0.000508764, -0.00161621, -0.000428059,
         (216): 0.000782873, -0.0029558, 0.000799562, 0.00137571,
         (220): -0.000801669, -0.00137934, 0.000453606, -0.00171267,
         (224): 0.00129554, -0.000752967, -0.000796348, -0.000210916,
         (228): 0.000524317, 0.000902104, 0.00211364, 0.000559825,
         (232): -0.00147436, -0.00253673, -0.000296189, 0.00111832,
         (236): 4.9559e-05, 1.31209e-05, -0.000498447, -0.000132018,
         (240): -0.000794164, -0.00136641, -0.000245003, 0.000142395,
         (244): 0.00104321, 0.000276303, -0.000858684, -0.000227423,
         (248): 0.000288149, -0.00108794, -0.00056309, -0.00096884,
         (252): -0.000156614, 0.000591293, -0.00104375, -0.000276443,
         (256): 0.000350963, 0.000603851, 0.000201068, 0.000345951,
         (260): 0.000124222, -0.000469011, 0.000161975, -9.41429e-05, 0, 0,
         (266): 0, 0, 0, 0, -6.05019e-08, -1.09678e-07, 0.100449, -0.105708,
         (274): 0.0886552, 0.0842452, -0.0689073, -0.0654794, 1.22452e-07,
         (279): 5.2297e-08, 0.000663345, -1.69041e-05, -0.00044699,
         (283): -0.0175237, 0.000443537, 0.0173879, -0.00131473, 0.00138367,
         (288): -0.00564603, -0.00536518, -3.01024e-05, -0.00118176,
         (292): 0.00209926, -0.00220915, -0.00233771, 5.96298e-05,
         (296): -0.000903787, -0.000858837, 1.7207e-08, 9.71811e-09,
         (300): -0.00056334, 0.000592845, -2.28576e-05, -0.000897109,
         (304): 3.16733e-09, 2.59105e-08, -0.0011749, -0.00111648,
         (308): -6.70237e-05, 1.71546e-06, 0.00210603, -5.37292e-05,
         (312): 0.00224748, 0.00213569, -4.91102e-05, -0.00192594,
         (316): 0.00148163, -0.00155919, -0.000950297, 2.42464e-05,
         (320): 0.000443166, -0.000466339, 1.16224e-09, 3.78405e-09,
         (324): 1.8189e-08, 1.21813e-09, -0.000947735, 0.00099735,
         (328): 0.000805275, -0.000847427, -0.000324766, 8.28623e-06,
         (332): 4.3231e-05, 0.00169512, -0.000391263, 0.000411751,
         (336): -4.386e-11, 1.8611e-08, -0.000736321, -0.0006997,
         (340): 0.000479005, -1.22214e-05, -0.000688419, -0.000654167,
         (344): -0.000149569, 0.000157413, 0.000506368, -1.29145e-05,
         (348): 0.000255178, -6.50845e-06, -5.66105e-05, -5.37976e-05,
         (352): 1.12885e-05, 0.000442349, 0, 0, 0, 0, 0, 0
         }
      }
   }
   GROUP "KPOINT5" {
      ATTRIBUTE "twfcollect" {
         DATATYPE  H5T_STD_I32LE
         DATASPACE  SIMPLE { ( 1 ) / ( 1 ) }
         DATA {
         (0): 0
         }
      }
      DATASET "BAND0" {
         DATATYPE  H5T_IEEE_F64LE
         DATASPACE  SIMPLE { ( 360 ) / ( 360 ) }
         DATA {
         (0): 0.209171, -0.0329509, 0.00337237, -0.00463356, -0.00718389,
         (5): -0.00522855, -0.00958175, -0.00697377, -0.00265609, -0.0168608,
         (10): -0.00265609, -0.0168608, -0.0189496, 0.00298514, -0.00185567,
         (15): -0.0117798, -0.000372419, 0.000511687, -0.000627893,
         (19): 0.000862716, -0.0108473, -0.00789486, -0.00114072,
         (23): -0.00724128, -0.00930258, -0.00677057, -0.00907492,
         (27): -0.00660487, -0.00838921, 0.00132156, -0.00103542, -0.0065728,
         (32): -5.30824e-06, 7.29282e-06, -0.00776503, -0.00565152,
         (36): -0.0009426, -0.00598356, -0.00687566, 0.00108313,
         (40): -0.000904892, -0.00574419, -0.00518725, 0.000817154,
         (44): -0.00539333, -0.00392535, -0.00424101, 0.000668088,
         (48): -0.000114629, 0.000157495, -0.00364157, 0.00057366,
         (52): -0.000469877, 0.000645603, -0.00368699, 0.000580816,
         (56): -0.000255791, 0.000351457, -0.0002558, 0.000351457,
         (60): -0.000153114, 0.000210372, -0.00046491, -0.00295124,
         (64): -0.00029106, 0.000399907, 8.97302e-05, -0.000123289,
         (68): -0.00256852, -0.00186941, 3.52103e-05, -4.8378e-05,
         (72): -0.00180099, 0.000283715, -0.000227243, -0.00144252,
         (76): -0.00143297, 0.000225738, -0.00163668, -0.0011912,
         (80): -0.000924197, 0.000145593, 0, 0, 0, 0, 0, 0, 0, 0, 0.836953,
         (91): -0.101775, 0.156734, -0.200129, 0.0642924, 0.0503516,
         (96): -0.0314798, -0.0246538, -0.000741657, -0.00609937,
         (100): -0.000741695, -0.00609927, -0.0315715, 0.00383915,
         (104): 0.00112835, 0.00927942, -0.00603869, 0.0077106, -0.00709186,
         (109): 0.00905536, -0.00373547, -0.00292551, 0.000489727,
         (113): 0.00402738, -0.00280294, -0.00219514, -0.00198352,
         (117): -0.00155346, -0.00963238, 0.00117133, 0.000795052,
         (121): 0.00653812, -0.00433256, 0.00553212, -0.000269397,
         (125): -0.000210982, 0.000388074, 0.00319151, -0.00658612,
         (129): 0.000800895, 0.000365568, 0.00300613, -0.00281546,
         (133): 0.000342369, 0.00208621, 0.00163386, -0.00286729,
         (137): 0.000348665, -0.00286359, 0.00365643, -0.00357792,
         (141): 0.000435078, -0.00266209, 0.00339913, -0.00356424,
         (145): 0.000433441, -0.00243335, 0.00310708, -0.00243335,
         (149): 0.00310708, -0.0020467, 0.00261339, 0.000191573, 0.00157535,
         (154): -0.00180606, 0.00230611, -0.00133164, 0.00170031,
         (158): -0.000490582, -0.000384209, -0.00101005, 0.0012897,
         (162): 0.000666939, -8.10991e-05, 0.000100116, 0.000823301,
         (166): -0.0012192, 0.000148259, -0.000353111, -0.000276541,
         (170): -0.00127732, 0.000155322, 0, 0, 0, 0, 0, 0, 0, 0, 0.121246,
         (181): 0.236087, -0.17229, -0.0553717, 0.00168798, -0.00525245,
         (186): -0.0182954, 0.0569269, -0.00785674, 0.00403495, -0.00785683,
         (191): 0.00403495, -0.0028583, -0.0055656, 0.0106952, -0.00549264,
         (196): 0.00255756, 0.000821984, -3.29891e-05, -1.0593e-05,
         (200): -0.00145305, 0.00452126, 0.00255018, -0.00130966, 0.00171411,
         (205): -0.00533345, 0.000694335, -0.00216043, 0.00145334,
         (209): 0.00282988, 0.0026651, -0.00136871, 0.00283379, 0.000910729,
         (214): 0.000862929, -0.00268497, 0.00110457, -0.000567258,
         (218): -0.000704587, -0.00137196, 0.00445507, -0.00228798,
         (222): 0.00064254, 0.00125115, 0.000119154, -0.000370711,
         (226): 0.000502126, 0.000977713, 0.0017687, 0.000568438,
         (230): -0.000142594, -0.000277652, 0.00168871, 0.000542739,
         (234): -0.000887404, -0.00172796, 0.000331839, 0.000106643,
         (238): 0.000331843, 0.000106649, -0.000220446, -7.08548e-05,
         (242): 0.00187201, -0.000961401, 0.000270494, 8.6937e-05,
         (246): 0.00139466, 0.00044823, 2.06556e-05, -6.4257e-05, 0.00199618,
         (251): 0.000641542, 0.000360003, 0.000701016, 0.000966801,
         (255): -0.000496516, -0.000111315, -0.000216734, -0.000180913,
         (259): 0.000562904, -0.000293044, -0.000570592, 0, 0, 0, 0, 0, 0, 0,
         (269): 0, 7.412e-07, -1.05795e-07, 0.449391, -0.27378, 0.0286511,
         (275): 0.0470286, -0.0148399, -0.0243585, -0.0102151, 0.0420663,
         (280): 0.0102151, -0.0420662, 6.7355e-08, -1.00578e-08, -0.00330856,
         (285): 0.0136247, -0.00790797, 0.00481777, 0.000695423,
         (289): -0.000423688, -0.00171768, -0.00281945, -0.000311491,
         (293): 0.00128281, 0.00272524, 0.00447326, -0.00367793, -0.00603707,
         (298): 2.0413e-08, -5.40892e-09, 5.01105e-10, -4.6024e-08,
         (302): 0.000851738, -0.000518903, -0.00304581, -0.00499948,
         (306): 0.000328003, -0.00135075, -0.00462104, -0.00112214,
         (310): 0.00111344, -0.00458513, -0.00105126, -0.00025529,
         (314): 0.000539199, 0.000885077, 0.00203089, 0.000493165,
         (318): -0.000408571, 0.000248915, -0.0028589, -0.000694238,
         (322): -5.91367e-05, 3.6032e-05, 0.001434, 0.000348228, 0.001399,
         (327): -0.000852311, -0.001399, 0.000852322, 8.40258e-09,
         (331): -1.23713e-08, -0.000638389, 0.00262887, -0.00191027,
         (335): 0.0011638, 0.00185445, -0.00112977, -0.000530301,
         (339): -0.000870447, 5.28848e-09, -9.11327e-09, -0.000182039,
         (343): -4.42061e-05, -4.89375e-05, 0.000201517, 0.000189163,
         (347): 4.59383e-05, 0.00036097, 0.000592517, 0.000328562,
         (351): 7.97872e-05, 0, 0, 0, 0, 0, 0, 0, 0
         }
      }
   }
   GROUP "KPOINT6" {
      ATTRIBUTE "twfcollect" {
         DATATYPE  H5T_STD_I32LE
         DATASPACE  SIMPLE { ( 1 ) / ( 1 ) }
         DATA {
         (0): 0
         }
      }
      DATASET "BAND0" {
         DATATYPE  H5T_IEEE_F64LE
         DATASPACE  SIMPLE { ( 360 ) / ( 360 ) }
         DATA {
         (0): 0.299578, 0.0602278, 0.0109947, -0.00731384, -0.00178305,
         (5): -0.0026804, -0.00720075, -0.0108246, 0.00413992, -0.0205923,
         (10): -0.0221227, -0.0044476, 0.00300442, -0.0149443, 0.00248453,
         (15): -0.0123583, -0.00106344, 0.000707413, -0.00857972, -0.0128975,
         (20): -0.00186437, 0.00124021, 0.00165938, -0.00825393, -0.00985187,
         (25): -0.00198064, -0.0057206, -0.00859954, -0.00613298,
         (29): -0.00921947, -0.00590099, -0.00887073, 0.00106412,
         (33): -0.00529305, -0.000291293, 0.000193774, 0.00131043,
         (37): -0.00651819, 0.0011336, -0.00563866, -0.00523824, -0.00105312,
         (42): -0.00638098, -0.00128285, -0.000428596, 0.000285112,
         (46): -0.00456107, -0.000916969, -0.00292774, -0.00440116,
         (50): -0.00105877, 0.000704317, -0.000831503, 0.00055313,
         (54): -0.00412774, -0.000829849, -0.00364911, -0.000733627,
         (58): 0.000206963, -0.000137681, -0.000398299, 0.000264955,
         (62): -0.000452971, 0.000301324, 0.000540068, -0.00268636,
         (66): -0.00179413, -0.00269705, 5.61329e-05, -3.73401e-05,
         (70): -0.000427585, 0.000284436, 0.000270739, -0.00134668,
         (74): -0.00130549, -0.000262459, -0.00119436, -0.000240118,
         (78): -0.00143257, -0.000288009, -0.00108488, -0.00163086,
         (82): -0.000359786, -0.000540854, 0, 0, 0, 0, 0, 0, 0.701308,
         (91): 0.332077, 0.158594, -0.0566662, 0.0268951, 0.0752726,
         (96): -0.0141194, -0.0395165, 0.00632485, -0.0133574, -0.0268852,
         (101): -0.0127304, -0.00113346, 0.00239366, -0.00485203, 0.0102469,
         (106): -0.00927561, 0.00331418, -0.00122755, -0.0034357, -0.0112935,
         (111): 0.00403518, -0.00253645, 0.00535664, -0.00927841, -0.0043934,
         (116): 0.000481411, 0.00134732, -0.000757155, -0.00211908,
         (120): -0.000194393, -0.000544038, -0.00283402, 0.00598514,
         (124): -0.00730315, 0.00260942, -0.00216755, 0.00457762,
         (128): -0.00169745, 0.00358487, -0.00254585, -0.00120548,
         (132): -0.00410431, -0.00194343, -0.00567526, 0.0020278,
         (136): -0.00349884, -0.00165672, 0.000642838, 0.00179913,
         (140): -0.00465322, 0.00166261, -0.00475158, 0.00169776,
         (144): -0.00285585, -0.00135227, -0.00255975, -0.00121206,
         (148): -0.00272788, 0.000974671, -0.00305284, 0.00109078,
         (152): -0.00322793, 0.00115335, -0.000764969, 0.00161555,
         (156): -0.00011019, -0.000308394, -0.0019119, 0.000683131,
         (160): -0.0019723, 0.000704715, -0.000339334, 0.000716648,
         (164): 0.000153917, 7.28779e-05, -0.00149907, -0.000709828,
         (168): -0.000867894, -0.000410958, -0.0001077, -0.000301419,
         (172): -6.179e-05, -0.00017294, 0, 0, 0, 0, 0, 0, 0.350414, 0.1404,
         (182): -0.0338583, 0.0144877, 0.00682894, 0.0159597, 0.0172191,
         (187): 0.040242, -0.00738185, 0.0184238, -0.00546129, -0.00218816,
         (192): 0.000517651, -0.00129194, 0.00331257, -0.00826762,
         (196): -0.000251751, 0.000107725, 0.000885293, 0.00206895,
         (200): 0.00102603, -0.000439041, 0.00143859, -0.00359046,
         (204): 0.00263761, 0.00105681, -0.00121651, -0.00284305,
         (208): -0.00160978, -0.00376213, -0.00107351, -0.00250886,
         (212): 0.00122437, -0.00305579, 0.00327048, -0.00139941, 0.00209724,
         (217): -0.00523436, 0.000570597, -0.00142412, 0.00187724,
         (221): 0.000752154, -0.00186706, -0.000748063, 0.00163963,
         (225): -0.000701578, -0.00151229, -0.00060592, -0.000143224,
         (229): -0.000334731, 0.00193627, -0.000828511, 0.000476618,
         (233): -0.000203939, 0.00160313, 0.000642326, -0.000598881,
         (237): -0.000239951, 0.00194894, -0.000833926, 1.68254e-05,
         (241): -7.20446e-06, -3.10839e-05, 1.3297e-05, 0.00051636,
         (245): -0.00128875, -0.000105817, -0.000247292, 0.00194526,
         (249): -0.000832357, -0.000261606, 0.000111941, 0.000296288,
         (253): -0.000739488, 0.000521967, 0.000209135, -0.000707831,
         (257): -0.000283605, -0.0003086, -0.000123647, 0.000290409,
         (261): 0.000678711, -0.000303265, -0.000708743, 0, 0, 0, 0, 0, 0,
         (270): 0.138914, 0.0559844, 0.343741, -0.146263, 0.0368369,
         (275): 0.0865726, -0.0292854, -0.0688254, -0.0178684, 0.0443369,
         (280): 0.00107815, 0.000434512, 0.0131693, -0.0326771, -0.00483789,
         (285): 0.0120043, -0.0112564, 0.00478961, -0.00237066, -0.00557142,
         (290): 0.0059196, -0.00251881, -0.000607331, 0.00150697,
         (294): 0.000959092, 0.000386531, -0.00139201, -0.00327143,
         (298): 0.0014785, 0.00347468, -0.00167358, -0.00393317, 0.000385975,
         (303): -0.000957746, 0.00204976, -0.00087218, 0.00112894,
         (307): -0.00280122, 0.00122319, -0.0030351, 0.00131252, 0.000528963,
         (312): -0.00266488, -0.00107399, -0.000920554, 0.000391694,
         (316): 0.00145111, 0.000584819, 0.000344509, 0.00080966, 0.00107968,
         (321): -0.00045941, 0.00248572, -0.00105768, 0.00169531,
         (325): 0.000683226, -0.00147568, -0.000594714, 0.00161695,
         (329): -0.000688025, -0.000932593, 0.000396818, 0.00154749,
         (333): -0.000658461, -0.000579229, 0.00143726, -0.00057785,
         (337): -0.00135804, 0.0009165, -0.000389971, -0.0018457,
         (341): 0.000785349, -0.00020122, 0.000499298, 8.73867e-05,
         (345): 3.52154e-05, 0.000361672, 0.000145757, 0.000112076,
         (349): 4.51695e-05, 4.49907e-05, 0.000105734, -7.37922e-06,
         (353): -1.7347e-05, 0, 0, 0, 0, 0, 0
         }
      }
   }
   GROUP "KPOINT7" {
      ATTRIBUTE "twfcollect" {
         DATATYPE  H5T_STD_I32LE
         DATASPACE  SIMPLE { ( 1 ) / ( 1 ) }
         DATA {
         (0): 0
         }
      }
      DATASET "BAND0" {
         DATATYPE  H5T_IEEE_F64LE
         DATASPACE  SIMPLE { ( 360 ) / ( 360 ) }
         DATA {
         (0): 0.474571, -0.201755, 0.0124494, -0.0308627, 0.0150014,
         (5): 0.00605127, -0.0167195, -0.00674431, -0.0115385, -0.0271409,
         (10): -0.0274479, 0.011669, -0.00444096, -0.0104461, -0.00429608,
         (15): -0.0101053, -0.00130908, 0.00324531, -0.0166142, -0.00670184,
         (20): -0.00331585, -0.0077996, -0.00202411, 0.00501791, -0.0122208,
         (25): 0.00519542, -0.00965518, -0.0038947, -0.0025563, -0.00601294,
         (30): -0.00980115, -0.00395358, -0.00900291, -0.00363158,
         (34): -0.000796367, 0.00197424, -0.000696723, 0.00172716,
         (38): -0.00130252, -0.00306384, -0.00182069, -0.00428266,
         (42): -0.00524091, 0.00222806, -0.00586306, 0.00249256, -0.0058272,
         (47): 0.00247732, -0.00102722, 0.00254653, -0.000977539, 0.00242339,
         (52): -0.00419916, 0.00178521, -5.27134e-05, 0.000130701,
         (56): -0.00364996, -0.00147231, -0.00364021, 0.00154756,
         (60): -0.000505615, 0.00125345, -0.000304687, 0.000755322,
         (64): -0.000830965, -0.0019546, -0.00301181, -0.0012149,
         (68): -0.000103017, 0.000255403, -0.00178916, 0.000760626,
         (72): -0.000265245, 0.000657558, -0.000470692, -0.00110718,
         (76): -0.00173004, -0.000697864, -0.000787356, -0.000317599,
         (80): -0.000921369, 0.000391702, -0.00141487, 0.000601504,
         (84): -7.13134e-05, -0.000167752, -0.000832456, 0.0003539, 0, 0,
         (90): 0.422746, -0.267866, 0.0182246, -0.0812637, 0.0573653,
         (95): 0.012865, -0.0326819, -0.0073294, -0.0139083, -0.02195,
         (100): -0.0182309, 0.0115517, 0.00644885, 0.0101776, 0.00820685,
         (105): 0.0129521, -0.00176494, 0.0078699, 0.00158019, 0.000354395,
         (110): 0.00540593, 0.00853165, -0.00266068, 0.0118641, -0.00732049,
         (115): 0.00463848, 0.00455857, 0.00102233, 0.00467962, 0.0073854,
         (120): 0.000757137, 0.000169817, 0.00270457, 0.000606533,
         (124): -0.00165347, 0.00737287, -0.00179274, 0.00799387, 0.00387648,
         (129): 0.00611788, 0.00307164, 0.00484767, -0.00229981, 0.00145721,
         (134): -0.00266766, 0.00169032, -0.00142382, 0.000902181,
         (138): -0.00130621, 0.00582439, -0.00118071, 0.00526484,
         (142): -0.00236409, 0.00149795, -0.000921158, 0.00410747, 0.001867,
         (147): 0.000418702, -0.00120299, 0.000762261, -0.000745027,
         (151): 0.00332208, -0.00054635, 0.00243619, 0.00122644, 0.00193557,
         (156): 0.00065157, 0.000146119, -0.000586707, 0.00261614,
         (160): -0.00151168, 0.000957846, -0.00026635, 0.00118764,
         (164): 0.000521975, 0.000823788, 5.83703e-05, 1.30946e-05,
         (168): 6.42197e-06, 1.43982e-06, -4.08876e-05, 2.59108e-05,
         (172): -0.000346001, 0.00021923, 0.000725047, 0.00114428,
         (176): -0.00036922, 0.000233947, 0, 0, -0.547103, 0.233825,
         (182): -0.043854, 0.109318, -0.0758235, -0.0304174, 0.00903178,
         (187): 0.00362321, -0.0146906, -0.0343728, 0.00818277, -0.00349722,
         (192): 0.00372113, 0.00870667, -0.00036436, -0.000852528,
         (196): 0.00290672, -0.0072458, 0.000497715, 0.000199659,
         (200): 0.000409421, 0.000957955, -0.000572066, 0.00142603,
         (204): -0.00156684, 0.000669648, 0.00113349, 0.000454711,
         (208): 0.00136153, 0.00318569, 0.001407, 0.000564436, 0.00176864,
         (213): 0.000709511, 4.98362e-05, -0.000124235, -0.000634749,
         (217): 0.00158228, 0.000360292, 0.000843, 0.000447167, 0.00104628,
         (222): -0.00263371, 0.00112562, 0.000959212, -0.000409956,
         (226): 0.00200187, -0.000855578, -0.000143293, 0.0003572,
         (230): -0.000621484, 0.00154922, -0.00152551, 0.000651986,
         (234): -0.000805061, 0.00200683, -0.000481822, -0.000193288,
         (238): 0.00083083, -0.000355085, -5.20193e-05, 0.000129673,
         (242): 0.000271975, -0.00067797, 1.89922e-05, 4.44341e-05,
         (246): 0.000425488, 0.000170691, -0.000630449, 0.00157157,
         (250): 0.000852191, -0.000364216, 0.000397334, -0.00099046,
         (254): 3.74517e-05, 8.76301e-05, -0.000675299, -0.000270903,
         (258): 0.000867464, 0.000347993, -0.000294742, 0.000125969,
         (262): 0.000330526, -0.000141263, 0.000263657, 0.000616901,
         (266): -0.000381472, 0.000163038, 0, 0, -0.080662, 0.0291259,
         (272): -0.108464, 0.231061, -0.0867674, -0.0407299, 0.0927067,
         (277): 0.0435179, -0.0116228, -0.0321885, -0.000189538, 6.84399e-05,
         (282): 0.00822502, 0.0227785, -0.00474265, -0.0131344, 0.00501258,
         (287): -0.0106783, 0.00651268, 0.00305715, -0.0016132, -0.00446763,
         (292): -0.00231516, 0.00493199, 0.00102145, -0.000368829,
         (296): 0.000722897, 0.000339328, -0.000233272, -0.000646023,
         (300): -0.00295959, -0.00138927, 0.00141195, 0.000662787,
         (304): 0.000943508, -0.00200996, 0.000288811, -0.00061528,
         (308): -0.000440747, -0.0012206, 0.000665583, 0.00184327,
         (312): -0.000729305, 0.000263341, -0.00168101, 0.000606983,
         (316): 0.00126126, -0.000455424, -0.00107697, 0.00229428,
         (320): 3.48929e-05, -7.43363e-05, -1.58688e-05, 5.73419e-06,
         (324): -0.000197063, 0.000419813, -0.000857094, -0.000402331,
         (328): 0.00082469, -0.000297785, -0.000610063, 0.00129962,
         (332): 0.000381347, -0.000812391, -0.000414181, -0.00114705,
         (336): 0.00109846, 0.000515629, -8.09049e-05, 0.000172355,
         (340): -0.000706234, 0.000255012, 0.000593466, -0.00126427,
         (344): -0.000268101, -0.000742493, 0.000489868, 0.000229951,
         (348): -0.000432723, -0.000203126, 5.7679e-05, -2.08263e-05,
         (352): -0.000132866, 4.79745e-05, -0.000169561, -0.000469585,
         (356): -0.000593932, 0.00021446, 0, 0
         }
      }
   }
   GROUP "KPOINT8" {
      ATTRIBUTE "twfcollect" {
         DATATYPE  H5T_STD_I32LE
         DATASPACE  SIMPLE { ( 1 ) / ( 1 ) }
         DATA {
         (0): 0
         }
      }
      DATASET "BAND0" {
         DATATYPE  H5T_IEEE_F64LE
         DATASPACE  SIMPLE { ( 360 ) / ( 360 ) }
         DATA {
         (0): 0.198477, 0.462107, 0.0445987, 0.0177987, -0.00428832,
         (5): 0.0107454, 0.00529652, -0.0132716, 0.0169287, -0.00727096,
         (10): 0.0169287, -0.00727095, -0.0113587, -0.0264461, 0.010398,
         (15): -0.004466, 0.00613407, -0.0153703, -0.0026015, -0.00103823,
         (20): -0.00376515, -0.00150262, 0.00699527, -0.0030045, -0.00494154,
         (25): -0.0115052, 0.00493739, -0.0123718, 0.00423026, -0.0105999,
         (30): 0.00348684, -0.00873707, 0.00449749, -0.0019317, -0.00330072,
         (35): -0.00768495, 0.00337411, -0.0014492, -0.00119894, -0.00047848,
         (40): 0.0049652, -0.00213257, -0.00211179, -0.00491682, -0.00132712,
         (45): -0.000529646, -0.00189487, -0.000756216, -0.00190162,
         (49): -0.00442749, 0.0016156, -0.00404825, -0.00195049, -0.00454125,
         (54): -0.00136157, -0.000543384, -0.00136157, -0.000543385,
         (58): 0.00262025, -0.00112541, -0.001432, -0.00333408, -0.00113323,
         (63): -0.000452258, -0.00106715, -0.000425886, 0.00127474,
         (67): -0.00319415, -0.000135203, -5.39604e-05, -3.16528e-05,
         (71): -1.26321e-05, 0.00126453, -0.000543116, -0.000701229,
         (75): -0.00163265, 0.000321035, -0.000804423, -0.000430921,
         (79): -0.0010033, -0.000616529, -0.00143544, 0.000575564,
         (83): -0.000247205, 0.000206653, -8.87601e-05, -0.000276733,
         (87): -0.000644308, 0, 0, 0.336111, 0.617638, 0.257456, 0.0759957,
         (94): -0.022577, 0.0764857, 0.0124191, -0.0420732, 0.000806818,
         (99): -0.000439071, 0.000806821, -0.000439058, -0.0116061,
         (103): -0.0213274, -0.0124983, 0.00680144, 0.000266064,
         (107): -0.000901374, -0.00982337, -0.00289966, -0.0109026,
         (111): -0.00321823, -0.0075809, 0.00412543, -0.00418966,
         (115): -0.00769892, -0.000282321, 0.000956467, -0.000263898,
         (119): 0.000894004, -0.000698698, 0.00236702, -0.00426765,
         (123): 0.0023224, -0.00192979, -0.00354618, -0.00593719, 0.00323094,
         (128): -0.00662284, -0.00195492, -0.00450847, 0.00245345,
         (132): -0.000851791, -0.00156525, -0.0057808, -0.00170637,
         (136): -0.0050466, -0.00148965, -0.00136968, -0.00251693,
         (140): -0.00066989, 0.00226944, -0.00103661, -0.00190489,
         (144): -0.00368137, -0.00108666, -0.00368137, -0.00108667,
         (148): -0.00264178, 0.00143763, -0.00102151, -0.00187712,
         (152): -0.00290382, -0.000857145, -0.0024381, -0.000719677,
         (156): 1.64822e-05, -5.58372e-05, -0.00216629, -0.000639445,
         (160): -0.00194141, -0.000573061, -0.0011427, 0.000621843,
         (164): -0.000306268, -0.000562798, 0.000110521, -0.00037442,
         (168): 4.81423e-05, 8.8465e-05, -0.000569038, -0.00104567,
         (172): -0.000786978, 0.000428265, -0.00101423, 0.000551934,
         (176): -0.000747314, -0.00137326, 0, 0, -0.0548899, -0.325979,
         (182): 0.122533, 0.0872144, 0.00541849, -0.00761275, 0.0315938,
         (187): -0.0443879, 0.00762928, -0.00128466, 0.00762928, -0.00128466,
         (192): 0.000502323, 0.00298321, -0.00845423, 0.00142356, 0.00215843,
         (197): -0.0030325, -0.00210379, -0.00149742, -0.000597334,
         (201): -0.000425155, -0.00453211, 0.000763133, -0.000545046,
         (205): -0.00323689, -0.00245843, 0.003454, -0.000367931,
         (209): 0.000516924, -0.000731389, 0.00102757, -0.000235777,
         (213): 3.9703e-05, 9.30892e-05, 0.00055282, -0.00303734, 0.00051144,
         (218): -0.00225859, -0.00160758, -0.00342585, 0.000576857,
         (222): -0.000315003, -0.00187074, -0.00172033, -0.00122447,
         (226): -0.00209945, -0.00149431, -2.15443e-06, -1.27905e-05,
         (230): -0.0001979, 0.000278041, 0.000235427, 0.00139815,
         (234): -8.38242e-05, -5.96631e-05, -8.3825e-05, -5.96631e-05,
         (238): -0.00166417, 0.000280225, -0.000166501, -0.000988808,
         (242): 0.000181811, 0.000129411, -0.000183924, -0.000130912,
         (246): 0.000245998, -0.000345615, -0.000934216, -0.000664945,
         (250): -0.00140926, -0.00100306, -0.000621737, 0.000104691,
         (254): 8.8189e-06, 5.23768e-05, -0.000717587, 0.00100818,
         (258): -0.000121384, -0.000720874, 0.000127547, 0.000757465,
         (262): -0.000971978, 0.000163667, -0.00111759, 0.000188186,
         (266): 4.22494e-05, 0.000250915, 0, 0, 1.72617e-07, 9.3256e-07,
         (272): 0.505728, -0.376841, 0.0211541, 0.0283903, -0.0130079,
         (277): -0.0174576, -0.00745948, 0.0510777, 0.00745922, -0.0510777,
         (282): 1.2197e-09, 7.17263e-08, -0.00137089, 0.00938695, -0.0018764,
         (287): -0.00251825, -0.00828812, 0.00617573, 0.00100315,
         (291): -0.00074737, -0.000479763, 0.00328541, -6.96985e-09,
         (295): 5.98305e-08, 0.0019118, 0.00256569, -0.0024345, -0.00326717,
         (300): -0.00207986, -0.00279126, 2.21996e-05, -0.000151584,
         (304): -0.00385487, -0.000562961, 3.65207e-08, -1.22652e-08,
         (308): 0.00106971, -0.000797035, 0.000440047, -0.00301316,
         (312): -0.000477923, -6.97507e-05, -0.000663296, 0.000494251,
         (316): 4.68152e-05, -3.48376e-05, -0.00264795, -0.000386692,
         (320): 0.000295544, 0.000396611, 0.00139032, 0.000203025,
         (324): 0.00177225, -0.00132057, -0.00177223, 0.00132057,
         (328): -0.000276319, 0.00189217, 0.00171975, 0.000251159,
         (332): 3.45922e-08, 1.96955e-08, -0.00192271, 0.00143269,
         (336): -0.000402336, -0.000539965, 0.00151185, -0.00112655,
         (340): 2.87078e-08, 1.75429e-08, -0.000102607, 0.000702588,
         (344): -0.000157864, -2.30561e-05, -7.39843e-05, -9.92901e-05,
         (348): -0.000386819, -5.64808e-05, 0.000495851, 7.24058e-05,
         (352): -0.000101543, 0.00069534, 1.40683e-08, -2.30682e-09,
         (356): -0.000103773, -1.51474e-05, 0, 0
         }
      }
   }
   GROUP "KPOINT9" {
      ATTRIBUTE "twfcollect" {
         DATATYPE  H5T_STD_I32LE
         DATASPACE  SIMPLE { ( 1 ) / ( 1 ) }
         DATA {
         (0): 0
         }
      }
      DATASET "BAND0" {
         DATATYPE  H5T_IEEE_F64LE
         DATASPACE  SIMPLE { ( 360 ) / ( 360 ) }
         DATA {
         (0): 0.245024, -0.198458, 0.00213121, -0.0202976, -0.0011564,
         (5): -0.000121406, -0.0133577, -0.00140255, -0.00973598, -0.0120204,
         (10): -0.009736, -0.0120204, -0.0140538, 0.0113829, -0.00757656,
         (15): -0.0093543, -0.000232782, 0.00221713, -0.0130959, -0.00137505,
         (20): -0.0130959, -0.00137506, -0.000183179, 0.00174459,
         (24): -0.00431737, -0.00533038, -0.00431737, -0.00533038,
         (28): -0.0109253, -0.00114715, -0.00384179, -0.00474322,
         (32): -2.19261e-05, 0.000208835, -0.00658538, 0.00533387,
         (36): -0.00658538, 0.00533387, -0.0082192, -0.000863012,
         (40): -0.00303532, -0.00374751, -0.00367116, 0.00297348,
         (44): -0.00584113, -0.000613313, -0.00357051, 0.00289196,
         (48): -0.00357051, 0.00289196, -7.66527e-05, 0.000730066,
         (52): -0.000110631, 0.00105368, -0.00011063, 0.00105367,
         (56): -7.66557e-05, 0.000730066, -0.0033496, 0.00271303, -0.0038591,
         (61): -0.000405203, -0.000104269, 0.000993038, -0.000104263,
         (65): 0.000993037, -0.00151093, -0.00186545, -2.13661e-05,
         (69): 0.000203525, -0.000864773, -0.00106768, -1.0125e-05,
         (73): 9.64167e-05, -0.00118172, 0.000957145, -0.0021938,
         (77): -0.000230347, -0.00116944, 0.000947195, -0.000510281,
         (81): -0.000630013, -0.000879387, 0.000712264, -0.000879387,
         (85): 0.000712267, -0.000656267, -6.89075e-05, 0, 0, -0.0215977,
         (91): 0.864645, 0.121887, 0.128132, -0.0632497, 0.0601669,
         (96): 0.0150947, -0.014359, -0.000417344, -1.04137e-05,
         (100): -0.000417342, -1.04261e-05, 0.000591229, -0.0236692,
         (104): -0.00963756, -0.000240733, -0.00682016, -0.0071696,
         (108): 0.00172295, -0.00163898, 0.00172295, -0.00163898,
         (112): -0.00635033, -0.0066757, -0.00397074, -9.91815e-05,
         (116): -0.00397074, -9.91835e-05, 0.00208428, -0.00198269,
         (120): -0.00623357, -0.000155707, -0.00452623, -0.00475814,
         (124): 0.000172206, -0.00689392, 0.000172207, -0.00689392,
         (128): 0.000261024, -0.000248308, -0.00245668, -6.13609e-05,
         (132): 0.000113519, -0.00454466, -0.00178354, 0.00169662,
         (136): 5.56318e-05, -0.00222713, 5.56285e-05, -0.00222713,
         (140): -0.00295035, -0.00310152, -0.00318848, -0.00335185,
         (144): -0.00318848, -0.00335185, -0.00295035, -0.00310152,
         (148): 9.13129e-05, -0.00365555, 0.000708831, -0.00067428,
         (152): -0.00213497, -0.00224436, -0.00213497, -0.00224436,
         (156): -0.00113243, -2.82906e-05, -0.00129716, -0.00136362,
         (160): -0.000963653, -2.40678e-05, -0.000794998, -0.000835733,
         (164): -1.30517e-05, 0.000522514, -1.0462e-05, 9.95388e-06,
         (168): 2.5222e-05, -0.00100971, -0.000739117, -1.84629e-05,
         (172): 3.41065e-05, -0.0013654, 3.41062e-05, -0.0013654,
         (176): 0.000221061, -0.000210287, 0, 0, 2.92787e-08, 9.18359e-08,
         (182): 0.441505, -0.00456935, 0.000989671, 0.0956364, -0.014857,
         (187): -0.0406893, -0.0180417, -0.00122985, 0.0261942, -0.026742,
         (192): 0.0012043, 0.00035097, -0.0125016, 0.0127631, -0.0027921,
         (197): -0.00251589, -0.00189662, -0.00702622, 0.00176996,
         (201): -0.00521484, 0.000527403, -0.000209916, 0.000894635,
         (205): -0.00133623, 0.00110745, -0.000707735, 5.72308e-05,
         (209): 0.00553047, 0.000466454, -0.00160038, 0.000742775,
         (213): -0.000315929, -0.0033329, -0.000971374, 0.00014652,
         (217): -0.00214971, 0.00122961, -0.00269646, 0.00214666,
         (221): 0.000146319, -0.000744135, -0.00180855, -0.000310561,
         (225): 0.000270915, -0.00114356, -0.000813172, 0.000394458,
         (229): 0.00088831, 0.000148696, 0.000170455, 0.00198462,
         (233): -2.0543e-05, -0.000630294, -0.000722509, 0.000319493,
         (237): -0.000175303, 0.00212136, 0.00108691, -0.000135352,
         (241): -0.00124626, -0.00145588, 0.00068371, -0.00079181,
         (245): -0.000660447, -0.00169955, 0.00166703, 0.000988627,
         (249): 0.000469576, -0.000526651, 0.000525654, -0.000912762,
         (253): 0.00050077, 0.000158031, 7.47009e-05, -0.000330871,
         (257): 1.87184e-05, 0.000349671, 0.000342517, 0.000192645,
         (261): -0.000660989, 0.000460732, 0.000200552, 8.02839e-05,
         (265): 0.000329386, -8.32997e-05, -4.10502e-05, 0, 0, -3.64635e-07,
         (271): 2.59009e-07, -0.142185, -0.154479, 0.0334616, -0.0307996,
         (276): -0.0209629, -0.0219637, 0.0247365, -0.0279145, -0.0177848,
         (281): -0.000736886, 0.0012336, 0.000299214, 0.00848814,
         (285): 0.000351723, 0.007081, -0.000208724, -0.00330828,
         (289): -0.00216777, -0.000974718, 0.00610996, 0.000326767,
         (293): -0.000279788, -0.000338655, -0.000636836, -0.00102068,
         (297): 0.000580592, 0.00193505, -0.00178109, 0.000397701,
         (301): -0.00163923, 0.000509584, -0.000403466, -0.00341387,
         (305): -0.000828189, 0.00332604, 0.00294736, -0.000357492,
         (309): 0.00392302, -0.00294319, 0.00332138, 0.00154348, 0.00192834,
         (314): -5.12501e-05, -0.00084847, -0.000476215, 0.000352904,
         (318): -0.000716219, -0.000928719, -0.000465659, 2.81596e-05,
         (322): -0.000639148, -0.000694374, 0.00197391, -0.000119161,
         (326): 0.000314885, -0.000191943, 0.001494, -9.50367e-05,
         (330): -0.000493099, 0.000103845, -0.00115538, 0.000820965,
         (334): 0.00187924, -3.44899e-05, 0.00119717, -5.06272e-05,
         (338): -0.00148393, -0.00012234, 0.000365209, -2.54e-06,
         (342): -0.000899587, 0.000548287, 0.000120355, 1.25403e-06,
         (346): -0.000147725, -0.000810235, 9.63516e-06, -0.000232545,
         (350): 0.000164252, -0.000677048, 0.000375926, 2.65264e-05,
         (354): -0.000361031, -0.000386328, -5.29951e-05, -0.000188109, 0, 0
         }
      }
   }
}
}
