HDF5 "tempdir_hdf5/evc.hdf5_7" {
GROUP "/" {
   GROUP "KPOINT1" {
      ATTRIBUTE "twfcollect" {
         DATATYPE  H5T_STD_I32LE
         DATASPACE  SIMPLE { ( 1 ) / ( 1 ) }
         DATA {
         (0): 0
         }
      }
      DATASET "BAND0" {
         DATATYPE  H5T_IEEE_F64LE
         DATASPACE  SIMPLE { ( 384 ) / ( 384 ) }
         DATA {
         (0): 0.667575, -0.675173, 0.106489, -0.000602604, -0.00051827,
         (5): -0.0915864, -0.0180874, 0.000102354, -0.00421665, -0.0041692,
         (10): 0.00281131, 0.00277967, -0.0139322, 7.88396e-05, -0.0017317,
         (15): -0.00171221, -0.0017317, -0.00171221, -0.0141122, 0.0142729,
         (20): -0.0117707, 0.0119046, 6.0069e-05, 0.0106155, -0.0108093,
         (25): 6.11685e-05, -0.000174174, -0.000172212, 5.60267e-05,
         (29): 0.0099008, -0.00770615, 0.00779385, 3.57649e-05, 0.00632035,
         (34): 3.49644e-05, 0.00617873, 3.68142e-05, 0.00650572, -0.0056828,
         (39): 3.21567e-05, 2.972e-05, 0.00525238, -0.00418766, 0.00423533,
         (44): -0.00375594, 0.00379869, -0.00375594, 0.00379869, -0.00327212,
         (49): 0.00330936, 1.83064e-05, 0.00323499, -0.00299741, 1.69625e-05,
         (54): 1.72146e-05, 0.00304206, -0.00272067, 1.53962e-05,
         (58): 1.41481e-05, 0.00250027, -0.00208116, 0.00210485, -0.00132404,
         (63): 7.49341e-06, 8.1593e-05, 8.06743e-05, -1.91304e-05,
         (67): -1.89159e-05, -1.91309e-05, -1.89158e-05, 6.51772e-06,
         (71): 0.0011517, 9.46141e-05, 9.35497e-05, -5.38378e-05,
         (75): -5.32316e-05, -5.38376e-05, -5.32323e-05, -5.38374e-05,
         (79): -5.32321e-05, 3.35253e-07, 3.31619e-07, -0.000864276,
         (83): 0.000874112, -0.000864276, 0.000874113, 0, 0, 0, 0, 0, 0, 0,
         (93): 0, 0, 0, -0.0113832, 0.0458853, -0.112417, 0.0677272,
         (100): 0.053871, 0.089418, 0.00148228, -0.000893041, -0.0471989,
         (105): -0.0117091, 0.00548828, 0.00136152, 0.0126823, -0.00764063,
         (110): 0.0231933, 0.00575378, 0.0231933, 0.00575378, -4.51499e-05,
         (115): 0.000181955, -0.000633302, 0.0025528, -0.00577201,
         (119): -0.00958067, 0.00478585, -0.0028833, 0.00368794, 0.000914902,
         (124): 0.0064845, 0.0107633, -0.000733656, 0.00295727, 0.00119425,
         (129): 0.00198228, 0.00314251, 0.00521608, 0.00351783, 0.00583907,
         (134): 0.00118115, -0.000711606, 0.00126097, 0.00209304,
         (138): 0.000361253, -0.00145623, -0.000677896, 0.00273253,
         (142): -0.000677895, 0.00273254, 0.000589266, -0.00237534,
         (146): 0.00191786, 0.00318334, 6.32128e-05, -3.80786e-05,
         (150): 0.00163671, 0.00271667, 0.000984639, -0.000593218,
         (154): -0.00105607, -0.00175293, -1.15879e-05, 4.66944e-05,
         (158): 0.000481709, -0.000290205, 0.00162459, 0.000403025,
         (162): 0.00106109, 0.000263231, 0.00106108, 0.000263235,
         (166): 0.000167876, 0.000278636, 0.00085205, 0.000211382,
         (170): 0.000131269, 3.25672e-05, 0.000131269, 3.25607e-05,
         (174): 0.00013127, 3.25661e-05, -0.000661351, -0.000164065,
         (178): -0.000210827, 0.000849804, -0.000210826, 0.000849802, 0, 0,
         (184): 0, 0, 0, 0, 0, 0, 0, 0, -2.67439e-08, 6.8148e-08, 0.487338,
         (195): -0.141953, -0.0641755, -0.22032, -0.0362506, 0.0105591,
         (200): -5.07063e-08, -1.84255e-08, 0.0376479, 0.0206629, -0.0196813,
         (205): -0.00244467, 0.00879902, -0.00728424, -0.0184511, -0.0101268,
         (210): -0.000422722, 0.000770194, -0.00132431, 0.00073415,
         (214): -0.000751308, -0.00257931, -0.0147335, -0.00422409,
         (218): 0.000780967, -0.00365958, 0.00378976, -0.00280735,
         (222): -0.0061564, 0.00168716, 0.000205661, 1.937e-05, -0.000565414,
         (227): -0.00194114, -0.00123607, -0.00424352, 0.00589817,
         (231): -0.00171803, -0.000690562, -0.000251205, 0.00167087,
         (235): -0.00304431, -0.0013591, 0.0030374, 0.0028403, -0.0012482,
         (240): 0.00107196, 0.00129489, -0.00102567, 0.0012916, -0.000881334,
         (245): 0.00168816, -0.000290361, 0.0023159, -0.000309805,
         (249): 0.00177305, 0.000229838, 3.85751e-05, 0.000739668,
         (253): -0.000817793, -0.000650519, 0.00031763, 4.54236e-05,
         (257): -0.000533858, -0.000540388, 0.000447357, 0.00113317,
         (261): 0.000621935, 0.000177662, 0.000426575, 0.000531578,
         (265): 0.000958901, -0.000167512, 0.000753352, 0.0010746,
         (269): 0.000882925, -0.000847565, 8.69714e-05, 0.000284598,
         (273): 0.000513397, 0.000621631, -0.00113262, 0.000447139,
         (277): 0.000540126, 0, 0, 0, 0, 0, 0, 0, 0, 0, 0, -7.62517e-08,
         (289): 9.61189e-08, -0.12818, -0.319279, -0.14435, 0.0579533,
         (294): 0.00953531, 0.0237507, -7.38038e-08, -6.42528e-08, 0.0114328,
         (299): -0.02677, 0.0116021, -0.002188, 0.0208696, -0.00897509,
         (304): -0.00560337, 0.0131207, 0.000547566, 0.000233883,
         (308): 0.000315265, -0.00116105, -0.00168974, 0.000678447,
         (312): 0.0105674, -0.00605386, 0.00637887, -0.00147285, 0.00665917,
         (317): 0.0043596, 2.60667e-05, -0.00734449, 0.000381963,
         (321): 0.000152349, -0.0012719, 0.000510633, -0.00277994,
         (325): 0.00111615, -0.00155135, -0.00386411, -0.00130347,
         (329): -0.000419396, -0.00216464, -0.000924483, 0.00222885,
         (333): 0.00138496, -0.000403934, 0.00285839, 0.00132069, 0.00307093,
         (338): -0.00173959, -0.00144147, -0.000893107, 0.00321753,
         (342): -0.000262658, -0.00136766, -0.00124095, 0.00330704,
         (346): 0.000428307, 0.000161482, -0.000516245, 0.000188455,
         (350): 7.04256e-05, 0.000662307, 0.000853092, -0.00015771,
         (354): -0.00128158, 0.000551169, 0.00034413, -0.000805713,
         (358): 0.000377984, -7.02839e-05, -0.000840768, -0.000228351,
         (362): -0.00132065, 0.000308673, -0.000114141, -0.000698339,
         (366): -0.00108677, 0.000726589, -0.000450166, -0.000122266,
         (370): -0.000805497, -0.000344061, 0.000551004, 0.0012813, 0, 0, 0,
         (377): 0, 0, 0, 0, 0, 0, 0
         }
      }
   }
   GROUP "KPOINT10" {
      ATTRIBUTE "twfcollect" {
         DATATYPE  H5T_STD_I32LE
         DATASPACE  SIMPLE { ( 1 ) / ( 1 ) }
         DATA {
         (0): 0
         }
      }
      DATASET "BAND0" {
         DATATYPE  H5T_IEEE_F64LE
         DATASPACE  SIMPLE { ( 384 ) / ( 384 ) }
         DATA {
         (0): 0.79101, 0.137599, 0.0651676, 0.0926141, 0.0402378, -0.0283131,
         (6): 0.00603421, -0.0346888, -0.0127178, -0.0180742, -0.00220059,
         (11): 0.0126505, -0.00966887, 0.00680346, -0.000675629, 0.00388393,
         (16): -0.00508828, -0.00723131, -0.0231028, -0.00401879,
         (20): -0.000547741, 0.00314874, -0.00586837, -0.00833994,
         (24): -0.000868242, 0.00499124, -0.0116905, 0.00822596, -0.0134476,
         (29): -0.00233924, -0.00959744, 0.00675321, -0.0138092, -0.00240215,
         (34): -0.00885922, 0.00623376, -0.00813181, -0.00141456, -0.0075042,
         (39): 0.0052803, -0.00642921, -0.00111838, -0.00642923, -0.00111839,
         (44): -0.00202674, -0.00288035, -0.00460327, -0.000800758,
         (48): -0.00383187, 0.00269628, -0.00183806, -0.0026122, -0.00428482,
         (53): 0.00301499, -0.00337097, 0.00237197, -0.00272283, -0.00047364,
         (58): -8.70763e-05, 0.00050059, -0.00104335, -0.00148277,
         (62): -0.000149544, 0.00085968, -0.000656156, -0.000932506,
         (66): -0.00012921, 0.000742781, -0.000234298, -0.000332975,
         (70): -0.000234302, -0.000332977, -0.000979825, 0.000689449,
         (74): -0.00170966, -0.000297398, -9.92864e-05, 0.000570761,
         (78): -9.51739e-05, 0.000547114, -0.000843512, 0.000593531,
         (82): -0.00111913, 0.000787468, 0, 0, 0, 0, 0, 0, 0, 0, 0, 0, 0, 0,
         (96): 0.291452, -0.370978, 0.160178, -0.0192297, -0.00904185,
         (101): -0.0753163, 0.0285155, 0.0224027, -0.025006, 0.00300201,
         (106): -0.0071842, -0.00564413, 0.000698958, 0.00582213, -0.0141962,
         (111): -0.011153, -0.0117299, 0.0014082, -0.00419758, 0.00534294,
         (116): -0.0090583, -0.00711648, -0.0136009, 0.00163282, -0.0135329,
         (121): -0.0106319, -0.000815714, -0.00679469, -0.000832033,
         (125): 0.00105907, -0.000705125, -0.00587351, -0.00036654,
         (129): 0.000466562, -0.000641931, -0.00534714, -0.000608327,
         (133): 0.000774312, -0.000495987, -0.00413142, -0.000278545,
         (137): 0.000354547, -0.000278547, 0.000354549, -0.00304469,
         (141): 0.00036552, 0.000302493, -0.000385034, -0.000173317,
         (145): -0.00144367, -0.0023977, 0.000287849, -0.000327299,
         (149): -0.00272628, -0.000183679, -0.00152999, -0.00134591,
         (153): 0.00171316, -0.00119197, -0.000936453, -0.00217478,
         (157): 0.000261087, -0.00132748, -0.00104291, -0.0010519,
         (161): 0.000126284, -0.00178139, -0.00139952, -0.00121155,
         (165): 0.000145449, -0.00121155, 0.00014545, 6.42746e-05,
         (169): 0.000535383, 0.000151566, -0.000192921, -0.000814328,
         (173): -0.000639761, -0.00069556, -0.000546453, 1.08196e-05,
         (177): 9.01251e-05, -0.000105918, -0.000882257, 0, 0, 0, 0, 0, 0, 0,
         (187): 0, 0, 0, 0, 0, 0.10715, 0.0919315, -0.0234493, -0.306746,
         (196): -0.0226795, 0.00173375, -0.0270957, 0.0315813, 0.00282765,
         (201): 0.0369892, 0.0103087, -0.0120153, -0.0137148, 0.00104843,
         (206): 0.00906173, -0.0105619, 0.000541182, 0.00707939, 0.00103191,
         (211): 0.000885357, 0.00280982, -0.00327498, -6.65407e-05,
         (215): -0.000870401, -0.00881539, 0.0102747, 0.00537112,
         (219): -0.000410592, 0.00125788, 0.00107923, 0.00114794,
         (223): -8.77478e-05, -0.00266299, -0.00228474, -0.00407126,
         (227): 0.000311235, 0.000349159, 0.00029956, -0.00242779,
         (231): 0.00018559, 0.00169705, 0.001456, 0.00169704, 0.001456,
         (236): 3.22485e-05, 0.000421824, 0.00144228, 0.00123742,
         (240): -0.00282401, 0.000215881, 0.000260343, 0.00340572,
         (244): -0.00294036, 0.000224771, -0.00159664, 0.000122056,
         (248): 0.00111523, 0.000956835, -0.000794849, 0.000926435,
         (252): 0.000210105, 0.00274848, 0.000525118, -0.000612039,
         (256): -7.38168e-06, -9.64906e-05, -0.000991142, 0.00115522,
         (260): 9.6137e-05, 0.00125763, 9.61395e-05, 0.00125763,
         (264): -0.000954211, 7.29447e-05, -0.000155796, -0.000133668,
         (268): 5.21998e-05, -6.08399e-05, -0.000846615, 0.000986765,
         (272): -0.000362412, 2.77057e-05, 0.00047209, -3.60933e-05, 0, 0, 0,
         (279): 0, 0, 0, 0, 0, 0, 0, 0, 0, 3.52418e-07, 5.44997e-08,
         (290): 0.229538, 0.556939, 0.0583424, -0.0240455, 3.51058e-08,
         (295): 4.85217e-08, -0.0206143, -0.0500172, -0.0189615, 0.0455491,
         (300): 0.00525085, -0.00216409, -5.39098e-10, 2.463e-08,
         (304): -0.00644766, -0.0156442, -0.000807016, -0.000335965,
         (308): 0.000605506, -0.00145451, -0.00718212, -0.0174263,
         (312): 0.00432898, -0.010399, 0.00302453, -0.00124654, -0.00331183,
         (317): -0.00137868, -4.66324e-08, 1.89872e-08, -0.00396117,
         (321): -0.001649, 0.00335372, -0.00138222, 0.00220033, 0.000915962,
         (326): 0.00269942, -0.00111256, -0.00213671, -0.000889493,
         (330): 0.00213672, 0.000889487, 0.0012628, 0.00306398, 0.000717894,
         (335): 0.000298845, 0.000164721, -6.78849e-05, -0.000124762,
         (339): -0.000302718, -0.000445541, 0.000183631, -0.00161876,
         (343): 0.000667163, 6.55937e-09, -3.14794e-09, 7.0439e-10,
         (347): 1.28161e-09, -5.69903e-06, -1.3827e-05, 0.000185098,
         (351): -0.000444647, -0.000291143, -0.000706403, -0.000464541,
         (355): 0.00111592, 0.000359853, 0.000873143, -0.00035986,
         (359): -0.000873149, 1.02336e-05, -4.21945e-06, 0.000320942,
         (363): 0.00013361, -0.000372488, 0.000894802, -0.000329488,
         (367): 0.000791496, -0.000264586, 0.000109051, -0.000398092,
         (371): 0.000164075, 0, 0, 0, 0, 0, 0, 0, 0, 0, 0, 0, 0
         }
      }
   }
   GROUP "KPOINT2" {
      ATTRIBUTE "twfcollect" {
         DATATYPE  H5T_STD_I32LE
         DATASPACE  SIMPLE { ( 1 ) / ( 1 ) }
         DATA {
         (0): 0
         }
      }
      DATASET "BAND0" {
         DATATYPE  H5T_IEEE_F64LE
         DATASPACE  SIMPLE { ( 384 ) / ( 384 ) }
         DATA {
         (0): 0.857174, 0.3927, 0.0438453, 0.117985, 0.0746389, -0.0277371,
         (6): -0.00683937, -0.0184044, 0.00366705, -0.00800433, -0.00251399,
         (11): 0.00548748, -0.00524196, -0.0141058, 0.0015349, -0.00335032,
         (16): 0.000502535, -0.00109692, -0.0182837, -0.00837636, -0.0108151,
         (21): 0.00401908, -0.00409716, -0.0110252, 8.42579e-05,
         (25): -0.000183916, -0.0152142, -0.00697011, -0.0103919, 0.0038618,
         (30): -0.0106544, -0.00488112, -0.00704514, 0.0026181, -0.00697142,
         (35): 0.0025907, -0.00580745, 0.00215815, -0.00607681, -0.00278399,
         (40): -0.00484516, 0.00180055, -0.00173773, -0.00467616, -0.0055494,
         (45): -0.00254237, -0.0055494, -0.00254237, -0.00124953,
         (49): -0.00336243, -0.00317609, 0.00118029, -0.00329422, 0.00122418,
         (54): -0.00423207, -0.00193885, -0.00321943, -0.00147493,
         (58): -0.00103338, -0.00278077, -0.00214405, 0.000796765,
         (62): 3.20553e-05, -6.99657e-05, -0.00114515, 0.000425558,
         (66): -0.000439557, -0.00118283, -8.44577e-05, 0.000184355,
         (70): -3.25924e-05, 7.11426e-05, 6.87377e-05, -0.000150038,
         (74): 6.87389e-05, -0.000150038, -2.26575e-05, 4.9458e-05,
         (78): -0.00125139, -0.000573303, -0.00023927, -0.000643863,
         (82): -0.00023927, -0.000643863, 8.21696e-06, -1.79348e-05,
         (86): 2.00388e-06, -4.37311e-06, -0.00114287, -0.000523588, 0, 0, 0,
         (93): 0, 0, 0, 0.0636339, -0.0279018, 0.191163, 0.0746224,
         (100): 0.0289451, -0.0741495, -0.0128153, -0.00500265, 0.0161511,
         (105): 0.0368348, -0.00223283, -0.00509235, -0.0140366, -0.00547939,
         (110): -0.0085755, -0.0195575, -0.00960228, -0.0218992, 6.38626e-05,
         (115): -2.80067e-05, -0.00230139, 0.00589559, -0.00601764,
         (119): -0.00234908, -0.00227509, -0.00518863, 0.00227489,
         (123): -0.000997508, 0.00444975, -0.0113992, 0.004026, -0.0017653,
         (128): 0.00167069, -0.00427981, 0.00320006, -0.00819778, 0.00244155,
         (133): -0.00625465, -0.000412031, 0.000180667, 0.00125541,
         (137): -0.00321597, -0.00137195, -0.000535542, 0.0017817,
         (141): -0.000781229, 0.00178169, -0.000781248, -0.00148459,
         (145): -0.000579533, 0.00132641, -0.0033979, 0.00167151,
         (149): -0.00428199, -0.00267197, 0.00117157, 0.000430425,
         (153): -0.000188715, -0.00239689, -0.000935649, -0.000427848,
         (157): 0.00109603, -0.000732913, -0.00167151, 0.000117235,
         (161): -0.000300321, -0.000588581, -0.000229777, -0.00054229,
         (165): -0.0012368, -0.000579579, -0.0013218, -0.000307952,
         (169): -0.00070232, -0.000307944, -0.000702335, -0.000428219,
         (173): -0.0009766, 0.000887927, -0.000389309, -0.000948986,
         (177): -0.00037044, -0.000948976, -0.000370433, -0.000158753,
         (181): -0.000362039, -0.000668839, -0.00152541, -0.000270147,
         (185): 0.000118459, 0, 0, 0, 0, 0, 0, 3.25538e-07, -7.17882e-07,
         (194): 0.574056, 0.24541, 0.035918, -0.0840215, -0.0329154,
         (199): -0.0140713, 1.30824e-07, 1.45209e-07, 0.0189996, 0.0473748,
         (204): -0.0217311, -0.00929007, 3.38144e-07, 1.06416e-07,
         (208): -0.00391331, -0.00975732, -0.00145581, 0.000583855,
         (212): 0.0012205, -0.00285479, -0.0167101, -0.00714352, -0.00123744,
         (217): -0.00308566, -0.0026085, 0.00104613, 0.00121238, -0.00283587,
         (222): -0.00486476, 0.00195102, -1.8619e-08, 4.65429e-08,
         (226): 0.00121691, -0.00284675, 0.000661031, -0.00154636,
         (230): 0.00253181, -0.00101544, 0.000186047, -0.000435237,
         (234): 0.00491799, 0.00210244, -0.00250801, 0.00100584, 0.00250801,
         (239): -0.00100585, -0.000641663, -0.000274336, -0.000665908,
         (243): 0.00155764, -0.000294406, 0.000688616, -3.84698e-09,
         (247): -3.48846e-09, 0.000875985, -0.000351345, -0.000191776,
         (251): -8.20042e-05, 4.62817e-05, -0.000108199, 2.73945e-08,
         (255): 8.45139e-09, -0.000117037, 0.000273793, -0.000642621,
         (259): -0.000274729, 0.000340852, 0.000849932, -0.000197797,
         (263): -0.00049323, 0.000149105, 0.000371767, -0.000149085,
         (267): -0.000371757, 0.000473136, 0.00117974, 0.000671502,
         (271): -0.000269302, -5.95022e-06, -2.55465e-06, 5.96702e-06,
         (275): 2.54572e-06, 0.00044323, 0.00110519, 0.000166143,
         (279): 0.000414212, 1.2488e-08, -2.59914e-08, 0, 0, 0, 0, 0, 0,
         (288): 0.068111, -0.0448143, -0.332168, -0.0685268, -0.00751955,
         (293): 0.0364494, 0.0258472, 0.0053323, 0.0230394, 0.0350165,
         (298): -0.00994377, -0.015113, 0.00760879, 0.0015697, -0.0150811,
         (303): -0.0229211, 0.00725429, 0.0110255, 0.00072254, -0.000475382,
         (308): -0.00272135, 0.0131912, -0.00323007, -0.000666357,
         (312): -0.000421661, -0.000640841, 0.00246461, -0.00162159,
         (316): 0.00207257, -0.0100462, -0.00352678, 0.0023205, -8.05011e-05,
         (321): 0.000390205, -0.000637423, 0.00308971, -0.000219839,
         (325): 0.00106556, -0.000604943, 0.000398013, -0.000663163,
         (329): 0.00321447, -0.000201733, -4.16361e-05, 0.00259239,
         (333): -0.00170568, 0.00259236, -0.00170569, 0.00430421,
         (337): 0.000887949, -0.00026702, 0.00129427, -0.000427891,
         (341): 0.00207402, 0.0018579, -0.00122242, 0.000740925,
         (345): -0.000487499, 0.00398199, 0.000821484, -0.000327028,
         (349): 0.00158517, 0.000872385, 0.00132589, -6.80277e-05,
         (353): 0.000329757, 0.000751593, 0.000155044, 0.000644461,
         (357): 0.000979486, -0.000321674, -0.000488893, 0.00106522,
         (361): 0.00161898, 0.00106522, 0.00161898, -0.00017509,
         (365): -0.000266109, -0.000341846, 0.000224936, 0.000331596,
         (369): 6.84015e-05, 0.000331595, 6.84119e-05, 0.000238167,
         (373): 0.000361976, 0.000356049, 0.000541129, 0.00124976,
         (377): -0.000822304, 0, 0, 0, 0, 0, 0
         }
      }
   }
   GROUP "KPOINT3" {
      ATTRIBUTE "twfcollect" {
         DATATYPE  H5T_STD_I32LE
         DATASPACE  SIMPLE { ( 1 ) / ( 1 ) }
         DATA {
         (0): 0
         }
      }
      DATASET "BAND0" {
         DATATYPE  H5T_IEEE_F64LE
         DATASPACE  SIMPLE { ( 384 ) / ( 384 ) }
         DATA {
         (0): -0.215211, -0.901262, 0.0791637, -0.12883, -0.0591395,
         (5): -0.0363401, -0.0130333, 0.0031122, -0.0111308, 0.0181142,
         (10): 0.00883944, -0.00211076, -0.00508901, 0.00121519, -0.00845113,
         (15): 0.0137533, 0.010527, 0.0064686, -9.64184e-05, 2.30255e-05,
         (20): -9.82067e-05, 2.3447e-05, -0.00660952, 0.0107563, 0.00466936,
         (25): 0.0195544, 0.0106206, 0.00652614, 0.00387141, 0.0162127,
         (30): 0.00759574, 0.00466743, 0.00291334, 0.0122005, 0.00732813,
         (35): 0.004503, 0.00172755, 0.00723467, 0.00531685, 0.0032671,
         (40): 0.00162048, 0.00678623, 0.00162048, 0.00678623, 0.00430351,
         (45): 0.00264442, -0.00221719, 0.00360823, -0.00224675, 0.00365633,
         (50): 0.000950817, 0.00398183, 0.00323243, 0.00198626, 0.00328559,
         (55): 0.00201893, 0.00106584, 0.00446354, -0.00167529, 0.00272635,
         (60): -0.000128833, 3.07645e-05, 0.00173756, 0.00106769, 0.00106044,
         (65): 0.000651615, 0.000282796, -6.75281e-05, 0.000354615,
         (69): 0.00148505, -0.000264961, 6.32708e-05, -0.000264962,
         (73): 6.32686e-05, 4.04922e-05, -9.67028e-06, -0.000368178,
         (77): 0.000599176, -0.000368179, 0.000599174, 4.82765e-05,
         (81): -1.15283e-05, -0.000630476, 0.00102603, 0.00033065, 0.0013847,
         (86): 0.000128372, -3.06555e-05, -0.000371052, 0.000603844, 0, 0, 0,
         (93): 0, 0, 0, -0.0292568, -0.0601298, 0.0832152, -0.240934,
         (100): -0.0583946, -0.0201688, 0.0190876, -0.00928728, -0.00746351,
         (105): 0.0216093, -0.00514357, 0.00250266, -0.0143921, 0.00700264,
         (110): -0.0058823, 0.0170313, -0.000953656, -0.000329405,
         (114): -0.0210124, 0.0102238, -0.0067775, 0.00329768, -0.00282581,
         (119): 0.00818171, 0.000226532, 0.000465586, -0.00993562,
         (123): -0.0034316, -0.000520806, -0.00107034, -0.00609816,
         (127): -0.00210625, -0.00186313, -0.00382922, -0.00955604,
         (131): -0.0033005, -8.7833e-07, -1.70798e-06, -0.00602692,
         (135): -0.0020816, -0.000342528, -0.000704076, -0.000342528,
         (139): -0.000704091, -0.00403548, -0.00139382, -0.00114058,
         (143): 0.00330223, -0.000600203, 0.00173783, -0.000206614,
         (147): -0.000424614, -0.00396866, -0.0013707, -0.00467574,
         (151): -0.00161492, 0.00121233, 0.00249167, -0.00119496, 0.00345979,
         (156): -0.00251769, 0.00122504, 5.74603e-05, 1.98422e-05,
         (160): -0.000640519, -0.00022124, -0.00172543, 0.000839519,
         (164): -0.000369215, -0.000758853, -0.00136434, 0.000663848,
         (168): -0.00136434, 0.000663824, -0.00217563, 0.00105859,
         (172): -0.00047825, 0.00138471, -0.000478241, 0.00138471,
         (176): -0.00101729, 0.000494997, -0.000216742, 0.000627503,
         (180): 0.000291521, 0.000599143, -0.000867897, 0.000422274,
         (184): -0.000280523, 0.000812169, 0, 0, 0, 0, 0, 0, -0.00189916,
         (193): -0.138344, -0.1389, 0.142767, -0.00213773, -0.00207992,
         (198): 0.05872, -0.000806146, 0.0119241, -0.012256, -0.0131702,
         (203): 0.000180785, -0.0296986, 0.000407784, 0.00486178,
         (207): -0.00499713, 0.0120315, 0.0117056, 0.00514421, -7.06159e-05,
         (212): -0.00264202, 3.62637e-05, -0.00200427, 0.00206008,
         (216): -5.92273e-07, -4.44472e-05, -0.00820369, -0.00798145,
         (220): -4.80389e-05, -0.00349943, -0.00129171, -0.00125673,
         (224): 1.85005e-05, 0.00134704, 0.000532324, 0.000517911,
         (228): 1.6656e-07, 1.21112e-05, -0.000394322, -0.000383626,
         (232): -4.08776e-05, -0.00297783, -4.08797e-05, -0.00297782,
         (236): 0.00163494, 0.00159066, 0.00266972, -0.00274404, 9.44061e-05,
         (241): -9.70396e-05, -2.15711e-05, -0.00157198, 0.000708662,
         (245): 0.000689456, 0.000445133, 0.000433076, -2.84434e-06,
         (249): -0.000207263, 0.00175806, -0.001807, 0.00141354,
         (253): -1.94064e-05, 0.00153619, 0.00149458, 0.000738636,
         (257): 0.000718633, 0.00106177, -1.45748e-05, -1.48517e-06,
         (261): -0.000108404, 0.00183039, -2.51267e-05, 0.00183038,
         (265): -2.51301e-05, 0.000126233, -1.73659e-06, 0.000218886,
         (269): -0.000224972, 0.000218882, -0.000224973, -0.000630268,
         (273): 8.65751e-06, 0.000323916, -0.000332932, -9.43067e-06,
         (277): -0.00068698, -0.000358752, 4.92343e-06, 0.000697139,
         (281): -0.000716546, 0, 0, 0, 0, 0, 0, 1.48761e-07, -5.76581e-07,
         (290): 0.437374, 0.480298, 0.0338888, -0.0308609, 9.73641e-08,
         (295): -1.26764e-08, -0.0218373, -0.0239803, -0.00245147, 0.0524106,
         (300): 1.7688e-07, 3.21567e-08, -0.015671, -0.0172089, 0.00299889,
         (305): -0.00273087, 0.000365149, -0.00780732, 0.00012611,
         (309): -0.0026955, -0.0119452, -0.0131175, -0.00186401,
         (313): -8.72072e-05, 0.0023968, -0.00218256, -0.00304367,
         (317): -0.000142358, 5.94331e-10, -3.16835e-08, -0.00418693,
         (321): -0.000195845, 0.00190454, -0.00173437, 0.00199229,
         (325): 9.31564e-05, 0.00107492, -0.000978861, -0.00210813,
         (329): -9.86015e-05, 0.00210814, 9.86148e-05, 0.000562716,
         (333): -0.000512438, -0.000215599, -0.000236784, 0.00258514,
         (337): 0.00283883, 0.000635975, 2.97175e-05, -0.000975783,
         (341): 0.000888572, -0.000286238, 0.000260652, -2.15622e-09,
         (345): -6.38497e-09, -0.000166386, -0.000182737, 6.58048e-10,
         (349): -4.10942e-09, 0.000128175, -0.000116716, -0.000180551,
         (353): 0.000164425, -4.11323e-05, 0.000879389, 0.000187731,
         (357): 8.77237e-06, -1.86585e-05, 0.000399137, 1.86788e-05,
         (361): -0.000399146, -3.48576e-05, 0.000745325, 0.000364436,
         (365): 0.000400197, -0.000364437, -0.000400201, 2.27047e-05,
         (369): -0.000485323, -0.000392928, -0.000431494, -1.67299e-09,
         (373): 9.02536e-10, -4.73446e-05, 0.00101223, -0.000152752,
         (377): -0.000167751, 0, 0, 0, 0, 0, 0
         }
      }
   }
   GROUP "KPOINT4" {
      ATTRIBUTE "twfcollect" {
         DATATYPE  H5T_STD_I32LE
         DATASPACE  SIMPLE { ( 1 ) / ( 1 ) }
         DATA {
         (0): 0
         }
      }
      DATASET "BAND0" {
         DATATYPE  H5T_IEEE_F64LE
         DATASPACE  SIMPLE { ( 384 ) / ( 384 ) }
         DATA {
         (0): -0.890238, 0.0064011, -0.127563, -0.125742, -0.0410259,
         (5): 0.0416202, 0.000152788, 0.0212489, 0.0158581, 0.0156317,
         (10): -0.000100795, -0.0140186, 4.89316e-05, 0.00680509, 0.011875,
         (15): 0.0117055, -3.13788e-06, -0.000435137, 0.00924335,
         (19): -0.00937722, 0.00927598, 0.00914352, 0.0100513, -0.0101969,
         (24): 0.0198414, -0.000142661, -1.16747e-05, -0.00162307, 0.016516,
         (29): -0.000118752, 0.00785327, -0.00796701, 0.0135296,
         (33): -9.72814e-05, 0.00733505, -0.00744129, 0.00840959,
         (37): -6.0478e-05, 0.00795006, -5.71547e-05, 0.00795006,
         (41): -5.7159e-05, 0.0035032, 0.00345318, 0.00451615, -0.00458156,
         (46): 0.00487863, -3.50871e-05, 0.00356481, -0.00361644, 0.00306861,
         (51): -0.00311306, 0.00251528, 0.00247936, 0.00310331, -0.00314825,
         (56): 0.00441956, -3.17771e-05, 1.1367e-06, 0.000158235, 0.00239628,
         (61): 0.00236207, 0.00123346, -0.00125133, 0.000842029,
         (65): -0.000854227, -1.71723e-06, -0.000238455, 0.0017419,
         (69): -1.25258e-05, 0.000475559, 0.000468762, 0.000475552,
         (73): 0.000468766, -3.43861e-06, -0.000478074, 2.79805e-06,
         (77): 0.000388995, 2.79897e-06, 0.000388993, 0.0015458,
         (81): -1.11137e-05, 0.000549171, 0.000541328, -2.06756e-07,
         (85): -2.89459e-05, 0.000289533, -0.000293726, 0.000782045,
         (89): -5.6201e-06, 0.000814749, 0.000803115, 0.000167384,
         (93): 0.000164997, -1.63569e-06, -0.00022744, -0.0782372,
         (97): 0.00300275, -0.180125, -0.16681, -0.0320218, 0.0345779,
         (102): -9.11494e-05, -0.0023753, 0.0193128, 0.0178851, 0.00023797,
         (107): 0.00620096, 0.000453262, 0.0118099, 0.0143744, 0.0133118,
         (112): 0.000317563, 0.0082751, -0.00470253, 0.00507793, 0.00807007,
         (117): 0.00747344, -0.00594834, 0.0064231, 0.00149492, -5.73632e-05,
         (122): 0.000779295, 0.0203054, 0.000322231, -1.2346e-05,
         (126): -0.00494515, 0.00533992, -0.00262924, 0.000100942,
         (130): -0.00668956, 0.00722357, 0.000189371, -7.2889e-06,
         (134): 0.00033398, -1.27969e-05, 0.000333968, -1.28024e-05,
         (138): 0.00381543, 0.00353335, -0.00351436, 0.00379488,
         (142): -0.000124562, 4.75136e-06, -0.00285441, 0.00308223,
         (146): -0.00300559, 0.00324549, 0.00151708, 0.00140493, -0.00301524,
         (151): 0.0032559, 0.00220041, -8.44476e-05, 0.000147189, 0.00383524,
         (156): 0.00296413, 0.00274502, -0.000490701, 0.000529869,
         (160): -0.00081859, 0.000883934, 0.00011709, 0.00305095,
         (164): -0.000486312, 1.86587e-05, 0.00138036, 0.00127829,
         (168): 0.00138034, 0.00127831, 8.7988e-05, 0.00229266, 7.99739e-05,
         (173): 0.00208341, 7.99683e-05, 0.00208341, 0.000712526,
         (177): -2.73458e-05, 0.00105804, 0.000979824, 3.29031e-05,
         (181): 0.00085715, -0.000969372, 0.00104675, -7.91782e-05,
         (185): 3.04246e-06, 0.000474897, 0.000439785, 0.000814633,
         (189): 0.000754418, 3.02977e-05, 0.000789284, 0.0525511, -0.198412,
         (194): -0.0496317, 0.0288457, -0.0107861, -0.0185583, 0.0606269,
         (199): 0.0160576, 0.00453968, -0.00263847, -0.00997934, -0.00264313,
         (204): -0.0315393, -0.00835342, 0.00189176, -0.00109948,
         (208): -0.00678603, -0.00179731, 0.00846278, 0.0145608, -0.00485521,
         (213): 0.00282188, -0.0059853, -0.0102981, -0.000469733, 0.00177354,
         (218): -0.00112438, -0.000297805, 0.000715928, -0.00270308,
         (222): -0.0023733, -0.00408341, -2.43087e-05, 9.18091e-05,
         (226): -0.000766245, -0.0013184, 6.534e-05, -0.000246693,
         (230): 0.000541623, -0.00204498, 0.000541624, -0.00204498,
         (234): 0.00220133, -0.00127942, -0.000749793, -0.00129007,
         (238): 0.000535801, -0.00202296, 0.000524311, 0.000902106,
         (242): 0.000320218, 0.000550961, -0.000258798, 0.00015042,
         (246): -0.000276241, -0.000475281, -0.000319557, 0.00120653,
         (250): 0.00107908, 0.000285803, 0.000655297, -0.00038086, 0.0009614,
         (255): 0.00165416, 0.000756537, 0.00130167, -0.000756339,
         (259): -0.000200322, 0.000103606, -0.000391173, 1.87745e-05,
         (263): -1.0913e-05, 1.87791e-05, -1.09107e-05, 0.000714054,
         (267): 0.000189123, 0.00139222, 0.000368742, 0.00139222,
         (271): 0.000368743, -4.32575e-05, 0.000163329, 0.000714619,
         (275): -0.000415337, -0.000596034, -0.000157864, -0.00048682,
         (279): -0.000837606, 0.000124223, -0.000469011, 0.000161976,
         (283): -9.41396e-05, 0.000201297, -0.000116993, -0.000389519,
         (287): -0.000103168, 6.98908e-07, 5.79815e-08, 0.0167775, 0.657809,
         (292): 0.0271891, -0.000693654, -1.14641e-09, 1.18757e-07,
         (296): -0.00078717, -0.0308622, -0.0367736, 0.0386986, -1.9394e-08,
         (301): 1.06401e-07, -0.00058431, -0.0229087, 0.00107002,
         (305): -0.00112594, 0.00536539, -0.000136826, -0.000443487,
         (309): -0.0173879, 0.00369314, -9.41793e-05, -0.00174901,
         (313): -0.00166202, 0.00510304, -0.00537015, -0.00233629,
         (317): -0.00222007, 1.73337e-08, 3.78155e-09, -0.00249009,
         (321): -0.00236622, 0.00233773, -5.96238e-05, 0.000978047,
         (325): 0.000929383, -0.00107645, -0.0010229, 0.00107645, 0.00102291,
         (330): 5.31079e-06, 0.000207666, 0.00136136, -3.47211e-05,
         (334): 0.000188751, 0.000179339, 0.000950295, -2.42363e-05,
         (338): -0.00112173, 2.86157e-05, 6.27935e-05, 0.00246173,
         (342): -0.00012804, 3.26797e-06, 1.11013e-08, -2.69287e-09,
         (346): 2.00648e-09, 1.45242e-08, -7.07118e-06, -0.000277651,
         (350): 0.000200516, -5.11005e-06, -0.000219989, 5.61874e-06,
         (354): -0.000803301, 0.000845357, -0.000251592, -0.000239086,
         (358): 2.96835e-05, 0.00116346, -2.96711e-05, -0.00116345,
         (362): -0.00063821, 0.000671626, -0.000304542, 0.000320493,
         (366): 0.000304544, -0.000320482, 4.48445e-10, -1.33272e-09,
         (370): -1.86918e-05, -0.000733071, 0.000256339, -0.000269752,
         (374): -0.000291441, 7.43396e-06, 5.66174e-05, 5.37985e-05,
         (378): -1.12759e-05, -0.000442341, -1.57047e-05, -0.000615884,
         (382): -0.000493533, 0.000519369
         }
      }
   }
   GROUP "KPOINT5" {
      ATTRIBUTE "twfcollect" {
         DATATYPE  H5T_STD_I32LE
         DATASPACE  SIMPLE { ( 1 ) / ( 1 ) }
         DATA {
         (0): 0
         }
      }
      DATASET "BAND0" {
         DATATYPE  H5T_IEEE_F64LE
         DATASPACE  SIMPLE { ( 384 ) / ( 384 ) }
         DATA {
         (0): 0.753374, 0.548317, 0.0158447, 0.100581, 0.0861461, -0.0135706,
         (6): -0.00360317, -0.0228728, 0.00780701, -0.0107266, -0.00245265,
         (11): 0.00336989, -0.00205268, -0.0130303, 0.001005, -0.00138087,
         (16): 0.00100505, -0.00138089, -0.0197722, -0.0143905, -0.00191757,
         (21): -0.0121727, -0.0110161, 0.00173539, -4.71855e-05, 6.48346e-05,
         (26): -0.0135125, -0.00983461, -0.0103838, 0.00163577, -0.0108473,
         (31): -0.00789486, -0.00772955, 0.00121765, -0.00752611, 0.0011856,
         (36): -0.00687566, 0.00108313, -0.000904885, -0.0057442,
         (40): -0.00548021, -0.00398858, -0.00518725, 0.000817152,
         (44): -0.00498353, -0.00362709, -0.0041216, 0.000649279,
         (48): -0.00454652, -0.00330902, -0.000527377, -0.00334776,
         (52): -0.00359201, 0.000565855, -0.0029431, -0.00214203, -0.0031977,
         (57): -0.00232734, -0.000379674, -0.00241014, -0.00193777,
         (61): 0.000305256, -1.56513e-05, 2.15033e-05, -1.56558e-05,
         (65): 2.15082e-05, -0.000203294, -0.00129049, -0.000146563,
         (69): 0.000201373, -0.000146842, 0.000201754, -0.000106013,
         (73): -0.000672971, -0.00113031, 0.000178058, -3.00258e-05,
         (77): 4.12577e-05, 7.32121e-05, -0.000100593, 7.32149e-05,
         (81): -0.000100592, -0.000111548, -0.000708113, -0.00106878,
         (85): -0.00077788, -0.00106878, -0.000777874, 0, 0, 0, 0, 0, 0, 0,
         (95): 0, -0.101426, -0.0794334, -0.00648957, -0.0533654, -0.0616897,
         (101): 0.00750145, 0.000596739, 0.0049073, 0.0261445, -0.0333831,
         (106): -0.00902664, 0.0115258, 0.0012294, 0.0101099, -0.0132606,
         (111): 0.0169321, -0.0132607, 0.0169321, -0.00083564, -0.000654441,
         (116): 0.000850099, 0.00699089, 0.00560299, -0.000681344,
         (120): -0.00602811, 0.00769714, -0.00205085, -0.00160614,
         (124): -0.0109059, 0.0013262, -0.00373547, -0.00292549, -0.00602912,
         (129): 0.000733143, -0.00716654, 0.000871462, -0.00658609,
         (133): 0.000800892, 0.000365565, 0.00300617, 0.000378673,
         (137): 0.00029657, -0.00281546, 0.000342359, -0.00172194,
         (141): -0.00134857, -0.00489772, 0.000595572, -0.00123466,
         (145): -0.000966963, 0.00015527, 0.00127679, -0.00350395,
         (149): 0.000426087, -0.00048298, -0.000378247, 0.00151991,
         (153): 0.00119034, 0.000194494, 0.00159943, 0.000865366,
         (157): -0.000105229, -0.000956448, 0.00122125, -0.000956427,
         (161): 0.00122124, 7.52388e-05, 0.000618744, -0.000860477,
         (165): 0.00109872, -0.00103773, 0.00132506, 0.000155454, 0.0012784,
         (170): -0.000304876, 3.70745e-05, -0.00132344, 0.00168986,
         (174): -0.000354261, 0.00045235, -0.000354266, 0.00045235,
         (178): 9.41475e-05, 0.000774249, -0.000516975, -0.000404878,
         (182): -0.000516976, -0.000404887, 0, 0, 0, 0, 0, 0, 0, 0,
         (192): 0.0428674, -0.133383, 0.142018, -0.0729353, -0.0502498,
         (197): -0.0978448, -0.0145222, 0.00745807, 0.0345637, 0.0111083,
         (202): 0.0195519, 0.00628364, -0.00816062, 0.00419101, -0.00265507,
         (207): -0.000853312, -0.00265504, -0.000853248, 0.000826391,
         (211): -0.00257132, -0.0131205, 0.0067382, 0.00323819, 0.00630541,
         (216): 0.00247575, 0.000795685, 9.08582e-05, -0.0002827,
         (220): -0.00222162, -0.00432594, -0.00145306, 0.00452127,
         (224): 0.000174061, 0.000338988, -0.000821314, -0.00159924,
         (228): -0.000704596, -0.00137195, 0.00445508, -0.00228797,
         (232): 0.000829759, -0.00258187, 0.00064255, 0.00125116,
         (236): 0.000133683, -0.000415911, 0.000517549, 0.00100776,
         (240): 0.00117809, -0.00366571, 0.00247351, -0.0012703, 0.000748677,
         (245): 0.00145783, 0.000742617, -0.00231067, 0.000383346,
         (249): -0.00119279, 0.00177487, -0.00091151, 0.000394359,
         (253): 0.000767869, 0.000948652, 0.00030488, 0.000948641,
         (257): 0.000304874, -0.000165554, 8.50216e-05, 0.0012147,
         (261): 0.000390386, -0.000536259, -0.00017235, 0.000853802,
         (265): -0.000438484, 0.000167763, 0.000326666, 0.00110846,
         (269): 0.000356244, 0.00118636, 0.000381275, 0.00118635,
         (273): 0.000381278, 0.000309876, -0.000159135, 0.000150136,
         (277): -0.000467148, 0.000150132, -0.000467154, 0, 0, 0, 0, 0, 0, 0,
         (287): 0, -2.2023e-07, -1.87176e-07, -0.0887117, 0.365318, 0.222632,
         (293): 0.0540623, 0.0150967, -0.0621684, 1.09244e-07, -1.46081e-07,
         (298): -0.0287743, 0.01753, 0.000607716, -0.00250276, -0.0201291,
         (303): 0.0122632, 0.0201291, -0.0122632, -2.99211e-05, -4.91138e-05,
         (308): 4.15976e-09, -6.66716e-08, 0.00105661, 0.000256568,
         (312): -0.0101398, 0.00617743, 2.39264e-09, -7.10923e-09,
         (316): -0.00515896, -0.00125276, 0.00171767, 0.00281945,
         (320): -0.00251189, -0.000609974, 0.00385968, 0.000937273,
         (324): 0.00462104, 0.00112215, -0.00111343, 0.00458515, 0.00170072,
         (329): 0.0027916, 0.00105131, 0.000255283, -0.00178864, -0.00293594,
         (334): 0.00189316, 0.000459728, -0.000158095, -0.000259497,
         (338): 0.000600967, -0.00247474, -0.00075039, -0.000182224,
         (342): 0.000374255, 0.00061432, -0.00106422, -0.00174683,
         (346): 0.000636656, -0.00262179, -0.00013933, -3.38292e-05,
         (350): 0.000786683, -0.000479261, -0.000786702, 0.000479277,
         (354): 4.07021e-05, -0.000167625, -3.92557e-11, -1.38483e-09,
         (358): -0.000881285, 0.000536899, -4.75722e-09, -5.93573e-09,
         (362): -0.00029219, -7.0952e-05, -5.1162e-05, 3.11675e-05,
         (366): 0.000715887, -0.000436137, -0.000715888, 0.000436135,
         (370): -2.18327e-05, 8.98949e-05, 0.000555043, 0.000911055,
         (374): -0.000555044, -0.000911061, 0, 0, 0, 0, 0, 0, 0, 0
         }
      }
   }
   GROUP "KPOINT6" {
      ATTRIBUTE "twfcollect" {
         DATATYPE  H5T_STD_I32LE
         DATASPACE  SIMPLE { ( 1 ) / ( 1 ) }
         DATA {
         (0): 0
         }
      }
      DATASET "BAND0" {
         DATATYPE  H5T_IEEE_F64LE
         DATASPACE  SIMPLE { ( 384 ) / ( 384 ) }
         DATA {
         (0): 0.498302, 0.749078, -0.0220725, 0.109791, 0.069482, 0.0139688,
         (6): 0.00477189, -0.0237358, 0.0176269, -0.0117258, -0.00553475,
         (11): 0.00368182, 0.00263558, -0.0131096, 0.00150376, -0.00100034,
         (16): -0.0135775, -0.0204105, 0.00243754, -0.0121246, -0.000430644,
         (21): 0.000286466, -0.000626891, 0.000417021, -0.0115275,
         (25): -0.00231752, -0.00921309, -0.0138497, -0.0121271, -0.00243806,
         (30): -0.00797084, -0.0119822, -0.0094843, -0.00190675, -0.00788687,
         (35): -0.00158559, -0.00824739, -0.00165808, -0.00421999,
         (39): -0.00634375, -0.00392332, -0.00589776, -0.00511011,
         (43): -0.00102735, 0.000991799, -0.00493333, -0.0036262,
         (47): -0.00545112, 0.000791632, -0.00393764, -0.00463991,
         (51): -0.000932816, -0.0040087, -0.000805921, -0.00240039,
         (55): -0.0036084, -0.00210807, -0.00316899, 0.000508254,
         (59): -0.00252811, -2.24531e-05, 1.49347e-05, -0.00163924,
         (63): -0.000329558, 0.000128414, -0.000638743, -0.000276456,
         (67): 0.000183905, -0.000169342, 0.000112652, -0.000149604,
         (71): 9.95191e-05, -0.0011224, -0.000225651, 0.000233933,
         (75): -0.0011636, -0.00025366, 0.00016874, 0.000134119,
         (79): -0.000667122, 0.000206853, -0.000137602, -0.000837346,
         (83): -0.00125875, 6.19682e-05, -4.12218e-05, 0.000164292,
         (87): -0.00010929, 0, 0, 0, 0, 0, 0, 0, 0, -0.0628109, -0.175792,
         (98): 0.0402324, -0.0849665, -0.0555021, -0.0262809, -0.00710272,
         (103): 0.0150001, 0.0319227, -0.011406, -0.0133244, 0.00476083,
         (108): -0.00498525, 0.0105283, -0.0188012, 0.00671771, 0.000370353,
         (113): 0.00103648, -0.00423566, 0.00894524, -0.0197087, 0.00704196,
         (118): -0.0112808, 0.00403067, 0.0024836, 0.001176, -0.000416818,
         (123): -0.0011666, -0.00895666, -0.00424104, -0.00133361,
         (127): -0.00373245, -0.00691645, -0.00327501, -0.00596933,
         (131): -0.00282656, -0.00660278, -0.0031265, 7.1292e-05,
         (135): 0.000199528, -0.000330895, -0.000926145, -0.00264935,
         (139): -0.00125449, -0.00128842, 0.00272103, -0.000232794,
         (143): -0.000651571, -0.00115627, 0.00244187, -0.00449659,
         (147): -0.00212918, -0.0031418, -0.00148768, -0.00024983,
         (151): -0.000699222, 0.00076327, 0.0021362, -0.00104811, 0.0022135,
         (156): -0.00199301, 0.000712108, 0.000421636, 0.000199647,
         (160): -0.000753026, 0.00159033, -0.00156682, 0.000559837,
         (164): -0.00277556, 0.000991712, -0.00129207, 0.000461667,
         (168): -0.000238967, -0.000113153, -0.00025592, 0.000540482,
         (172): -0.00122676, 0.000438322, -0.000440771, 0.000930856,
         (176): -0.000878672, 0.000313955, -0.000215291, -0.000602528,
         (180): -0.000597123, 0.000213355, -0.000711494, 0.000254223, 0, 0,
         (186): 0, 0, 0, 0, 0, 0, -0.0909922, -0.212654, 0.0383959,
         (195): -0.0958299, -0.0511757, -0.0205045, -0.00131687, 0.00328676,
         (200): 0.044264, -0.0189401, 0.0129071, -0.00552283, -0.00179544,
         (205): 0.0044811, -0.00760855, 0.00325563, -0.000521021,
         (209): -0.00121766, -0.00457765, 0.011425, 0.00147134, -0.000629568,
         (214): 0.00102691, -0.000439402, 0.00931636, 0.00373276,
         (218): -0.000185921, -0.000434533, -0.00549711, -0.00220251,
         (222): 0.0013905, 0.00324966, -0.000851823, -0.0003413,
         (226): -0.000985221, -0.000394754, -0.000351621, -0.000140882,
         (230): -0.000806637, -0.00188515, -0.000558005, -0.00130409,
         (234): 0.00164412, 0.000658746, 0.0011584, -0.00289115, -0.00134149,
         (239): -0.00313512, 0.00141012, -0.00351943, 0.000990955,
         (243): 0.000397045, 0.00163975, 0.000656998, -0.0010777,
         (247): -0.00251865, -0.000326845, -0.000763847, 0.000795098,
         (251): -0.00198442, 0.00127828, -0.000546963, 0.00115522,
         (255): 0.00046286, 0.000581491, -0.0014513, 0.00135005,
         (259): -0.000577674, 0.00121901, -0.000521606, 0.000494275,
         (263): -0.000211492, 0.000717918, 0.000287648, -3.66818e-05,
         (267): 9.15433e-05, -0.000536175, 0.000229421, 8.03745e-05,
         (271): -0.000200607, 0.00145071, -0.000620745, -5.25362e-05,
         (275): -0.000122772, 0.000787611, -0.000337013, 0.000896406,
         (279): -0.000383563, 0, 0, 0, 0, 0, 0, 0, 0, 0.00185766, 0.00436585,
         (290): -0.159695, 0.396251, 0.101917, 0.0410739, 0.0205786,
         (295): -0.0510618, 0.0151879, -0.00646249, -0.0318704, 0.0135609,
         (300): 0.00610881, -0.0151578, -0.018628, 0.00792626, -7.46703e-05,
         (305): -0.000175515, 0.00412812, -0.0102431, 0.0154311, -0.00656596,
         (310): -0.00893103, 0.00380016, 0.00789459, 0.00318163,
         (314): -0.000918854, -0.00215944, -0.00366371, -0.00147652,
         (318): -0.000172778, -0.000406053, -0.00189197, -0.0007625,
         (322): 0.00281225, 0.00113338, 0.00420569, 0.00169494, 0.00102541,
         (327): 0.00240988, -0.00100065, -0.0023517, 0.00232071, 0.000935278,
         (332): -0.00127685, 0.00316823, 0.000229428, 0.000539184,
         (336): 0.00055401, -0.00137467, 0.00169402, 0.000682711,
         (340): 0.000493036, 0.000198701, 0.000353886, 0.0008317,
         (344): -0.000231103, -0.00054314, 0.000682138, -0.00169259,
         (348): 0.000453855, -0.000193117, 0.00083503, 0.000336531,
         (352): -2.0725e-05, 5.14294e-05, 0.000583065, -0.000248092,
         (356): -0.000117319, 4.99216e-05, -0.000902434, 0.000383987,
         (360): 0.000374391, 0.000150883, 0.00011957, -0.000296682,
         (364): -0.000239854, 0.000102057, 0.000236607, -0.000587092,
         (368): 0.000944799, -0.000402012, 0.000196503, 0.000461822,
         (372): -0.000306659, 0.000130486, 0.00122326, -0.000520496, 0, 0, 0,
         (379): 0, 0, 0, 0, 0
         }
      }
   }
   GROUP "KPOINT7" {
      ATTRIBUTE "twfcollect" {
         DATATYPE  H5T_STD_I32LE
         DATASPACE  SIMPLE { ( 1 ) / ( 1 ) }
         DATA {
         (0): 0
         }
      }
      DATASET "BAND0" {
         DATATYPE  H5T_IEEE_F64LE
         DATASPACE  SIMPLE { ( 384 ) / ( 384 ) }
         DATA {
         (0): 0.732756, 0.295579, 0.0381468, 0.0897295, 0.0421653,
         (5): -0.0179258, 0.0133192, -0.033019, -0.00793608, -0.0186674,
         (10): -0.00422499, 0.010474, -0.000317896, 0.000788098, -0.0042284,
         (15): -0.00994607, -0.00145188, 0.00359928, -0.00366316,
         (19): -0.00861655, -0.0112185, 0.00476933, -0.0216002, -0.00871308,
         (24): -0.00205741, 0.00510047, -0.0143551, 0.00610277, -0.0148613,
         (29): -0.00599473, -0.0124836, 0.00530715, -0.0143436, -0.0057859,
         (34): -0.0102501, 0.00435763, -0.00793551, -0.00320103, -0.00838077,
         (39): 0.00356292, -0.0073096, -0.00294856, -0.0016184, -0.00380679,
         (44): -0.00693233, -0.00279636, -0.00498465, -0.00201069,
         (48): -0.00506823, 0.00215466, -0.00455978, 0.00193849, -0.00550717,
         (53): 0.00234126, -0.00147501, -0.00346952, -0.000145387,
         (57): 0.000360453, -0.00299454, -0.00120793, -0.000874445,
         (61): -0.00205691, -0.000377361, 0.000935487, -0.000123988,
         (65): -0.000291652, -0.00124471, 0.000529165, -0.00025822,
         (69): 0.000640147, -0.00103115, 0.000438374, -0.00015193,
         (73): -0.000357369, -0.00163961, -0.000661387, 8.66162e-05,
         (77): -0.000214721, -0.000170315, 0.000422219, -0.000797134,
         (81): 0.000338883, -0.00017664, 0.000437897, -0.00039043,
         (85): -0.000918388, -0.00121531, -0.000490232, -0.000794188,
         (89): -0.00032036, -0.000807892, -0.000325888, 4.96415e-05,
         (93): -0.00012307, -0.000244396, -0.00057487, -0.300147, -0.0673126,
         (98): -0.0812572, -0.12824, -0.0521903, 0.0330695, 0.00185387,
         (103): -0.0082664, 0.0162349, 0.025622, -0.00236327, 0.0105379,
         (108): -0.00357239, 0.0159293, 0.00878067, 0.0138577, -0.00283729,
         (113): 0.0126515, 0.00790791, 0.0124803, -0.00104037, 0.000659224,
         (118): 0.00648502, 0.00145436, -0.00426256, 0.0190068, -0.00478846,
         (123): 0.00303413, 0.00255096, 0.000572107, -0.00574837, 0.00364235,
         (128): -0.000151856, -3.40584e-05, -0.00515702, 0.00326767,
         (132): 0.00150866, 0.000338325, -0.0035558, 0.00225307, 0.00175435,
         (137): 0.000393443, 0.00296505, 0.00467945, 0.00161162, 0.00036143,
         (142): 0.000313788, 7.03759e-05, -0.00216447, 0.00137147,
         (146): -0.00262726, 0.00166472, -0.0033188, 0.0021029, 0.00189589,
         (151): 0.0029921, -0.00067737, 0.0030204, 0.00268884, 0.000603012,
         (156): 0.00196491, 0.00310103, -0.00084883, 0.00378496, 0.00138255,
         (161): 0.00218195, -5.91844e-05, 3.74907e-05, -0.000461938,
         (165): 0.00205977, -0.000373939, 0.000236933, 0.00079101,
         (169): 0.00124839, -0.000228521, -5.12484e-05, -0.000365274,
         (173): 0.00162877, -0.000227402, 0.00101399, -0.00153376,
         (177): 0.000971842, -0.000197101, 0.000878864, 0.000417281,
         (181): 0.000658554, 0.000961474, 0.000215627, 0.000130491,
         (185): 2.92681e-05, -0.00014032, -3.14729e-05, -0.000298696,
         (189): 0.0013319, 0.000500569, 0.000789994, 0.340462, 0.13658,
         (194): 0.00589466, 0.0137922, 0.0331711, -0.014177, -0.0219229,
         (199): 0.0546487, 0.00127351, 0.00297975, 0.000193015, -0.000481135,
         (204): 0.00725915, -0.0180954, -7.10763e-05, -0.000166302,
         (208): 0.00246616, -0.00614758, -0.00379488, -0.00887924,
         (212): -0.0143704, 0.00614176, -0.00278821, -0.00111852,
         (216): -0.000447874, 0.00111643, 0.00628252, -0.00268508,
         (220): 7.42874e-05, 2.97978e-05, 0.00320914, -0.00137156,
         (224): -0.00228579, -0.000916973, -0.00048861, 0.000208826,
         (228): 0.000365905, 0.000146784, 0.000515674, -0.000220397,
         (232): 0.00126527, 0.000507576, 0.00122366, 0.00286311, 0.00156994,
         (237): 0.000629796, 0.00223931, 0.00089832, -0.0019319, 0.000825676,
         (242): -0.00185743, 0.000793845, -0.000650896, 0.000278186,
         (246): 5.71753e-05, 0.000133777, -0.000511745, 0.00127566,
         (250): -0.000583309, -0.000234, 0.000440927, 0.00103168,
         (254): -0.000162775, 0.000405761, 0.000493948, 0.00115573,
         (258): -0.00155222, 0.000663402, -0.000537335, 0.00133946,
         (262): -0.00132085, 0.000564521, 8.82784e-05, 0.000206554,
         (266): 1.08359e-05, 4.34755e-06, -0.000609954, 0.00152048,
         (270): 8.47193e-05, -0.000211184, 0.0006867, -0.000293489,
         (274): 0.000209249, -0.000521607, -5.18038e-05, -0.00012121,
         (278): 2.66831e-05, 1.07055e-05, 0.000633954, 0.000254318,
         (282): 0.000551777, 0.000221351, -0.000428234, 0.00106749,
         (286): 0.000234658, 0.000549054, -0.12348, -0.0579633, -0.132547,
         (291): -0.36708, -0.06813, 0.0246008, -3.60809e-05, 7.68447e-05,
         (296): 0.0140204, 0.0388285, 0.0149519, -0.0318522, 0.00550599,
         (301): -0.0117295, 0.00600323, 0.0166255, 0.00489283, -0.0104233,
         (306): 0.00580293, 0.0160708, -0.0054438, 0.00196568, 0.000906149,
         (311): 0.000425359, -0.00401876, 0.00856122, 0.000867382,
         (315): -0.000313204, 0.00247608, 0.0011623, 0.00173396,
         (319): -0.000626108, 0.00309785, 0.00145418, -0.00261203,
         (323): 0.000943166, -0.002118, -0.00099422, -0.00160314,
         (327): 0.000578872, 0.000831805, 0.000390454, -0.000434598,
         (331): -0.00120358, -0.00148208, -0.000695712, -0.00172071,
         (335): -0.000807722, -0.00129279, 0.00046681, 7.9837e-05,
         (339): -2.8827e-05, -0.000521028, 0.000188137, -0.000999309,
         (343): -0.00276751, 0.000144085, -0.000306937, -0.000289676,
         (347): -0.000135982, 8.00814e-05, 0.00022177, 0.000502627,
         (351): -0.00107075, -0.000464587, -0.00128664, -0.000419322,
         (355): 0.000151411, 1.32931e-05, -2.83184e-05, -0.000240082,
         (359): 8.66911e-05, 0.000348688, 0.00096567, 0.000147003,
         (363): 6.90068e-05, -8.2565e-05, 0.000175888, 0.000404906,
         (367): -0.000862575, -7.11907e-05, 2.57068e-05, -1.09047e-05,
         (371): 2.32294e-05, 6.43644e-05, 0.000178243, -0.000183138,
         (375): -8.597e-05, -0.000254713, -0.000119565, -0.000517556,
         (379): -0.000242947, -0.000250271, 0.000533154, 0.000176416,
         (383): 0.000488569
         }
      }
   }
   GROUP "KPOINT8" {
      ATTRIBUTE "twfcollect" {
         DATATYPE  H5T_STD_I32LE
         DATASPACE  SIMPLE { ( 1 ) / ( 1 ) }
         DATA {
         (0): 0
         }
      }
      DATASET "BAND0" {
         DATATYPE  H5T_IEEE_F64LE
         DATASPACE  SIMPLE { ( 384 ) / ( 384 ) }
         DATA {
         (0): -0.297326, 0.745016, -0.0697518, 0.0299587, 0.0244047,
         (5): 0.0568205, 0.0241004, -0.0103512, 0.0332377, 0.0132647,
         (10): 0.0109546, -0.0274493, -0.00551625, -0.00220145, 0.00861733,
         (15): -0.00370118, 0.00910653, -0.00391129, -0.0027828, -0.00111059,
         (20): -0.0027828, -0.00111057, -0.00315706, -0.00125995,
         (24): -0.00406146, -0.00945616, 0.00600531, -0.0150477, 0.00613407,
         (29): -0.0153703, -0.0050679, -0.0117994, -0.00448696, -0.0104468,
         (34): -0.00421597, -0.00981589, 0.00287663, -0.00720806,
         (38): -0.00330072, -0.00768495, 0.0049652, -0.00213257, 0.00266261,
         (43): -0.00667178, -0.0021118, -0.00491682, -0.00239587,
         (47): -0.00557823, 0.00331995, -0.00142593, -0.0018006, -0.00419226,
         (52): 0.00226382, -0.00567252, 0.00177149, -0.00443887, 0.00107716,
         (57): -0.00269907, 0.000418139, -0.00017959, -0.000292124,
         (61): -0.000116588, -0.000292124, -0.000116581, -0.000682205,
         (65): -0.000272261, -0.000428404, -0.000170969, 0.00168203,
         (69): -0.000722437, -0.000505931, -0.00117794, 0.000915881,
         (73): -0.000393374, -0.000722147, -0.000288197, 0.000317059,
         (77): -0.000794461, -0.000420595, -0.000979265, 0.000554406,
         (81): -0.000238118, 0.000154803, 6.17795e-05, 0.000154804,
         (85): 6.17798e-05, -0.000241649, -9.64381e-05, -0.000276733,
         (89): -0.000644305, 0, 0, 0, 0, 0, 0, 0.0967784, -0.327863,
         (98): 0.0451178, -0.0245525, -0.0278407, -0.0511601, -0.0134188,
         (103): 0.00730234, 0.0257045, 0.00758743, -0.0018549, 0.00628398,
         (108): -0.0146754, -0.00433188, -0.00944304, 0.00513879, -0.0118546,
         (113): 0.00645113, -0.018534, -0.00547084, -0.018534, -0.00547084,
         (118): -0.0159951, -0.00472142, 0.00164202, 0.00301738, -0.00041751,
         (123): 0.00141442, 0.000266069, -0.00090137, -0.00318022,
         (127): -0.00584397, -0.00330659, -0.00607619, -0.00249547,
         (131): -0.00458567, -0.000480946, 0.00162935, -0.00192979,
         (135): -0.00354618, -0.00450847, 0.00245346, -0.000105443,
         (139): 0.00035721, -0.000851791, -0.00156525, -0.0020522,
         (143): -0.00377112, -0.00286537, 0.0015593, -0.0011838, -0.00217534,
         (148): -0.000180752, 0.000612337, -5.6322e-05, 0.000190809,
         (152): -0.000594092, 0.00201264, -0.00200511, 0.00109116,
         (156): -0.00172953, -0.000510521, -0.00172953, -0.00051052,
         (160): -0.00334637, -0.000987776, -0.0015571, -0.000459625,
         (164): -0.00186149, 0.001013, 0.000190435, 0.000349945,
         (168): -0.000778161, 0.000423466, -0.00133914, -0.000395285,
         (172): 9.20247e-05, -0.000311757, -2.8594e-05, -5.25448e-05,
         (176): -0.0008078, 0.000439595, -0.000785461, -0.000231851,
         (180): -0.000785461, -0.000231851, -0.00105646, -0.000311842,
         (184): -0.000747313, -0.00137326, 0, 0, 0, 0, 0, 0, -0.215674,
         (193): 0.303012, -0.125438, 0.0211219, 0.0175279, 0.104094,
         (198): 0.0229451, -0.00386362, -0.0382092, -0.0271959, -0.000103414,
         (203): 0.000145289, -0.012631, -0.00899034, 0.0065313, -0.00109976,
         (208): 0.0148596, -0.00250212, 0.00169983, 0.00120987, 0.00169983,
         (213): 0.00120987, -0.00478522, -0.00340596, -0.00165666,
         (217): -0.00983852, 0.000670477, -0.000941992, 0.00215843,
         (221): -0.0030325, 0.000524864, 0.00311706, -8.8576e-05,
         (225): -0.000526028, 0.000225484, 0.00133909, -0.00111583,
         (229): 0.0015677, 9.30873e-05, 0.000552822, -0.00342585,
         (233): 0.000576863, -0.000356606, 0.000501018, -0.000315003,
         (237): -0.00187074, -0.000170498, -0.00101255, -0.00287642,
         (241): 0.000484344, -0.000289261, -0.00171786, -0.00146439,
         (245): 0.00205741, -0.00157154, 0.00220794, -0.000223682,
         (249): 0.000314264, -0.00218476, 0.00036788, -0.000818721,
         (253): -0.000582739, -0.00081872, -0.000582736, -0.00125927,
         (257): -0.000896305, -0.00115807, -0.000824273, -0.0011269,
         (261): 0.000189751, -0.000156906, -0.000931823, 0.000423618,
         (265): -7.13308e-05, 0.000403119, 0.000286928, -0.000540956,
         (269): 0.000760021, -8.62141e-05, -0.000512008, -7.1334e-05,
         (273): 1.20116e-05, -0.000810119, -0.000576613, -0.000810119,
         (277): -0.000576613, -0.000769142, -0.000547446, 4.22509e-05,
         (281): 0.000250915, 0, 0, 0, 0, 0, 0, 2.63705e-08, -6.32889e-08,
         (290): -0.0319364, 0.218675, 0.16597, 0.0242375, 0.0123252,
         (295): -0.0843974, 2.85439e-07, 1.70427e-07, -0.000100901,
         (299): -0.00013541, -0.0179833, 0.0134, -5.21753e-05, 0.000358561,
         (304): 1.20576e-07, -1.92018e-08, -0.0161172, 0.0120096, 0.0161171,
         (309): -0.0120096, -0.0144237, 0.0107478, -0.0004852, -7.06942e-05,
         (314): 2.03024e-08, -1.79494e-08, 0.00187646, 0.00251821,
         (318): -0.00388375, -0.000567204, -0.0036079, -0.000526891,
         (322): 0.00416366, 0.00060804, 0.00147392, 0.00197802, 0.00385487,
         (327): 0.000562949, -0.000440034, 0.00301313, -0.00145476,
         (331): -0.00195235, 0.000477931, 6.98426e-05, 0.00183117,
         (335): 0.000267446, 0.000232662, -0.0015931, -0.000507207,
         (339): -7.40363e-05, -9.15515e-05, -0.000122868, 0.000452727,
         (343): 0.000607579, -0.000638229, -0.000856523, 1.34313e-08,
         (347): -7.05365e-09, 0.000664125, -0.000494859, -0.000664125,
         (351): 0.000494851, -3.42497e-05, 2.55423e-05, 2.10778e-08,
         (355): 1.10694e-08, 0.000265005, -0.0018146, 6.31449e-05,
         (359): 9.23732e-06, -7.3204e-05, 0.0005014, -0.000982643,
         (363): 0.000732229, 0.000117729, 0.00015799, 6.68885e-05,
         (367): 9.77849e-06, 4.44395e-05, -0.000304253, 0.000577294,
         (371): -0.000430145, -0.000577269, 0.000430162, -0.000328023,
         (375): 0.000244425, 0.000103773, 1.5157e-05, 0, 0, 0, 0, 0, 0
         }
      }
   }
   GROUP "KPOINT9" {
      ATTRIBUTE "twfcollect" {
         DATATYPE  H5T_STD_I32LE
         DATASPACE  SIMPLE { ( 1 ) / ( 1 ) }
         DATA {
         (0): 0
         }
      }
      DATASET "BAND0" {
         DATATYPE  H5T_IEEE_F64LE
         DATASPACE  SIMPLE { ( 384 ) / ( 384 ) }
         DATA {
         (0): 0.901176, 0.0946228, 0.0727027, 0.0897613, 0.0558187,
         (5): -0.0452107, -0.0152772, -0.0188617, 0.0021601, -0.0205725,
         (10): -0.0007837, 0.00746391, -0.0243347, -0.00255513, -0.00648025,
         (15): -0.00800073, -9.41613e-05, 0.000896933, -9.41657e-05,
         (19): 0.000896935, -0.00922781, 0.00747413, -0.00757656,
         (23): -0.00935429, -4.93454e-05, 0.000470024, -0.0139158,
         (27): -0.00146115, -0.0088196, 0.00714348, -0.0130959, -0.00137505,
         (32): -0.00674663, 0.00546449, -0.00637667, 0.00516482, -0.00658539,
         (37): 0.00533387, -0.00748766, -0.000786201, -0.00303532,
         (41): -0.00374751, -0.00357051, 0.00289196, -0.00566326,
         (45): -0.000594636, -0.00566326, -0.00059464, -0.0033496,
         (49): 0.00271303, -0.0038591, -0.000405206, -0.00185564,
         (53): -0.00229104, -0.00267036, 0.00216288, -0.00319471,
         (57): -0.000335441, -0.000864774, -0.00106768, -5.67308e-05,
         (61): 0.000540305, -0.0012664, -0.00156355, -0.00118172,
         (65): 0.000957144, -2.87254e-05, 0.000273602, -2.87267e-05,
         (69): 0.000273603, -0.000420377, -0.000519013, -0.000420379,
         (73): -0.000519015, -2.01126e-05, 0.000191549, -0.00151375,
         (77): -0.00015894, -0.00151375, -0.000158945, -3.3557e-05,
         (81): 0.000319578, -0.000879386, 0.000712267, -0.000797394,
         (85): 0.000645857, 0, 0, 0, 0, 0, 0, 0, 0, 0, 0, 0.190593,
         (97): -0.181303, 0.0997986, 0.00249286, 0.00174557, -0.0698824,
         (102): -0.013699, -0.000342185, 0.0315418, 0.033158, -0.00837744,
         (107): -0.00880668, -0.000558042, 0.000530841, -0.00958768,
         (111): -0.000239492, -0.01321, -0.0138868, -0.01321, -0.0138868,
         (116): -0.000139083, 0.00556799, -0.00963756, -0.000240735,
         (120): -0.00678489, -0.00713253, 0.00131445, -0.00125038,
         (124): 0.000252487, -0.010108, 0.00172295, -0.00163898, 0.000153212,
         (129): -0.00613375, 0.000161432, -0.00646287, 0.000172202,
         (133): -0.00689392, 0.000119862, -0.000114018, -0.00245668,
         (137): -6.13676e-05, 5.56332e-05, -0.00222712, 0.0010472,
         (141): -0.000996165, 0.0010472, -0.000996162, 9.13125e-05,
         (145): -0.00365555, 0.00070883, -0.000674284, -0.00102657,
         (149): -2.56396e-05, 5.94234e-05, -0.00237887, -0.00102969,
         (153): 0.000979504, -0.000963655, -2.4071e-05, -0.00156483,
         (157): -0.00164501, -0.00137493, -3.43417e-05, -1.30522e-05,
         (161): 0.00052251, -0.000877954, -0.000922937, -0.000877954,
         (165): -0.000922937, -0.00090906, -2.27063e-05, -0.000909061,
         (169): -2.27078e-05, -0.00120528, -0.00126704, 0.000454158,
         (173): -0.000432021, 0.000454158, -0.000432024, -0.000588616,
         (177): -0.000618776, 3.4106e-05, -0.0013654, 6.02871e-06,
         (181): -0.000241319, 0, 0, 0, 0, 0, 0, 0, 0, 0, 0, 8.46526e-08,
         (193): -9.14287e-08, -0.380475, 0.388433, 0.0912283, 0.0893593,
         (198): 0.0449004, -0.0458394, 3.93364e-08, 4.00984e-08, -0.0455243,
         (203): 0.000471171, -3.54448e-06, -0.000343884, 0.00393164,
         (207): -0.0107595, -0.00522129, -0.00598517, 0.0164403,
         (211): -0.000170135, 0.00218559, 0.00214081, 0.0038909, -0.01335,
         (216): -0.00140466, -0.0039334, -0.00109023, -0.00198721,
         (220): 0.00291322, -0.00116251, -0.00318336, -0.00223295,
         (224): 7.51142e-05, -0.00110212, 0.00272877, 0.00267289, 0.00318635,
         (229): 0.00312111, 3.1327e-05, 0.00302783, -0.0031167, 0.00318188,
         (234): -0.000478233, 0.000340467, 0.000302273, -0.00289464,
         (238): 0.00130547, 0.00149211, -0.000775731, 0.000721344,
         (242): 0.000502784, 0.000589328, 0.00157126, -0.000153203,
         (246): -0.0018456, -0.000912495, 0.000657968, -0.000573989,
         (250): 0.000149452, -0.000551369, -0.000238761, -0.000533416,
         (254): 0.00111706, -5.15885e-05, -0.000109359, -0.000137102,
         (258): 0.000327616, 0.000375551, -0.00103159, 1.06701e-05,
         (262): -8.37267e-05, 0.000287263, 0.000269006, -0.000274635,
         (266): -0.000590383, 0.000380493, 8.37769e-06, 0.000810001,
         (270): 0.000294884, -0.000257253, -0.000891544, 0.000489131,
         (274): -0.000343977, -0.000406251, -0.000293435, -0.000315643, 0, 0,
         (280): 0, 0, 0, 0, 0, 0, 0, 0, 3.59392e-07, 6.4004e-08, 0.258328,
         (291): 0.010703, 0.00251402, -0.0606722, -0.0304857, -0.00126323,
         (296): -9.69291e-09, 1.58431e-07, 0.014661, 0.0159286, -0.000120315,
         (301): 0.000110751, 0.00161733, -0.00986808, 0.0163517,
         (305): -0.000987114, -0.00529463, -0.00575222, 6.0109e-05,
         (309): -0.00145347, 0.00331762, -0.0136742, 0.0100428, -0.00134788,
         (314): -0.00119368, -0.0019585, 0.00589799, 0.00339475, -0.00225384,
         (319): -0.00695762, 0.0017052, 0.00151117, 7.51955e-05, -0.00181477,
         (324): 8.7776e-05, -0.00211908, 0.00105938, -0.000975112,
         (328): 0.00211614, 8.76807e-05, -0.00118499, -0.000755978,
         (332): -0.000857994, 0.00173923, 0.00112317, 0.00265314,
         (336): -0.00216703, -0.00145068, 0.000437605, 0.00101674,
         (340): -0.00198887, 0.00205458, -0.00134781, 3.87091e-05,
         (344): 0.000108513, 0.00179757, 0.000151943, -0.000581035,
         (348): 0.00137863, -0.000166165, -0.00145039, 0.00154358,
         (352): 4.03851e-05, 0.0001125, -0.00102602, 6.1951e-05, 0.000332226,
         (357): 0.000360947, -7.13993e-05, 0.000294253, -0.000182651,
         (361): -7.57151e-06, -0.000719304, 0.000381029, 0.000283399,
         (365): -0.000260869, 4.86372e-05, 0.000805612, -0.000878663,
         (369): 0.000535551, 9.09259e-05, 0.000320782, 3.27854e-05,
         (373): 0.0002326, 0, 0, 0, 0, 0, 0, 0, 0, 0, 0
         }
      }
   }
}
}
