HDF5 "tempdir_hdf5/evc.hdf5_6" {
GROUP "/" {
   GROUP "KPOINT1" {
      ATTRIBUTE "twfcollect" {
         DATATYPE  H5T_STD_I32LE
         DATASPACE  SIMPLE { ( 1 ) / ( 1 ) }
         DATA {
         (0): 0
         }
      }
      DATASET "BAND0" {
         DATATYPE  H5T_IEEE_F64LE
         DATASPACE  SIMPLE { ( 336 ) / ( 336 ) }
         DATA {
         (0): 0.106489, -0.000602604, -0.00056927, -0.000562863, -0.00792163,
         (5): 0.00801179, 9.41682e-05, 0.0166411, 9.41684e-05, 0.0166411,
         (10): 0.00281131, 0.00277968, -0.0139322, 7.88398e-05, -0.0017317,
         (15): -0.00171221, -0.0141122, 0.0142729, -0.0117707, 0.0119046,
         (20): -0.00975708, 5.52115e-05, 5.60269e-05, 0.0099008, 5.60258e-05,
         (25): 0.00990079, 4.98516e-05, 0.00880968, -0.000158148,
         (29): -0.000156368, -0.00770615, 0.00779385, -0.00667408,
         (33): 0.00675004, -0.00620866, 3.51359e-05, 2.97204e-05, 0.00525238,
         (38): -0.00516382, 2.92221e-05, -0.00418766, 0.00423533,
         (42): -0.00375594, 0.00379869, -0.00375594, 0.00379869, -0.00375594,
         (47): 0.00379869, -0.00348067, 1.96959e-05, 1.87672e-05, 0.0033167,
         (52): -0.00299741, 1.69623e-05, 1.72144e-05, 0.00304206,
         (56): -0.00282261, 1.59721e-05, -0.00282261, 1.59721e-05,
         (60): -0.000115063, -0.000113768, -0.000115063, -0.000113768,
         (64): -0.0017518, 0.00177174, -0.000110198, -0.000108958,
         (68): -0.00132404, 7.49293e-06, -0.00163883, 0.00165748,
         (72): 8.15932e-05, 8.06746e-05, 8.15933e-05, 8.06743e-05,
         (76): 7.16681e-06, 0.00126638, -1.91307e-05, -1.89152e-05,
         (80): 9.46139e-05, 9.35493e-05, -5.38377e-05, -5.32322e-05,
         (84): -0.112417, 0.0677272, -0.223157, -0.0553603, -0.00732247,
         (89): 0.0295167, -0.00497663, -0.00826046, -0.00497663, -0.00826047,
         (94): 0.00548829, 0.00136153, 0.0126823, -0.00764063, 0.0231933,
         (99): 0.00575378, -4.5142e-05, 0.000181951, -0.0006333, 0.0025528,
         (104): 0.000921161, -0.000554979, 0.0064845, 0.0107633, 0.00648449,
         (109): 0.0107633, 0.00309579, 0.00513852, 0.00688166, 0.00170721,
         (114): -0.000733653, 0.00295727, -0.000339777, 0.00136961,
         (118): 0.00198704, -0.00119709, 0.00126097, 0.00209304, 0.00280875,
         (123): -0.00169218, 0.000361259, -0.00145622, -0.000677887,
         (127): 0.00273255, -0.000677893, 0.00273255, -0.000677891,
         (131): 0.00273254, 0.0031458, -0.00189524, 0.00140591, 0.00233362,
         (136): 6.32151e-05, -3.8083e-05, 0.0016367, 0.00271667, 0.000368886,
         (141): -0.00022224, 0.000368885, -0.000222241, 0.00170006,
         (145): 0.000421756, 0.00170005, 0.000421755, -0.000129313,
         (149): 0.000521234, 0.0018763, 0.000465468, 0.000481712,
         (153): -0.000290207, 0.000277859, -0.00112005, 0.00162459,
         (157): 0.000403023, 0.00162459, 0.000403022, 0.000725601,
         (161): 0.00120439, 0.00106108, 0.000263236, 0.000852055,
         (165): 0.000211378, 0.000131272, 3.25629e-05, -0.461506, -0.132314,
         (170): 0.130238, -0.107817, -0.0324471, 0.00212407, 0.0128766,
         (175): -0.00506325, -0.00348712, 0.0251722, -0.0179536, 0.0148629,
         (180): -0.0063249, 0.0100198, 0.0096521, 0.0174111, 0.000726765,
         (185): -0.000402908, 0.000554037, 0.000669273, 0.0026013,
         (189): 0.00647969, -0.00333532, -0.00533678, -0.00323316,
         (193): 0.00471814, -0.00173419, 0.00604881, -0.00091911, -0.0005503,
         (198): 0.00535183, -0.00678397, -0.00520505, 0.00170239, 0.00143911,
         (203): -0.00105276, 0.000250487, -0.0012596, 9.35657e-05,
         (207): -0.000993568, 0.00120185, 0.00145178, 0.00291256, -0.001941,
         (212): -0.00155346, -0.00109642, -0.00198695, 0.00305908,
         (216): 7.2348e-06, 0.000521011, 0.00131512, -0.00032769,
         (220): -0.00321934, -0.00049371, 0.00118044, 0.000739843,
         (224): -0.00069329, 0.00165385, -0.00248274, -0.00103125,
         (228): -0.000640189, 0.000996657, 0.00189163, 0.00126076,
         (232): -0.000251902, 0.000850664, -0.00013035, -0.000235132,
         (236): 0.000838395, 0.000105049, 0.000445502, -0.00103271,
         (240): 0.000594452, 4.13407e-06, -0.000679232, -0.00060945,
         (244): 0.000156613, 1.47516e-05, -0.000592776, -0.00106929,
         (248): 0.000484603, -0.000401173, 0.00105395, 0.00028533, 0.331004,
         (253): -0.189628, 0.308893, -0.13284, -0.00550952, -0.0463444,
         (258): 0.023155, 0.0126108, -0.0034646, -0.015125, -0.0425804,
         (263): 0.018312, -0.00476221, 0.0192256, -0.0152662, -0.00414559,
         (268): -0.000172993, 0.000637125, 0.0006826, 0.0015873, -0.00637142,
         (273): 0.0116442, -0.00678153, 4.14281e-06, -0.00540749,
         (277): -0.00486207, -0.00248541, -0.0043384, -0.000210081,
         (281): 0.000643209, -0.00445839, 0.000386069, 0.000252283,
         (285): -0.0058982, 0.000119143, -0.00211129, 0.000313977,
         (289): 0.000816651, 0.000735021, -0.00184423, 0.00148077,
         (293): 0.00344307, -0.000965662, 0.00218542, -0.00126317,
         (297): -0.00357038, 0.0021061, 0.000466366, -0.00041313,
         (301): 0.000960181, 0.00238697, 0.00119472, 0.00197159,
         (305): -0.000531073, 0.00226479, 0.000563768, -0.000958816,
         (309): 0.00313232, 0.00203178, -0.00160918, -0.00221927,
         (313): 0.000757592, 0.000240049, -0.00129509, 0.000653153,
         (317): 0.000581262, 0.000206132, 5.59554e-05, -0.000494951,
         (321): 9.4984e-05, -0.000761547, -0.000495772, 0.000664395,
         (325): -0.000494895, 0.00014914, 0.000429856, 0.000290718,
         (329): 0.000115888, 0.000937467, 0.000254564, 0.00114936,
         (333): -0.000494224, 0.000760514, -0.000815162
         }
      }
   }
   GROUP "KPOINT10" {
      ATTRIBUTE "twfcollect" {
         DATATYPE  H5T_STD_I32LE
         DATASPACE  SIMPLE { ( 1 ) / ( 1 ) }
         DATA {
         (0): 0
         }
      }
      DATASET "BAND0" {
         DATATYPE  H5T_IEEE_F64LE
         DATASPACE  SIMPLE { ( 336 ) / ( 336 ) }
         DATA {
         (0): 0.0114951, -0.0660817, 0.0651677, 0.0926144, -0.018179,
         (5): 0.0127916, -0.0154721, -0.0026914, -0.0139638, 0.00982554,
         (10): -0.00130224, 0.00748616, -0.0231028, -0.0040188, -0.00086826,
         (15): 0.00499127, -0.00376698, -0.00535352, -0.0149936, -0.0026082,
         (20): -0.00422513, -0.00600463, -0.010492, 0.00738265, -0.010492,
         (25): 0.00738266, -0.0112548, -0.0019578, -0.00326854, -0.00464513,
         (30): -0.00615262, 0.00432927, -0.00746263, -0.00129814,
         (34): -0.000246735, 0.00141835, -0.00194843, -0.00276905,
         (38): -0.00719508, -0.00125161, -0.00435673, 0.00306559,
         (42): -0.00561024, -0.000975917, -0.00328401, 0.00231078,
         (46): -0.00503038, -0.000875049, -0.00503038, -0.00087505,
         (50): -0.00129372, -0.0018386, -7.60004e-05, 0.000436887,
         (54): -0.000156371, 0.0008989, -0.00136217, -0.00193587,
         (58): -0.00136082, -0.00193395, -0.000677153, -0.000962339,
         (62): -0.0010587, -0.00150459, -0.00261924, 0.00184302,
         (66): -0.000118256, 0.000679827, -0.00021019, 0.00120833,
         (70): -0.000149546, 0.00085967, -0.00147933, 0.00104092,
         (74): -0.00217555, -0.000378446, -9.92934e-05, 0.00057077,
         (78): -0.000781154, -0.000135884, 0, 0, 0, 0, 0.20315, 0.159601,
         (86): 0.160178, -0.0192297, 0.00179566, 0.0149573, 0.011055,
         (91): -0.0140715, 0.0006387, 0.00532021, -0.00950778, -0.00746962,
         (96): -0.00419758, 0.00534294, -0.0135329, -0.0106318, -0.0102408,
         (101): 0.00122942, -0.000548505, 0.000698162, -0.00636815,
         (105): 0.000764508, -0.000859468, -0.00715913, -0.00085947,
         (109): -0.00715913, -0.00034601, 0.00044042, -0.00594355,
         (113): 0.000713538, -0.00049813, -0.00414927, -0.000997081,
         (117): 0.00126915, -0.00468319, -0.00367926, -0.00489273,
         (121): 0.00058738, -0.000663001, 0.00084391, -0.000333239,
         (125): -0.00277577, 5.21772e-05, -6.64114e-05, -0.000161344,
         (129): -0.00134396, -3.83703e-05, 4.88418e-05, -3.83703e-05,
         (133): 4.88401e-05, -0.0028681, 0.000344321, -0.00169246,
         (137): -0.00132965, -0.00274746, -0.00215849, -0.00221379,
         (141): 0.000265771, -0.00149593, 0.000179589, -0.00160938,
         (145): 0.000193209, -0.00160875, 0.000193134, -0.000128957,
         (149): -0.00107418, -0.0013492, -0.00105997, -0.00184576,
         (153): -0.00145009, -0.00132748, -0.00104291, -6.36102e-05,
         (157): -0.000529851, -0.000453762, 0.000577577, -0.000814325,
         (161): -0.000639758, 0.000179501, -0.00022848, 0, 0, 0, 0, 0.486043,
         (169): -0.566505, -0.0234493, -0.306746, 0.0542164, -0.00414461,
         (174): -0.0149854, -0.012857, -0.0193505, 0.00147926, -0.0192829,
         (179): 0.0224751, 0.00103191, 0.00088535, -0.0088154, 0.0102748,
         (184): 0.00119675, 0.0156549, 0.000987061, 0.00084686, 0.000615434,
         (189): 0.0080507, -0.00687915, 0.000525878, -0.00687913,
         (193): 0.000525871, 0.00300059, 0.00257441, 0.000309658, 0.00405074,
         (198): -0.00294963, 0.000225478, 0.0030467, 0.00261398, -0.00196162,
         (203): 0.00228636, 0.000325384, 0.00425647, -0.00102375,
         (207): -0.000878338, 0.00171742, -0.000131295, -0.00140661,
         (211): -0.00120682, 0.000511812, -3.91278e-05, 0.000843711,
         (215): 0.000723877, 0.000843712, 0.000723882, 4.60788e-05,
         (219): 0.000602753, -0.00158517, 0.0018476, -0.00117281, 0.00136696,
         (224): 0.000230304, 0.00301273, -4.31771e-06, -5.64607e-05,
         (228): 0.000133744, 0.0017495, 1.16639e-05, 0.000152525, 0.00177734,
         (233): -0.000135873, -0.000488521, 0.000569392, -0.00110064,
         (237): 0.00128285, 0.000525115, -0.000612041, 7.33173e-05,
         (241): -5.60348e-06, 0.000226576, 0.000194396, 5.21972e-05,
         (245): -6.08361e-05, 0.000575473, 0.000493737, 0, 0, 0, 0,
         (252): -1.58145e-07, 8.40564e-07, -0.22954, -0.556941, 0.0129643,
         (257): -0.00534309, -0.0451654, -0.0188018, -0.0213457, 0.00879747,
         (262): 1.10498e-08, -2.1561e-08, 0.000807003, 0.000335932,
         (266): -0.004329, 0.0103991, -0.000231318, -0.000561276, 0.0081033,
         (271): 0.00337329, 0.000790342, 0.00191763, 0.00296189, -0.00122072,
         (276): -0.00296191, 0.00122074, 1.26108e-08, 1.23328e-08,
         (280): -0.000432494, -0.0010494, -0.00245653, 0.00101246,
         (284): 1.16378e-08, -1.46563e-08, 0.00012842, -0.000308487,
         (288): -0.000375403, -0.000910845, -0.00240823, -0.00100252,
         (292): 0.000765548, -0.000315522, -0.00113199, -0.000471232,
         (296): 0.000717474, -0.000295702, 0.00265338, 0.00110457,
         (300): -0.0026534, -0.00110458, 9.86662e-09, 6.34191e-09,
         (304): -0.0001485, 0.000356728, 0.00044991, -0.00108076, -0.0001176,
         (309): -0.00028533, -0.0010893, -0.00264302, -0.000171866,
         (313): -0.000417001, -0.000659767, -0.0016008, -0.000558953,
         (317): 0.000230371, -0.000487342, 0.0011707, 0.000672613,
         (321): -0.00161576, -0.00018509, 0.000444631, 7.89478e-09,
         (325): 2.27206e-09, -0.000391239, -0.000162865, 0.000372501,
         (329): -0.000894811, 0.000222807, 9.27464e-05, 0, 0, 0, 0
         }
      }
   }
   GROUP "KPOINT2" {
      ATTRIBUTE "twfcollect" {
         DATATYPE  H5T_STD_I32LE
         DATASPACE  SIMPLE { ( 1 ) / ( 1 ) }
         DATA {
         (0): 0
         }
      }
      DATASET "BAND0" {
         DATATYPE  H5T_IEEE_F64LE
         DATASPACE  SIMPLE { ( 336 ) / ( 336 ) }
         DATA {
         (0): 0.0438453, 0.117985, 0.000680519, -0.00148542, -0.00996934,
         (5): -0.00456728, -0.0187838, 0.00698038, -0.0142463, 0.00529416,
         (10): -0.00103736, 0.00226432, -0.00405785, -0.0109194, 0.000502531,
         (15): -0.00109692, -0.0182837, -0.00837636, -0.0126709, -0.00580495,
         (20): -0.0094409, 0.0035084, -0.00944091, 0.0035084, -0.0031019,
         (25): -0.00834703, -0.0114965, -0.00526694, -0.00745643, 0.00277093,
         (30): 5.55547e-05, -0.000121268, -0.00218091, -0.0058687,
         (34): -0.00804998, -0.00368796, -0.00545106, -0.00249731,
         (38): -0.0041235, 0.00153236, -0.00147306, -0.00396393, -0.00488323,
         (43): -0.00223717, -0.00128431, -0.00345601, -0.002975, 0.00110556,
         (48): -0.00433112, -0.00198423, -0.00433112, -0.00198423,
         (52): -0.00111014, -0.00298733, 0.000127999, -0.000279392,
         (56): -0.000914103, -0.0024598, -0.000947097, -0.00254859,
         (60): -8.28389e-06, 1.8082e-05, -0.00245043, 0.000910619,
         (64): -0.000512906, -0.0013802, -0.00241794, -0.00110774,
         (68): 8.01915e-05, -0.00017504, -0.00137444, 0.000510765,
         (72): -9.25118e-05, 0.000201934, -3.25925e-05, 7.11419e-05,
         (76): -2.26605e-05, 4.94581e-05, -0.00168588, -0.000772357, 0, 0, 0,
         (83): 0, 0.191163, 0.0746224, 0.16258, 0.370787, 0.0300814,
         (89): -0.01319, -0.00648352, 0.0166089, -0.000287636, 0.000736961,
         (94): -0.0069099, -0.0157588, -0.0136326, -0.00532162, -0.00960222,
         (99): -0.0218992, 6.38789e-05, -2.80189e-05, 0.00196207,
         (103): -0.000860287, 0.00499937, -0.0128071, 0.00499941, -0.0128071,
         (108): -0.00434331, -0.00169551, 0.00341555, -0.00149764,
         (112): 0.00257005, -0.00658363, -0.00284005, -0.00647706,
         (116): -0.00319547, -0.00124737, 0.00178899, -0.000784406,
         (120): -0.00147681, 0.000647522, 0.000891186, -0.00228284,
         (124): -0.00229502, -0.000895937, 0.00277537, -0.00121692,
         (128): -0.00380798, -0.00148648, 0.000920372, -0.00235767, 0.001742,
         (133): -0.000763797, 0.00174198, -0.000763827, -0.00185758,
         (137): -0.000725138, -0.00119246, -0.00271957, -0.00061401,
         (141): -0.000239685, -0.000294236, -0.000114844, -0.000792269,
         (145): -0.00180688, 0.000784467, -0.00200961, -0.00102643,
         (149): -0.000400668, 8.21463e-05, -3.60157e-05, -0.000984122,
         (153): -0.00224438, 0.000510102, -0.0013068, -0.000892344,
         (157): -0.00203511, -0.000579582, -0.0013218, -0.000428217,
         (161): -0.00097662, -0.000502912, 0.000220516, 0, 0, 0, 0,
         (168): -0.574061, -0.245408, 1.24792e-06, 6.75988e-07, -0.0474097,
         (173): 0.0190137, 0.00349439, -0.00817351, -0.00634235, 0.0148359,
         (178): 7.71083e-08, 5.05867e-09, -0.00348038, -0.00148798,
         (182): 0.0039131, 0.00975732, 0.00145578, -0.000583866, 2.03617e-08,
         (187): -1.0563e-07, 0.00113909, -0.00266482, -0.00113921, 0.0026646,
         (192): 0.00291925, 0.00124792, 0.00833026, -0.00334088, -0.00139911,
         (197): 0.00327268, -0.000488995, -0.00121931, 5.84425e-05,
         (201): 2.49936e-05, -0.00403524, 0.00161831, 2.57553e-08,
         (205): -7.47583e-09, 0.000323636, -0.000757054, 5.10567e-08,
         (209): -8.88073e-09, -0.00108136, 0.000433671, -0.000384615,
         (213): -0.00016444, 0.000179012, -0.000418649, 0.00286886,
         (217): -0.00115057, -0.00286886, 0.00115055, -0.000380324,
         (221): -0.000162609, 0.000105361, 0.000262623, -0.00245392,
         (225): -0.00104905, -0.00310784, -0.0013286, 0.000787435,
         (229): 0.00196346, -0.000184908, 0.000432563, 0.000501068,
         (233): 0.000214193, -0.00027011, 0.000108327, -0.000190419,
         (237): -0.000474825, 4.28549e-09, 1.62892e-08, -0.000389767,
         (241): -0.000971829, 0.000197823, 0.000493242, -0.000473133,
         (245): -0.00117973, 0.000747193, -0.000299671, 0, 0, 0, 0,
         (252): -0.332168, -0.0685266, -0.283229, -0.430466, -0.0236326,
         (257): 0.0155494, 0.00689347, -0.0334141, -0.00403826, 0.0195743,
         (262): 0.0178084, 0.0270661, 0.0182192, 0.00375862, 0.00725429,
         (267): 0.0110256, 0.000722501, -0.000475381, 0.00344261, -0.0022651,
         (272): -0.00129504, 0.00627738, -0.00129505, 0.0062774, 0.0105978,
         (277): 0.00218632, 0.00024106, -0.000158611, -0.000856721,
         (281): 0.00415269, 0.0021496, 0.00326711, 0.00220239, 0.000454359,
         (286): -0.00226166, 0.00148808, 0.00353472, -0.00232571, 5.6697e-05,
         (291): -0.000274861, 0.000200701, 4.13986e-05, -0.00190021,
         (295): 0.00125025, 0.00335489, 0.000692117, 0.000441479,
         (299): -0.00213989, 0.00186002, -0.00122382, 0.00186002,
         (303): -0.00122381, 0.00399869, 0.000824924, 0.0017338, 0.00263512,
         (308): -0.000565928, -0.000116753, 0.000318398, 6.56873e-05,
         (312): 0.000169309, 0.000257331, 0.000484462, -0.00234833,
         (316): 0.000940756, 0.00019407, 0.000411996, -0.000271082,
         (320): 0.000530961, 0.000806979, 4.00681e-05, -0.000194206,
         (324): 0.000403757, 0.00061367, -0.00032168, -0.000488895,
         (328): -0.000175087, -0.000266096, -0.00048303, 0.00031781, 0, 0, 0,
         (335): 0
         }
      }
   }
   GROUP "KPOINT3" {
      ATTRIBUTE "twfcollect" {
         DATATYPE  H5T_STD_I32LE
         DATASPACE  SIMPLE { ( 1 ) / ( 1 ) }
         DATA {
         (0): 0
         }
      }
      DATASET "BAND0" {
         DATATYPE  H5T_IEEE_F64LE
         DATASPACE  SIMPLE { ( 336 ) / ( 336 ) }
         DATA {
         (0): -0.00477989, 0.00114137, 0.0791637, -0.12883, 0.0207714,
         (5): 0.0127636, 0.0023954, 0.0100314, 0.0116248, 0.0071432,
         (10): 0.00133534, -0.000318869, -9.6417e-05, 2.3024e-05, -0.0049765,
         (15): 0.00809869, 0.00466936, 0.0195544, 0.0033901, 0.0141971,
         (20): 0.00871783, 0.00535694, 0.00871784, 0.00535694, 0.00263088,
         (25): 0.0110176, -0.00419479, 0.00682656, 0.00600306, 0.00368877,
         (30): -0.00328391, 0.00534421, -5.21837e-05, 1.24656e-05,
         (34): 0.00188886, 0.00791015, 0.00141092, 0.00590866, -0.00206013,
         (39): 0.00335265, 0.00125157, 0.00524134, -0.000476046, 0.000113672,
         (44): -0.00187567, 0.00305245, 0.00298988, 0.00183723, -0.0017087,
         (49): 0.00278071, 0.00260631, 0.00160153, 0.00096771, 0.00405258,
         (54): 0.000967711, 0.00405258, -0.00125596, 0.00204393,
         (58): -0.000825711, 0.00134375, -0.00127248, 0.00207083, 0.00139289,
         (63): 0.000855903, 0.0001643, -3.9234e-05, 0.000657474, 0.00275339,
         (68): -0.000223505, 5.33688e-05, 0.00186604, 0.00114665,
         (72): 0.000367462, -8.77458e-05, 4.8275e-05, -1.15304e-05,
         (76): 0.000128371, -3.06535e-05, 0, 0, 0, 0, 0, 0, 0.57863,
         (85): -0.281539, 0.0832152, -0.240934, 0.0322631, 0.0111432,
         (90): -0.0127285, -0.0261601, -0.00687553, -0.0023747, -0.0188899,
         (95): 0.00919112, -0.0210124, 0.0102238, -0.00478742, 0.0138611,
         (100): 0.000226524, 0.000465551, -0.00129154, -0.00265448,
         (104): -0.0127422, -0.00440091, -0.0127423, -0.004401, -0.000421089,
         (109): -0.000865449, -0.00205901, 0.00596135, -0.00680441,
         (113): -0.00235014, -0.0017138, 0.00496193, -0.00626265, 0.00304716,
         (118): -0.000760575, -0.00156321, 0.000858763, 0.001765,
         (122): -0.00157006, 0.00454574, -0.00113868, -0.00234029,
         (126): -0.00402945, 0.00196057, -0.00117674, 0.00340708,
         (130): -0.00192311, -0.000664205, -0.000669895, 0.00193955,
         (134): -0.0019181, -0.000662474, -0.000378785, -0.000778501,
         (138): -0.000378796, -0.000778516, -0.000338618, 0.000980331,
         (142): -0.000655867, 0.00189891, -0.000213389, 0.000617868,
         (146): -0.00155419, -0.000536784, -0.0018671, 0.000908428,
         (150): 7.67364e-05, 0.000157731, -0.00274215, 0.00133423,
         (154): -0.00105592, -0.000364698, -0.00249517, 0.00121405,
         (158): -0.00101731, 0.000494975, -0.000867896, 0.000422278, 0, 0, 0,
         (165): 0, 0, 0, -0.455114, 0.00624846, -0.1389, 0.142767,
         (172): -0.0250924, -0.0244127, 9.68391e-05, 0.00705527, 0.0143074,
         (177): 0.0139199, 0.017834, -0.000244827, 0.00514421, -7.06322e-05,
         (182): 0.00668713, -0.00687328, -5.92606e-07, -4.44589e-05,
         (186): -3.349e-05, -0.00244023, 0.00128366, 0.00124889, 0.00128367,
         (191): 0.00124889, -5.39413e-05, -0.0039306, 0.00434854, -0.0044696,
         (196): 0.00086808, 0.000844564, 0.001588, -0.00163222, 0.00114133,
         (201): -1.56623e-05, 1.34224e-05, 0.000976622, -3.84176e-05,
         (205): -0.00279876, 0.001608, -0.00165276, 7.87677e-06, 0.000573462,
         (210): 0.00287259, -3.94348e-05, 0.00221765, -0.00227939,
         (214): -0.000748329, -0.000728057, -0.000132152, 0.000135834,
         (218): -0.00137283, -0.00133564, -2.88844e-05, -0.00210412,
         (222): -2.88891e-05, -0.00210412, -0.000102849, 0.000105708,
         (226): 0.000735577, -0.000756055, 0.000328174, -0.000337308,
         (230): 0.000183691, 0.000178721, 4.56921e-05, -6.27233e-07,
         (234): -8.06258e-07, -5.86842e-05, 0.000411875, -5.65605e-06,
         (238): -0.00153972, -0.00149801, 0.000286282, -3.92973e-06,
         (242): -0.000630272, 8.65555e-06, -0.000358752, 4.9228e-06, 0, 0, 0,
         (249): 0, 0, 0, 7.77455e-07, -5.2214e-07, -0.437376, -0.480296,
         (256): 0.00912994, -0.00831391, -0.0543545, -0.0025422, -0.00765081,
         (261): 0.00696705, 6.16038e-08, -2.68953e-08, -0.000365185,
         (265): 0.00780725, -0.00118479, -0.0013012, 0.00186403, 8.71602e-05,
         (270): 0.00833949, 0.000390034, 0.00170307, -0.00155092,
         (274): -0.00170307, 0.00155085, 9.45159e-09, -5.47512e-08,
         (278): 0.00155647, 0.00170914, -0.00195009, 0.0017758, -0.000575821,
         (283): -0.000632323, 3.43137e-05, -0.00073309, -0.00332,
         (287): -0.000155286, -1.18753e-08, -1.50358e-08, -0.000454469,
         (291): -0.000499103, -0.00139768, -6.53611e-05, -1.95458e-05,
         (295): 0.000418411, -2.72418e-05, -2.99207e-05, 0.000456274,
         (299): -0.000415503, 1.26139e-08, -1.55028e-08, 0.000277857,
         (303): -0.000253008, 0.00232551, 0.000108763, -0.00232551,
         (307): -0.000108775, -0.00147531, -0.00162009, -0.000156841,
         (311): -0.000172242, -0.00179013, -0.00196582, 8.65926e-09,
         (315): -6.37028e-09, -7.0758e-05, 0.00151287, 5.46064e-05,
         (319): 2.55174e-06, 3.50764e-05, -0.000749782, -0.00027766,
         (323): 0.000252853, 5.84035e-05, -0.00124866, -2.26909e-05,
         (327): 0.000485316, 4.73423e-05, -0.00101224, 0, 0, 0, 0, 0, 0
         }
      }
   }
   GROUP "KPOINT4" {
      ATTRIBUTE "twfcollect" {
         DATATYPE  H5T_STD_I32LE
         DATASPACE  SIMPLE { ( 1 ) / ( 1 ) }
         DATA {
         (0): 0
         }
      }
      DATASET "BAND0" {
         DATATYPE  H5T_IEEE_F64LE
         DATASPACE  SIMPLE { ( 336 ) / ( 336 ) }
         DATA {
         (0): 0.000224221, 0.0311863, -0.127563, -0.125742, 0.0206622,
         (5): -0.0209615, 0.00967836, -6.95988e-05, 0.00833027, -0.00845094,
         (10): -5.36448e-06, -0.000745851, 0.0198414, -0.000142667,
         (14): -1.16734e-05, -0.00162309, 0.00520598, 0.00513165, 0.0171852,
         (19): -0.000123572, 0.00757486, -0.00768458, 0.00757486,
         (23): -0.00768457, 0.00917821, -6.59877e-05, 0.00498711, 0.00491591,
         (28): 0.0042965, 0.00423515, 0.00455778, -0.00462379, -1.76395e-06,
         (33): -0.000244402, 0.00747036, -5.37162e-05, 0.00611391,
         (37): -4.39556e-05, 4.86864e-06, 0.000677065, 0.00278046,
         (41): 0.00274076, 0.00293536, 0.00289346, 0.00543414, -3.90757e-05,
         (46): 0.00114831, 0.00113192, 0.00207793, -0.00210804, 0.00198682,
         (51): -0.0020156, 0.00124704, -0.00126511, 0.00174326, 0.00171837,
         (56): 0.00148137, 0.00146022, 0.0035881, -2.57966e-05, 0.0035881,
         (61): -2.57996e-05, 0.0029667, -2.13292e-05, 1.28069e-06,
         (65): 0.000178262, 0.00150202, 0.00148057, -2.99649e-06,
         (69): -0.000416897, -4.96188e-06, -0.000689516, 0.00125256,
         (73): -0.0012707, -2.07651e-07, -2.89463e-05, -1.63589e-06,
         (77): -0.000227437, 0, 0, 0, 0, 0, 0, -0.0312849, -0.815145,
         (86): -0.180125, -0.16681, 0.0349382, -0.037727, -0.0202965,
         (91): 0.00077895, -0.00768294, 0.00829623, 0.000767487, 0.0199985,
         (96): 0.0014949, -5.73921e-05, 0.000779312, 0.0203053, 0.00959409,
         (101): 0.00888489, -0.000799709, 3.06751e-05, -0.00763031,
         (105): 0.00823936, -0.00763032, 0.00823938, 0.000150765,
         (109): -5.79942e-06, 0.00476179, 0.00440975, 0.00477319, 0.00442038,
         (114): -0.00409543, 0.00442236, 0.000227982, 0.00594069,
         (118): -0.000961515, 3.68959e-05, 0.00204469, -7.84475e-05,
         (122): 0.000222451, 0.0057962, 0.00347893, 0.00322176, 0.00367114,
         (127): 0.00339978, -0.0016161, 6.20263e-05, 0.00218462, 0.00202314,
         (132): -0.00103756, 0.00112037, -0.00095351, 0.00102964,
         (136): -0.00143131, 0.00154554, 0.00125091, 0.00115846, 0.00100398,
         (141): 0.000929768, -8.44342e-05, 3.25094e-06, -8.44276e-05,
         (145): 3.24714e-06, 0.000331557, -1.27117e-05, 0.000123794,
         (149): 0.00322557, 0.000659781, 0.000610994, 7.3329e-05, 0.00191055,
         (154): 0.000112272, 0.00292543, -0.000293499, 0.000316927,
         (158): 3.29022e-05, 0.000857149, 3.02863e-05, 0.000789294, 0, 0, 0,
         (165): 0, 0, 0, -0.296851, -0.0786232, -0.0496317, 0.0288457,
         (172): -0.0148631, -0.0255728, 0.00138953, -0.00524645, 0.00882323,
         (177): 0.0151809, 0.00881663, 0.00233518, -0.000469737, 0.00177353,
         (182): -0.00112439, -0.000297789, 0.00287734, -0.0016723,
         (186): 0.000797862, -0.00301239, -0.000706865, -0.00121621,
         (190): -0.00070686, -0.0012162, 0.000766597, -0.00289433,
         (194): 0.00241128, -0.00140144, 0.000655491, -0.000380968,
         (198): -0.000533354, -0.000917669, -0.00124283, -0.00032916,
         (202): -8.77356e-05, 0.000331258, 0.000346919, -0.00130979,
         (206): 0.00211364, 0.000559826, 0.0014977, -0.000870459,
         (210): 0.000578526, -0.000336238, 4.5476e-05, -0.000171718,
         (214): 0.000609413, -0.00035419, -0.000794169, -0.0013664,
         (218): -0.000678108, -0.00116673, 0.000400026, 0.000688273,
         (222): -0.000665796, 0.000386972, -0.000245003, 0.000142391,
         (226): 0.000395454, -0.00149306, 0.000395452, -0.00149306,
         (230): -0.000114671, 0.000432954, -0.000484814, -0.000128405,
         (234): 0.000202749, -0.000117842, -0.000335973, -8.89862e-05,
         (238): -0.000373869, -9.90236e-05, -0.000814264, -0.00140099,
         (242): -0.000596036, -0.000157866, -0.000389521, -0.000103166, 0, 0,
         (248): 0, 0, 0, 0, 1.58523e-07, 1.07093e-06, -0.0167802, -0.657812,
         (256): 0.017794, -0.000453714, -0.0392908, -0.0373361, -0.00724811,
         (261): 0.000184856, 3.60074e-09, 7.66792e-08, 0.00174905,
         (265): 0.00166203, -0.00510302, 0.00537018, -3.36205e-06,
         (269): -0.0001344, 0.00564607, 0.00536519, 0.00221981, -5.66163e-05,
         (274): -0.0022198, 5.66284e-05, 3.58935e-08, 1.04856e-09,
         (278): 3.63078e-05, 0.0014219, -3.23071e-05, -0.0012667,
         (282): -0.00227807, 5.81125e-05, 0.000118248, -0.000124395,
         (286): -0.00177744, -0.00168901, 2.02841e-08, -2.1489e-09,
         (290): -0.00044316, 0.000466388, 1.04703e-05, 0.000410155,
         (294): -1.99099e-05, -0.000781098, -0.0010493, -0.000997095,
         (298): -3.13272e-05, -0.00122865, 0.000324753, -8.27938e-06,
         (302): 0.000526257, -1.3418e-05, -7.26451e-09, 4.53647e-09,
         (306): 1.62609e-08, 1.65139e-08, -4.32407e-05, -0.00169513,
         (310): 0.00122438, 0.00116347, -0.00122437, -0.00116347,
         (314): 0.000242229, 0.000230182, 0.000630151, -0.000663139,
         (318): -4.84235e-05, -0.00189858, -0.000642717, 0.000676365,
         (322): 0.000971737, -0.00102261, -0.000318703, 8.13335e-06,
         (326): -0.000256336, 0.000269762, 0.000493536, -0.000519371, 0, 0,
         (332): 0, 0, 0, 0
         }
      }
   }
   GROUP "KPOINT5" {
      ATTRIBUTE "twfcollect" {
         DATATYPE  H5T_STD_I32LE
         DATASPACE  SIMPLE { ( 1 ) / ( 1 ) }
         DATA {
         (0): 0
         }
      }
      DATASET "BAND0" {
         DATATYPE  H5T_IEEE_F64LE
         DATASPACE  SIMPLE { ( 336 ) / ( 336 ) }
         DATA {
         (0): 0.0240165, 0.152456, 0.00337236, -0.00463354, -0.00958173,
         (5): -0.00697372, -0.0182466, 0.00287441, -0.0160659, 0.00253087,
         (10): -0.00245266, 0.00336988, -0.00159968, -0.0101547, 5.02277e-05,
         (15): -6.90072e-05, -0.0162581, -0.0118329, -0.0113514, 0.00178821,
         (20): -0.00155195, -0.00985168, -0.0112652, -0.00819896,
         (24): -0.00912718, 0.00143782, -0.00990798, -0.00721118,
         (28): -0.00695963, 0.00109636, -5.30637e-06, 7.29403e-06,
         (32): -0.000942594, -0.00598357, -0.00602332, -0.00438387,
         (36): -0.0054802, -0.00398858, -0.00448096, 0.000705889,
         (40): -0.000603134, -0.00382864, -0.00386546, 0.000608926,
         (44): -0.0006287, -0.00399095, -0.00454652, -0.00330902,
         (48): -0.00385963, -0.0028091, -0.00385963, -0.0028091,
         (52): -0.000464913, -0.00295124, 6.23203e-05, -8.56282e-05,
         (56): 6.23235e-05, -8.56301e-05, -0.000380975, -0.00241841,
         (60): -0.00285701, 0.000450067, -0.000331652, -0.00210533,
         (64): 8.05235e-05, -0.000110636, -0.00214934, -0.00156433,
         (68): -0.000113681, 0.000156189, -0.000227241, -0.00144253,
         (72): -0.00143296, 0.000225736, -0.000146836, 0.000201753,
         (76): -0.00147559, -0.00107395, -9.89709e-05, 0.000135983,
         (80): -0.000116672, 0.000160302, 0, 0, -0.0311953, -0.256537,
         (86): 0.156734, -0.200129, -0.0314798, -0.0246539, 0.00722494,
         (91): -0.000878514, -0.00111013, 0.000134989, -0.00902657,
         (95): 0.0115258, 0.00139959, 0.0115096, -0.0130945, 0.01672,
         (100): 0.000293522, 0.000229869, -0.0127695, 0.00155279,
         (104): 0.000557284, 0.00458287, -0.00182328, -0.00142795,
         (108): -0.0111803, 0.00135952, -0.00166846, -0.00130669,
         (112): -0.00682016, 0.000829325, -0.00433254, 0.0055321,
         (116): 0.000388075, 0.00319152, -0.00142201, -0.00111366,
         (120): 0.00037864, 0.000296527, -0.00258172, 0.000313949,
         (124): 0.000457555, 0.00376271, -0.00380771, 0.000463029,
         (128): 0.000351797, 0.00289294, -0.00123467, -0.000966947,
         (132): -0.00175943, -0.00137792, -0.00175944, -0.00137793,
         (136): 0.00019157, 0.00157534, -0.0015349, 0.00195986, -0.0015349,
         (141): 0.00195986, 2.78766e-05, 0.000229279, -0.00262629,
         (145): 0.000319366, 5.17765e-05, 0.000425824, -0.00151976,
         (149): 0.00194054, 2.50021e-05, 1.95811e-05, -0.00129727,
         (153): 0.00165647, 0.000100106, 0.000823336, -0.00121923,
         (157): 0.000148259, -0.00103774, 0.00132506, 0.000630477,
         (161): 0.00049377, -0.000574627, 0.000733732, -0.000477066,
         (165): 0.000609156, 0, 0, -0.715414, 0.36741, -0.17229, -0.0553712,
         (172): -0.0182955, 0.0569269, -0.00456573, -0.00889023, 0.00875904,
         (177): 0.0170554, 0.0195519, 0.0062837, 0.0120561, -0.00619154,
         (182): 0.0114091, 0.00366671, 0.000838878, -0.00261018,
         (186): -0.000281817, -0.000548685, 0.0100089, -0.00514019,
         (190): 0.00155416, -0.00483578, 0.00136254, 0.00265313, 0.00228326,
         (195): -0.00710449, 0.00153327, 0.00298558, 0.00283381, 0.000910763,
         (200): 0.00110455, -0.000567247, -0.000776261, 0.00241537,
         (204): 0.00082978, -0.00258186, -1.56966e-05, -3.05457e-05,
         (208): 0.00196417, -0.00100873, -0.000641277, -0.0012487,
         (212): 0.00122853, -0.000630934, 0.0011781, -0.0036657,
         (216): -0.000395309, 0.00123, -0.000395298, 0.00122999, 0.00187202,
         (221): -0.0009614, 0.00195501, 0.000628307, 0.00195501, 0.000628301,
         (226): -0.00186414, 0.000957363, -8.05046e-05, -0.000156759,
         (230): -0.00144306, 0.000741098, 0.000322531, 0.000103657,
         (234): 5.2037e-05, -0.00016191, 0.000292504, 9.39983e-05,
         (238): 0.000966808, -0.00049651, -0.000111309, -0.000216723,
         (242): -0.000536261, -0.000172348, 6.25791e-05, -0.000194717,
         (246): -0.000971503, -0.000312229, -0.000259901, -8.35243e-05, 0, 0,
         (252): -8.81536e-08, -2.16976e-07, -0.449392, 0.273782, 0.0148397,
         (257): 0.0243583, -0.0401596, -0.0097521, -0.00465131, -0.00112951,
         (262): 0.0287742, -0.0175299, 0.00213527, -0.00879315, 2.73546e-08,
         (267): -2.27436e-08, 3.46117e-09, 4.14982e-09, 0.0102537,
         (271): 0.00248994, 0.00173407, -0.00714083, -0.000555236,
         (275): -0.000911379, 0.00348648, 0.000846634, 0.00261015,
         (279): 0.00428438, 1.39259e-08, -3.51826e-09, -0.000851716,
         (283): 0.000518881, -0.000328009, 0.00135072, 0.000679365,
         (287): 0.00111515, -0.00170071, -0.0027916, -0.00122163,
         (291): -0.000296661, 0.00015326, -0.000631198, -0.00208648,
         (295): -0.00050666, -0.000466161, 0.00191966, 0.000158097,
         (299): 0.000259504, 0.0012174, 0.00199829, -0.0012174, -0.00199829,
         (304): 0.000638381, -0.00262887, 0.00123532, -0.000752586,
         (308): -0.00123533, 0.000752586, 4.40824e-05, -0.000181532,
         (312): -0.00277333, -0.000673457, 4.13898e-05, -0.000170428,
         (316): 9.25143e-09, -1.95672e-08, -0.000505626, -0.000829956,
         (320): -0.000891829, 0.00054333, 4.89342e-05, -0.0002015,
         (324): -0.000189157, -4.59397e-05, 0.000881288, -0.000536907,
         (328): 0.000370356, 0.000607919, -4.27607e-09, -5.14253e-10,
         (332): -0.00137361, 0.000836844, 0, 0
         }
      }
   }
   GROUP "KPOINT6" {
      ATTRIBUTE "twfcollect" {
         DATATYPE  H5T_STD_I32LE
         DATASPACE  SIMPLE { ( 1 ) / ( 1 ) }
         DATA {
         (0): 0
         }
      }
      DATASET "BAND0" {
         DATATYPE  H5T_IEEE_F64LE
         DATASPACE  SIMPLE { ( 336 ) / ( 336 ) }
         DATA {
         (0): -0.0376598, 0.187323, 0.0153785, -0.0102301, -0.00620039,
         (5): -0.0093208, -0.0218413, -0.00439102, -0.0139892, -0.00281242,
         (10): -0.00249545, 0.00166002, -0.0110572, -0.0166219, 0.00157578,
         (15): -0.00783811, -0.00114475, 0.000761514, -0.0119636,
         (19): -0.00240519, -0.007994, -0.0120171, 0.00177463, -0.00882718,
         (24): -0.00631204, -0.00948864, -0.00945263, -0.00190037,
         (28): -0.00622347, -0.00125118, 0.0011463, -0.00570182,
         (32): -0.000268842, 0.00017884, -0.00381532, -0.00573542,
         (36): -0.00371511, -0.00558478, 0.000775309, -0.00385646,
         (40): -0.00392282, -0.000788654, -0.00365825, -0.000735462,
         (44): 0.000658372, -0.0032748, 0.000188527, -0.000125415,
         (48): -0.00282966, -0.00425371, -0.00264251, -0.00397238,
         (52): 0.000588515, -0.00292733, -0.0022934, -0.00344758,
         (56): -0.000121309, 8.06994e-05, 0.000408167, -0.00203027,
         (60): 0.000302074, -0.00150254, -8.89147e-06, 5.91288e-06,
         (64): -0.00155056, -0.0023309, 0.000356666, -0.0017741, -0.0024096,
         (69): -0.000484431, -0.00162868, -0.000327435, -0.000207011,
         (73): 0.000137707, -0.000445595, 0.000296417, -0.00023798,
         (77): 0.00015831, 0, 0, 0, 0, 0, 0, 0.138352, -0.292183, 0.383704,
         (87): -0.137099, -0.0130708, -0.0365819, 0.0163266, 0.00773085,
         (92): -0.00260747, -0.00123466, -0.0158474, 0.00566231, 0.000684688,
         (97): 0.0019163, -0.00504431, 0.010653, -0.019126, 0.00683374,
         (102): -0.0109645, -0.00519183, -0.000480704, -0.0013454,
         (106): -0.00255585, 0.00539759, -0.000402498, -0.00112649,
         (110): -0.00963168, -0.00456068, -0.00593394, -0.00280977,
         (114): -0.00183954, 0.0038849, -0.00637807, 0.00227891, 0.000358944,
         (119): 0.00100458, -0.000445135, -0.00124585, -0.00181409,
         (123): 0.00383115, -0.00277398, -0.0013135, -0.00194574,
         (127): -0.00092135, -0.00119242, 0.00251826, -0.00309785,
         (131): 0.00110688, -0.000245409, -0.00068686, -0.000625727,
         (135): -0.00175129, -0.00108461, 0.00229056, -0.000433526,
         (139): -0.00121333, -0.00224548, 0.000802309, -0.000205264,
         (143): 0.000433506, -0.000564241, 0.00119162, -0.0026687,
         (147): 0.000953545, 0.000171638, 0.000480364, -0.000336738,
         (151): 0.000711139, -0.00150382, -0.000712075, -0.00104985,
         (155): -0.000497113, -0.00160691, 0.000574155, -0.00190521,
         (159): 0.000680746, -0.000774246, 0.000276642, 0, 0, 0, 0, 0, 0,
         (168): -0.266812, 0.665915, -0.316681, 0.135504, 0.0199461,
         (173): 0.0466151, -0.0226177, -0.00906219, 0.0161791, 0.00648244,
         (178): 0.0169687, -0.0072607, -0.00065926, -0.00154072, 0.00465185,
         (183): -0.0116102, 0.0090307, -0.00386416, 0.000907361, 0.000363558,
         (188): -0.00257953, -0.00602852, 0.00331926, -0.0082843, -0.0019219,
         (193): -0.00449161, 0.00278036, 0.00111401, 0.0021671, 0.00086829,
         (198): 0.000441935, -0.00110302, 0.0022393, -0.000958172,
         (202): -0.00109783, -0.00256566, 0.000649388, 0.00151764,
         (206): 0.000844823, -0.00210854, -0.00139379, -0.000558443,
         (210): -0.000514888, -0.000206304, 0.00103507, -0.00258335,
         (214): 0.00258608, -0.00110655, -0.00118957, -0.00278009,
         (218): 0.000542741, 0.00126841, 0.000376863, -0.000940589,
         (222): 0.00010842, 0.000253382, 0.0012205, -0.000522246,
         (226): -0.000458973, 0.00114551, 0.000350973, -0.000875977,
         (230): 0.000301289, -0.000128918, -5.72698e-05, -0.000133839,
         (234): -0.000363645, 0.000907584, -0.000666922, -0.000267214,
         (238): 7.04199e-05, 2.82145e-05, 1.58514e-05, -6.78122e-06,
         (242): -0.000293252, 0.000125478, -0.000630119, 0.000269617, 0, 0,
         (248): 0, 0, 0, 0, 0.130713, -0.324338, -0.578475, 0.246143,
         (256): -0.00970535, -0.0228092, -0.0427838, -0.0172425, 0.00524447,
         (261): 0.0021136, 0.0139619, -0.00594082, 0.000627962, 0.00147582,
         (266): 0.00145781, -0.00361733, 0.00166193, -0.000707148, 0.0072278,
         (271): 0.00291289, 0.00213112, 0.0050085, 0.000393063, -0.000975324,
         (276): 1.15781e-05, 2.72161e-05, 0.00278879, 0.00112391,
         (280): 0.000204857, 8.25563e-05, 0.000926531, -0.002299,
         (284): -7.76049e-05, 3.30308e-05, -0.00074664, -0.00175473,
         (288): -0.000168637, -0.000396318, 0.000755392, -0.00187434,
         (292): -0.000981336, -0.000395493, -0.000788323, -0.000317712,
         (296): 0.000844933, -0.00209654, 0.00132544, -0.000563981,
         (300): 0.000353782, 0.000831457, 0.000140622, 0.000330487,
         (304): -0.000471075, 0.00116887, -0.000878631, -0.00206492,
         (308): -0.000814586, 0.000346613, 0.000552121, -0.00136998,
         (312): 0.000236075, -0.00058576, 0.00116909, -0.00049745,
         (316): -7.42896e-05, -0.000174596, 0.000496506, -0.00123198,
         (320): -0.00187061, -0.000753888, 0.00025008, 0.000100786,
         (324): -0.00097763, 0.000415987, 0.00173169, -0.000736835,
         (328): 0.000558624, -0.000237693, 0, 0, 0, 0, 0, 0
         }
      }
   }
   GROUP "KPOINT7" {
      ATTRIBUTE "twfcollect" {
         DATATYPE  H5T_STD_I32LE
         DATASPACE  SIMPLE { ( 1 ) / ( 1 ) }
         DATA {
         (0): 0
         }
      }
      DATASET "BAND0" {
         DATATYPE  H5T_IEEE_F64LE
         DATASPACE  SIMPLE { ( 336 ) / ( 336 ) }
         DATA {
         (0): 0.0442856, -0.109786, 0.0772623, 0.181738, -0.0205722,
         (5): 0.00874588, -0.0121792, -0.00491284, -0.0111623, 0.00474543,
         (10): -0.00155923, 0.00386539, -0.0172868, -0.00697316, -0.0019788,
         (15): 0.00490552, -0.00177118, -0.00416619, -0.0157054, -0.00633524,
         (20): -0.0130956, 0.00556735, -0.00275173, -0.00647264, -0.0103129,
         (25): 0.00438434, -0.00866005, -0.00349329, -0.00176479,
         (29): -0.00415115, -0.00604714, 0.00257085, -0.00622709,
         (33): -0.00251188, -0.000571381, 0.00141646, -0.00129914,
         (37): -0.00305586, -0.00556727, -0.00224573, -4.32559e-05,
         (41): 0.000107262, -0.00121524, -0.00285849, -0.00396402,
         (45): 0.00168522, -0.0044452, -0.0017931, -0.00305813, 0.0013001,
         (50): -0.000485079, -0.00114103, -0.00420995, -0.00169821,
         (54): -0.00071726, -0.00168716, -0.00184541, 0.000784537,
         (58): -0.000262653, 0.000651144, -0.000251218, 0.000622798,
         (62): -0.00330908, -0.00133482, -0.00252473, -0.00101842,
         (66): -0.000490051, -0.00115272, -0.000612068, -0.00143972,
         (70): -0.000468231, 0.00116078, -0.00202185, 0.000859555,
         (74): -0.00015559, 0.000385709, 0, 0, 0, 0, 0, 0, 0, 0, 0.140889,
         (85): -0.628224, -0.219894, -0.347037, 0.0357237, -0.0226357,
         (90): -0.0316794, -0.00710458, -0.00453412, 0.00287297, -0.00402696,
         (95): 0.0179563, 0.00612818, 0.00137434, -0.00416435, 0.0185687,
         (100): 0.00713556, 0.0112613, 0.00275658, 0.000618202, -0.00764198,
         (105): 0.00484218, 0.0043759, 0.00690604, -0.00695468, 0.00440672,
         (110): 0.00145636, 0.000326616, 0.00349671, 0.00551852, -0.00432329,
         (115): 0.00273939, 0.00287925, 0.000645697, -0.00136249, 0.00607534,
         (120): 0.00298071, 0.0047042, 0.000124928, 2.80174e-05, -0.00104554,
         (125): 0.00466207, 0.0026336, 0.00415635, -0.00124807, 0.00079082,
         (130): -0.000609233, -0.000136637, -0.000941176, 0.000596364,
         (134): 0.00125173, 0.00197548, 0.000766087, 0.000171814, 0.00133419,
         (139): 0.00210561, -0.000908217, 0.000575478, -0.000465809,
         (143): 0.0020771, -0.000694352, 0.00309613, 0.000136623,
         (147): 3.06355e-05, 0.00119412, 0.000267806, 0.000720134,
         (151): 0.00113652, 0.000533197, 0.000841487, -0.000481453,
         (155): 0.00214679, -0.00040145, 0.000254374, -0.000258793,
         (159): 0.00115396, 0, 0, 0, 0, 0, 0, 0, 0, 0.180185, -0.44916,
         (170): -0.114445, -0.267776, 0.0343828, -0.0146948, -0.0132465,
         (175): -0.005314, -0.016804, 0.00718185, -0.00493316, 0.0122972,
         (180): -0.00213143, -0.000855046, -0.00154825, 0.00385943, 0.002794,
         (185): 0.00653738, 0.00272368, 0.00109263, -0.00112281, 0.000479873,
         (190): 0.00154851, 0.00362319, -0.00164224, 0.000701874, 0.00296129,
         (195): 0.00118795, 0.000340644, 0.000797032, -0.000438254,
         (199): 0.000187303, 0.00140003, 0.000561637, -4.53758e-05,
         (203): 0.000113108, 0.000482162, 0.00112816, -0.000853597,
         (207): -0.00034243, -0.00105083, 0.00261949, 0.00088006, 0.00205916,
         (212): 0.00135506, -0.000579133, -0.000869223, -0.000348697,
         (216): 0.000959306, -0.000409998, 0.000295344, 0.000691047,
         (220): 0.00139335, 0.000558959, -0.000127401, -0.000298094,
         (224): -0.00069124, 0.00029543, -5.72421e-05, 0.000142691,
         (228): -2.73898e-05, 6.82786e-05, 0.000461835, 0.00018527,
         (232): -0.000485905, -0.000194925, -0.000146778, -0.000343433,
         (236): -0.000143916, -0.000336734, -3.56092e-05, 8.87674e-05,
         (240): 0.00103653, -0.000443001, 0.000231158, -0.000576224, 0, 0, 0,
         (247): 0, 0, 0, 0, 0, 0.164993, -0.351486, 0.24214, 0.670587,
         (256): 0.0275285, -0.00994016, 0.0512624, 0.0240633, -0.000873336,
         (261): 0.000315344, -0.000280311, 0.000597165, -0.00211169,
         (265): -0.00099126, 0.00176554, -0.00376116, -0.00144101,
         (269): -0.00399077, -0.00575297, -0.00270052, -0.00356289,
         (273): 0.00128651, -0.00118676, -0.00328665, 0.000345636,
         (277): -0.000124798, -0.00182857, -0.000858354, 0.000885186,
         (281): 0.00245145, 0.00127635, -0.000460861, -4.6898e-06,
         (285): -2.20561e-06, 0.000717398, -0.00152829, 0.000273708,
         (289): 0.000758022, 0.00116461, 0.000546683, 9.57539e-05,
         (293): -0.000203983, 7.27988e-05, 0.000201611, 0.000273116,
         (297): -9.86232e-05, 0.00108656, 0.00051005, 0.000415938,
         (301): -0.00015019, 0.000297286, 0.000823305, -0.00143886,
         (305): -0.000675423, -0.00048431, -0.00134126, -0.000379554,
         (309): 0.000137053, 0.000392305, -0.000835731, -0.000490619,
         (313): 0.00104517, 0.00144498, 0.000678295, -0.000203864,
         (317): -9.56966e-05, 0.000491083, 0.00136002, 0.000492452,
         (321): 0.0013638, -0.000778912, 0.00165933, 0.001092, -0.000394306,
         (326): 0.000397696, -0.000847215, 0, 0, 0, 0, 0, 0, 0, 0
         }
      }
   }
   GROUP "KPOINT8" {
      ATTRIBUTE "twfcollect" {
         DATATYPE  H5T_STD_I32LE
         DATASPACE  SIMPLE { ( 1 ) / ( 1 ) }
         DATA {
         (0): 0
         }
      }
      DATASET "BAND0" {
         DATATYPE  H5T_IEEE_F64LE
         DATASPACE  SIMPLE { ( 336 ) / ( 336 ) }
         DATA {
         (0): -0.203369, 0.0873477, 0.0445987, 0.0177987, 0.00529652,
         (5): -0.0132716, -0.0075501, -0.0175786, -0.0056707, -0.0132029,
         (10): -0.00551624, -0.00220146, 0.00703672, -0.0176321, 0.00537634,
         (15): -0.00230917, -0.00383627, -0.00153101, -0.00593525,
         (19): -0.0138188, 0.00864639, -0.00371367, 0.00426784, -0.010694,
         (24): 0.0052107, -0.0130566, -0.00378341, -0.00880876, 0.0044975,
         (29): -0.0019317, 0.00287663, -0.00720806, -0.00246004, -0.00572759,
         (34): -0.00119894, -0.000478484, 0.00318466, -0.00136783,
         (38): -0.00220003, -0.00512227, 0.00202135, -0.00506495, 0.00226382,
         (43): -0.00567252, -0.00162214, -0.00377677, 0.00262025,
         (47): -0.00112541, -0.000215761, -8.61072e-05, -0.000215762,
         (51): -8.61073e-05, 0.00220683, -0.000947843, 0.00153171,
         (55): -0.00383805, 0.00153172, -0.00383806, -0.000529046,
         (59): -0.000211138, -0.000696244, -0.000277858, 0.00146354,
         (63): -0.000628598, 0.000974551, -0.00244195, -0.00115099,
         (67): -0.00267981, 0.00126453, -0.000543119, -0.000701227,
         (71): -0.00163265, 0.0010859, -0.000466398, -0.000722146,
         (75): -0.000288197, 0.00032018, -0.000802281, 0, 0, 0, 0, 0, 0,
         (84): 0.380693, -0.207169, 0.257456, 0.0759957, 0.0124192,
         (89): -0.0420732, 0.00549215, 0.0100923, -0.00036624, -0.000672989,
         (94): -0.0146754, -0.00433189, -0.00166469, 0.00563957, -0.0110126,
         (99): 0.00599294, -0.0174072, -0.00513824, -0.004317, -0.00793291,
         (104): -0.00743547, 0.00404629, -0.000283759, 0.000961296,
         (108): -0.00059455, 0.00201421, -0.0035063, -0.00644319,
         (112): -0.00426765, 0.0023224, -0.000480952, 0.00162935,
         (116): -0.00256839, -0.00471967, -0.00662284, -0.00195492,
         (120): -0.00433627, 0.00235974, -0.00157707, -0.00289801,
         (124): 6.4328e-05, -0.000217924, -0.000180748, 0.000612338,
         (128): -0.000840106, -0.00154378, -0.00264178, 0.00143762,
         (132): -0.00272887, -0.000805504, -0.00272887, -0.000805505,
         (136): -0.00293315, 0.00159618, 0.000181579, -0.000615141,
         (140): 0.000181575, -0.000615143, -0.00270785, -0.000799296,
         (144): -0.00213007, -0.000628752, -0.000698872, 0.000380318,
         (148): -0.000297206, 0.00100686, -0.000711289, -0.00130707,
         (152): -0.0011427, 0.000621843, -0.000306267, -0.000562799,
         (156): -0.00074122, 0.000403363, -0.00133914, -0.000395284,
         (160): 6.43178e-05, -0.000217899, 0, 0, 0, 0, 0, 0, 0.729326,
         (169): -0.122807, 0.122533, 0.0872144, 0.0315938, -0.0443879,
         (174): 0.000800306, 0.00475274, -0.00247189, -0.01468, -0.012631,
         (179): -0.00899034, -8.93696e-05, 0.000125564, -0.0118684,
         (183): 0.00199844, -0.00683979, -0.00486832, -8.09085e-05,
         (187): -0.00048049, -0.00807754, 0.00136013, -0.00242815,
         (191): 0.00341144, -0.00306831, 0.00431085, -0.000382008,
         (195): -0.00226865, -0.000235777, 3.97044e-05, -0.00111583,
         (199): 0.0015677, -0.000335296, -0.00199124, -0.00225858,
         (203): -0.00160758, -0.0013388, 0.000225435, 0.000207527,
         (207): 0.00123246, 0.000639456, -0.000898407, -0.00146439,
         (211): 0.00205741, -5.97842e-05, -0.000355059, -0.00166418,
         (215): 0.000280221, -0.0015353, -0.00109277, -0.0015353,
         (219): -0.00109277, -0.00119475, 0.000201177, 0.000630768,
         (223): -0.000886195, 0.000630764, -0.000886199, 3.18899e-05,
         (227): 2.27015e-05, -0.000131632, -9.36919e-05, 0.00128776,
         (231): -0.000216838, 8.01357e-05, -0.000112587, -4.14624e-05,
         (235): -0.000246245, -0.000621738, 0.000104691, 8.82095e-06,
         (239): 5.23782e-05, 0.000721817, -0.000121543, 0.00040312,
         (243): 0.000286928, -0.000518532, 0.000728516, 0, 0, 0, 0, 0, 0,
         (252): 1.20535e-06, -1.99599e-07, -0.505731, 0.376838, 0.0130083,
         (257): 0.0174569, -0.0513523, -0.00749958, -0.00174958,
         (261): -0.000255333, 0.0179832, -0.0134, -2.30771e-08, 1.71567e-08,
         (266): 0.000377964, -0.00258757, 7.11714e-08, 7.0055e-08,
         (270): 0.00887578, 0.00129622, 0.000584988, -0.00400589,
         (274): -0.000216015, -0.000289915, 0.00181143, 0.00243103,
         (278): 0.00257331, 0.000375829, -2.20825e-05, 0.000151575,
         (282): -0.00147392, -0.00197803, 6.3604e-09, 3.49305e-08,
         (286): -0.00106964, 0.000797078, 1.87894e-05, -0.000128353,
         (290): -0.00201105, -0.000293691, 0.000369073, 0.000495299,
         (294): 9.15532e-05, 0.000122865, -0.00152864, -0.000223237,
         (298): 0.000276356, -0.00189217, 0.000971603, -0.000723961,
         (302): -0.000971584, 0.00072397, -0.00022562, 0.00154506,
         (306): 0.000728565, 0.000977757, -0.00072857, -0.000977773,
         (310): 3.25365e-08, 2.19506e-08, -0.00099869, 0.000744158,
         (314): -2.89269e-05, 0.000198229, -0.00037336, -0.000501054,
         (318): -0.00217424, -0.000317518, 0.000102606, -0.000702586,
         (322): 0.000157858, 2.30485e-05, 7.49609e-05, -0.000513279,
         (326): 0.000982671, -0.000732212, -0.000238416, -0.000319962, 0, 0,
         (332): 0, 0, 0, 0
         }
      }
   }
   GROUP "KPOINT9" {
      ATTRIBUTE "twfcollect" {
         DATATYPE  H5T_STD_I32LE
         DATASPACE  SIMPLE { ( 1 ) / ( 1 ) }
         DATA {
         (0): 0
         }
      }
      DATASET "BAND0" {
         DATATYPE  H5T_IEEE_F64LE
         DATASPACE  SIMPLE { ( 336 ) / ( 336 ) }
         DATA {
         (0): 0.0727027, 0.0897614, 0.00213126, -0.0202976, -0.0133577,
         (5): -0.00140255, -0.0153835, 0.01246, -0.0153836, 0.01246,
         (10): -0.000783705, 0.0074639, -0.0243347, -0.00255512, -0.00648024,
         (15): -0.00800075, -9.41784e-05, 0.000896942, -0.00581579,
         (19): -0.00718039, -0.0139158, -0.00146116, -0.00881959, 0.00714348,
         (24): -0.00881959, 0.00714348, -0.0130959, -0.00137506, -0.00589893,
         (29): 0.00477787, -0.00431737, -0.00533039, -2.19205e-05,
         (33): 0.00020884, -0.00748766, -0.000786201, -0.00821921,
         (37): -0.000863011, -0.00253672, -0.00313192, -0.00367117,
         (41): 0.00297348, -0.00357051, 0.00289196, -0.00566326,
         (45): -0.000594635, -0.00566326, -0.000594636, -0.00566326,
         (49): -0.00059464, -0.00232625, -0.00287207, -0.00185564,
         (53): -0.00229104, -0.00267036, 0.00216288, -1.66376e-05, 0.0001585,
         (58): -0.00151093, -0.00186544, -0.00151093, -0.00186545,
         (62): -2.13657e-05, 0.000203527, -2.13712e-05, 0.000203526,
         (66): -0.000864776, -0.00106768, -5.67274e-05, 0.000540305,
         (70): -5.67311e-05, 0.000540307, -2.87289e-05, 0.000273603,
         (74): -0.0021938, -0.000230347, -0.00116944, 0.000947193,
         (78): -3.35496e-05, 0.000319574, -0.00159802, -0.000167791,
         (82): -0.000656268, -6.89086e-05, 0.0997985, 0.00249283, 0.121887,
         (87): 0.128132, 0.0150947, -0.014359, -0.000100891, 0.0040386,
         (92): -0.000100867, 0.0040386, -0.00837745, -0.00880668,
         (96): -0.000558041, 0.000530843, -0.00958768, -0.000239486,
         (100): -0.01321, -0.0138868, -0.00436767, -0.000109092, 0.00131445,
         (105): -0.00125038, 0.000252488, -0.010108, 0.000252486, -0.010108,
         (110): 0.00172295, -0.00163898, 0.000139879, -0.00559988,
         (114): -0.00397074, -9.91857e-05, -0.00452623, -0.00475814,
         (118): 0.000119858, -0.000114013, 0.000261024, -0.000248301,
         (122): -0.00409401, -0.000102267, 0.000113523, -0.00454465,
         (126): 5.5631e-05, -0.00222712, 0.0010472, -0.000996161, 0.0010472,
         (131): -0.000996162, 0.0010472, -0.000996162, -0.00300309,
         (135): -7.50152e-05, -0.00102657, -2.56431e-05, 5.94223e-05,
         (139): -0.00237887, -0.00229355, -0.00241107, -0.00113243,
         (143): -2.8285e-05, -0.00113243, -2.82869e-05, -0.00129716,
         (147): -0.00136363, -0.00129717, -0.00136363, -0.000963654,
         (151): -2.40691e-05, -0.00156483, -0.00164501, -0.00156483,
         (155): -0.00164501, -0.000877954, -0.000922941, -1.04612e-05,
         (159): 9.95235e-06, 2.52219e-05, -0.00100971, -0.000588615,
         (163): -0.000618774, -0.000583416, 0.000554981, 0.000221062,
         (167): -0.000210286, 0.118417, -0.406297, -0.140216, -0.160731,
         (172): -0.0197634, -0.0224127, 0.00780541, -0.0126315, -0.0291707,
         (177): -0.0129811, 0.0144578, 0.0165732, 0.000128763, 0.000234661,
         (182): 0.00732666, -0.000734289, -0.0112191, 0.00615531, 0.00429333,
         (187): 0.00173554, 0.00106013, -0.000924815, 0.00280135, 0.00465596,
         (192): -0.00318013, 0.00090108, 0.00141341, 0.0074478, -0.00249413,
         (197): -0.000726915, -0.00105914, 0.000541802, 0.00051862,
         (201): -0.000376082, 0.00110231, -0.000961638, -0.00186751,
         (205): -0.00182497, 0.000198286, -0.000161304, 0.000919495,
         (209): -0.000764207, 0.000749088, -7.51419e-05, 0.000985577,
         (213): 0.00268374, -0.00128784, 0.000210911, -0.000365592,
         (217): -0.00322459, -0.000644177, -4.39216e-05, 0.000841013,
         (221): -0.00230954, -0.000487202, -0.00137252, 0.000403466,
         (225): -0.000221374, 0.00121827, -1.57657e-05, 0.000446998,
         (229): -0.0017524, 2.32306e-05, 0.000690344, -0.00169777,
         (233): 0.00022835, 0.000371133, 7.8811e-06, -0.000616526,
         (237): -0.000447015, 0.0013875, -9.6845e-05, 0.000703957,
         (241): -0.000386231, 9.08318e-05, -0.0007187, 1.60747e-05,
         (245): -0.000235908, -0.000414911, -0.00047561, -6.75748e-06,
         (249): 0.000699057, 8.332e-05, 4.12572e-05, 0.100969, -0.416168,
         (254): 0.439125, -0.0265085, -0.0169425, -0.0402272, 0.0295887,
         (259): 0.0217317, -0.0233908, -0.00130223, -0.0452788, 0.00273337,
         (264): 0.000140981, 0.000231288, -0.0092612, 0.00955149, -0.0110571,
         (269): 0.00673953, -0.00680326, 0.00872992, 0.000174825, 0.00289634,
         (274): -0.00269254, -0.00440164, -0.00590533, -0.00321718,
         (278): 0.00322855, 0.000847636, -0.00255473, -0.000619705,
         (282): 0.00106191, -0.000750518, 0.000733576, -0.000354125,
         (286): 0.00018181, 0.00301146, -0.00149993, -0.00390287,
         (290): -0.000160762, 5.39121e-05, 0.00243706, 0.00159894, 0.0011924,
         (295): 0.000575859, 0.0013853, 0.00146234, -0.000527301, -0.0032016,
         (300): -0.00128304, 0.000231454, 0.000883216, -0.000996695,
         (304): 0.000351019, -0.00212241, 0.00128351, 0.00151277,
         (308): 0.000397629, -0.000242383, -0.00160753, 0.00174202,
         (312): 0.000520117, -0.0018873, -0.00168506, 0.000313649,
         (316): 3.47258e-05, 0.000692255, -0.000497776, 0.00054904,
         (320): 0.00129993, 4.4554e-06, -0.000246478, -0.000523905,
         (324): 0.000693802, -0.000422873, -0.00020568, 0.000470169,
         (328): 0.000364999, 0.000323441, 0.0012994, -7.84213e-05,
         (332): 0.000238059, -0.000259119, 5.30518e-05, 0.000188047
         }
      }
   }
}
}
