HDF5 "tempdir_hdf5/evc.hdf5_4" {
GROUP "/" {
   GROUP "KPOINT1" {
      ATTRIBUTE "twfcollect" {
         DATATYPE  H5T_STD_I32LE
         DATASPACE  SIMPLE { ( 1 ) / ( 1 ) }
         DATA {
         (0): 0
         }
      }
      DATASET "BAND0" {
         DATATYPE  H5T_IEEE_F64LE
         DATASPACE  SIMPLE { ( 344 ) / ( 344 ) }
         DATA {
         (0): -0.000518271, -0.0915864, 0.000397847, 0.000393372,
         (4): -0.00805435, 0.00814603, -0.00792163, 0.00801179, -0.0180874,
         (9): 0.000102353, 9.41677e-05, 0.0166411, -0.0139322, 7.88397e-05,
         (14): -0.000174171, -0.000172213, -0.00975708, 5.52151e-05,
         (18): 5.60283e-05, 0.0099008, 0.000209595, 0.000207237, 0.000185732,
         (23): 0.000183646, -0.00884737, 5.00649e-05, -0.000158146,
         (27): -0.000156366, -0.00813313, 0.0082257, -0.00721845, 0.00730061,
         (32): -0.00719486, 4.07148e-05, -0.00667408, 0.00675004,
         (36): 3.57649e-05, 0.00632035, -0.00618428, 0.00625467, -0.00535474,
         (41): 3.02999e-05, 2.9722e-05, 0.00525238, 1.87682e-05, 0.0033167,
         (46): -0.000319118, -0.000315527, 1.83061e-05, 0.00323499,
         (50): 1.69107e-05, 1.67207e-05, -0.00299741, 1.69631e-05,
         (54): -0.00299741, 1.69612e-05, 0.000254974, 0.000252106,
         (58): 0.000254975, 0.000252105, 1.41484e-05, 0.00250027, 1.4148e-05,
         (63): 0.00250027, 4.01327e-05, 3.96813e-05, -0.00199213, 0.0020148,
         (68): -0.0017518, 0.00177174, -0.0017518, 0.00177174, -0.00163883,
         (73): 0.00165748, -0.00123035, 6.96153e-06, 6.51657e-06, 0.0011517,
         (78): -0.0010985, 6.21641e-06, 0, 0, 0, 0, 0, 0, 0.053871, 0.089418,
         (88): 0.102722, 0.0254833, 0.0177468, -0.0715367, -0.00732247,
         (93): 0.0295168, 0.00148228, -0.000893015, -0.00497662, -0.00826049,
         (98): 0.0126823, -0.00764063, 0.00368792, 0.000914881, 0.000921175,
         (103): -0.000554958, 0.00648452, 0.0107633, 0.00726931, 0.00180336,
         (108): 0.00969125, 0.00240422, 0.00804156, -0.00484477, 0.00688166,
         (113): 0.00170721, 0.00193986, -0.00781957, -0.00126469, 0.00509785,
         (118): 0.00660679, -0.00398036, -0.000339774, 0.00136962,
         (122): 0.00119425, 0.00198227, 0.00130914, -0.00527713, 0.00142651,
         (127): -0.000859432, 0.00126099, 0.00209303, 0.00140592, 0.00233362,
         (132): 0.00307781, 0.000763532, 0.00191786, 0.00318335, 0.00285863,
         (137): 0.000709158, 6.32132e-05, -3.80746e-05, 6.32218e-05,
         (141): -3.80916e-05, 0.00272002, 0.000674793, 0.00272002,
         (145): 0.000674772, -0.00105607, -0.00175293, -0.00105607,
         (149): -0.00175293, -0.000757105, -0.000187818, -0.000365061,
         (153): 0.00147152, -0.000129304, 0.000521244, -0.000129312,
         (157): 0.000521234, 0.000277865, -0.00112005, 4.59377e-05,
         (161): -2.76829e-05, 0.000167866, 0.000278643, 0.000644167,
         (165): -0.000388092, 0, 0, 0, 0, 0, 0, -0.0598174, 0.208641,
         (174): -0.0751293, 0.0621954, 0.0224476, 0.0271156, 0.00463532,
         (179): -0.0357194, 0.034329, 0.00984215, -0.00400572, -0.0258779,
         (184): 0.00444775, 0.00991039, 0.0043012, 0.00501206, 0.0100956,
         (189): -0.0047481, 0.00385411, 0.00352726, -0.00388071, -0.00113828,
         (194): -0.00149935, -0.00207555, -0.000186582, 0.00198078,
         (198): 0.000428387, 0.000860386, -0.00109443, 0.00199404,
         (202): 0.00214392, 0.00258974, -2.92889e-08, 8.19113e-09,
         (206): 0.00424159, -0.00569408, -0.00010644, -0.00036544,
         (210): 0.00155261, -0.000860701, -0.00032615, -9.35218e-05,
         (214): 0.00041398, -0.00105802, -0.000876715, -0.0021374,
         (218): -0.00018255, -0.000100191, -5.7252e-05, 0.0024856,
         (222): 0.000607359, 0.000333347, 0.000564722, 0.00167347, 0.0033186,
         (227): -0.000560132, 0.000245194, 0.00100047, -0.00110682,
         (231): -0.000899462, -0.00012613, -0.000400302, -0.00011823,
         (235): 0.000377286, -0.000299034, -0.000539424, -0.000314162,
         (239): 0.00126912, -9.44582e-05, -0.00065866, 0.000784633,
         (243): -0.000207147, -0.000992777, 0.0006789, -0.000177377,
         (247): -5.0862e-05, 8.59906e-05, -0.000496641, 2.96435e-05,
         (251): -0.000314847, 0, 0, 0, 0, 0, 0, -0.0857323, -0.149652,
         (260): -0.17818, 0.0766277, 0.0276567, 0.0643091, -0.0287569,
         (265): -0.0333344, -0.0246231, 0.0141061, -0.0104408, 0.00958285,
         (270): -0.00997561, 0.0177536, -0.0026772, -0.0024637, -0.00123508,
         (275): -0.00994754, 0.00752486, 0.0012935, -0.00266787, 0.00298247,
         (280): 0.00142623, 0.00078467, -0.00146508, 0.00367583,
         (284): -0.000809028, -0.000164294, 0.00141796, 0.000605573,
         (288): 0.00264136, 0.00614179, -2.83357e-08, -7.3828e-09,
         (292): -0.00379824, -5.20356e-05, -0.000239621, 9.62062e-05,
         (296): -0.000369635, 0.00136125, 0.000233467, -0.00013373,
         (300): 0.000638416, 0.000845963, -0.00186912, 0.000362445,
         (304): -5.55232e-05, 0.000129771, 0.00018749, -0.00126779,
         (308): 0.000184429, -0.000431745, -0.0015928, 0.00301994,
         (312): -0.00119227, -0.00142439, -0.0012262, 1.97894e-05,
         (316): 0.00010236, 0.000721613, -0.000279894, 9.76671e-05,
         (320): -0.000173704, -0.00027841, 0.000472973, 0.000128424,
         (324): 0.000988239, 0.000959792, -0.000570662, -0.000885003,
         (328): 3.26013e-06, 0.000944966, 0.000343589, -0.000725434,
         (332): 0.000127016, -7.27432e-05, 0.000100105, 0.000311952,
         (336): 0.000232858, -0.000584274, 0, 0, 0, 0, 0, 0
         }
      }
   }
   GROUP "KPOINT10" {
      ATTRIBUTE "twfcollect" {
         DATATYPE  H5T_STD_I32LE
         DATASPACE  SIMPLE { ( 1 ) / ( 1 ) }
         DATA {
         (0): 0
         }
      }
      DATASET "BAND0" {
         DATATYPE  H5T_IEEE_F64LE
         DATASPACE  SIMPLE { ( 344 ) / ( 344 ) }
         DATA {
         (0): 0.0402376, -0.028313, 0.0154441, 0.00268654, -0.00212129,
         (5): 0.0121946, -0.0127178, -0.0180741, -0.0154721, -0.00269142,
         (10): -0.0139637, 0.0098255, -0.000555449, 0.00319309, -0.00376699,
         (15): -0.00535354, -0.013729, -0.00238819, -0.00427854, -0.00608053,
         (20): -0.0116905, 0.00822598, -0.00448528, -0.00637434,
         (24): -0.000680689, 0.00391306, -0.000639501, 0.00367626,
         (28): -0.00830494, 0.00584372, -0.0127892, -0.00222472,
         (32): -0.000206169, 0.00118517, -0.00263966, -0.00375142,
         (36): -0.00022944, 0.00131896, -0.00507712, 0.00357249, -0.00212551,
         (41): -0.0030207, -0.00670018, -0.00116552, -0.00399782, 0.00281305,
         (46): -0.0046573, 0.0032771, -0.00459606, -0.000799495,
         (50): -0.000291859, 0.00167781, -0.00183807, -0.00261219,
         (54): -0.000324876, 0.00186757, -0.00033519, 0.00192689,
         (58): -0.00429427, -0.000747002, -0.00136082, -0.00193396,
         (62): -0.00125572, 0.000883586, -0.000566707, -0.000805382,
         (66): -0.00217555, -0.000378444, -0.00201299, -0.000350165,
         (70): -0.000928169, 0.0006531, -0.000928168, 0.0006531,
         (74): -0.000475695, -0.000676037, 5.04712e-06, -2.90169e-05, 0, 0,
         (80): 0, 0, 0, 0, 0, 0, -0.00904187, -0.0753162, -0.0505556,
         (89): 0.0643503, -0.0295609, -0.023224, -0.025006, 0.00300202,
         (94): 0.011055, -0.0140715, 0.000638698, 0.00532018, -0.00961649,
         (99): -0.00755502, -0.0102408, 0.00122942, -0.00494488, 0.00629415,
         (104): -0.00674314, 0.000809529, -0.000815715, -0.00679468,
         (108): -0.0114073, 0.00136947, -0.00685919, -0.0053888, -0.00722698,
         (113): -0.00567775, -0.000557779, -0.00464611, -0.000483675,
         (117): 0.000615652, -0.00548598, -0.00430996, -0.00747365,
         (121): 0.000897227, -0.00571144, -0.00448709, -0.000504191,
         (125): -0.00419977, -0.00390735, 0.000469083, -0.000567279,
         (129): 0.000722072, -0.000145535, -0.00121226, -0.000342391,
         (133): -0.00285203, -0.00185408, 0.00235998, -0.00314492,
         (137): -0.00247075, -0.0023977, 0.000287849, -0.00259535,
         (141): -0.00203899, -0.00245175, -0.00192617, 0.000146925,
         (145): -0.000187018, -0.00149593, 0.000179589, -0.00026365,
         (149): -0.00219614, -0.00100908, 0.000121143, -0.000453761,
         (153): 0.000577576, -0.000316301, 0.000402609, 4.3225e-05,
         (157): 0.000360058, 4.32241e-05, 0.000360058, -0.000634927,
         (161): 7.62252e-05, -0.000481491, -0.000378274, 0, 0, 0, 0, 0, 0, 0,
         (171): 0, -0.0226796, 0.00173376, 0.016369, 0.0140441, -0.04112,
         (177): 0.0479273, 0.00282765, 0.0369893, -0.0149855, -0.012857,
         (182): -0.0193505, 0.00147926, -0.010552, 0.0122989, 0.00119675,
         (187): 0.0156549, 0.00252043, 0.00216245, 7.49798e-05, 0.000980826,
         (192): 0.00537112, -0.000410597, 0.000764168, 0.00999635,
         (196): -0.00405619, 0.0047277, -0.00303306, 0.00353518, -0.00404043,
         (201): 0.000308868, 0.00467677, 0.00401251, -0.00423052, 0.00493088,
         (206): 0.000565046, 0.00739156, -0.00366735, 0.00427446,
         (210): -0.00350103, 0.000267637, 0.000208819, 0.00273155,
         (214): 0.000319991, 0.000274551, -0.00193848, 0.000148188,
         (218): -1.49871e-05, 1.14944e-06, 0.000839811, 0.000720536,
         (222): -0.00117868, 0.00137382, 0.000260352, 0.00340573,
         (226): -0.00170751, 0.00199019, -0.00171717, 0.00200144, 0.00177581,
         (231): 0.00152357, -4.31992e-06, -5.64663e-05, -0.000906535,
         (235): 6.93006e-05, 6.69242e-05, 0.000875489, 0.000226577,
         (239): 0.000194397, -0.000518223, -0.000444618, -0.000934543,
         (243): 7.1439e-05, -0.000934542, 7.14389e-05, 0.000110889,
         (247): 0.00145059, -0.000561723, 0.000654712, 0, 0, 0, 0, 0, 0, 0,
         (257): 0, -0.0583423, 0.0240453, 2.68293e-07, 9.69017e-08,
         (262): -5.37459e-08, 1.64272e-07, 0.0206143, 0.0500172, 0.0451652,
         (267): 0.0188017, 0.0213459, -0.00879759, -0.00259147, 0.00622517,
         (272): 0.000231381, 0.000561399, -0.00156617, -0.000651995,
         (276): 0.0038925, 0.00944455, -0.0030245, 0.00124653, 2.27983e-08,
         (281): 3.8131e-08, 0.0012993, -0.00312114, 0.000922066, -0.00221496,
         (286): 0.00112389, -0.000463216, 1.6084e-08, -2.24381e-09,
         (290): -0.000252171, 0.000605748, 9.1717e-09, 2.44983e-08,
         (294): 0.000514893, -0.00123688, 0.00186383, -0.000768165,
         (298): -0.000203859, -0.000494623, 0.00339491, 0.00141326,
         (302): 0.000727879, -0.000299987, -0.00234009, 0.000964459,
         (306): 0.000562804, 0.000234287, -0.000505813, 0.00121507,
         (310): 0.000124765, 0.000302729, -0.000564131, 0.00135516,
         (314): 0.000635249, -0.00152599, -0.000712615, -0.00029666,
         (318): 0.00108929, 0.002643, 0.000902051, -0.000371771, 0.000200472,
         (323): 0.000486419, 0.000391237, 0.000162864, 0.000353663,
         (327): 0.000147227, 0.000240896, -9.92815e-05, -0.000240911,
         (331): 9.92965e-05, 1.38885e-09, 1.33385e-09, 7.09292e-05,
         (335): -0.000170381, 0, 0, 0, 0, 0, 0, 0, 0
         }
      }
   }
   GROUP "KPOINT2" {
      ATTRIBUTE "twfcollect" {
         DATATYPE  H5T_STD_I32LE
         DATASPACE  SIMPLE { ( 1 ) / ( 1 ) }
         DATA {
         (0): 0
         }
      }
      DATASET "BAND0" {
         DATATYPE  H5T_IEEE_F64LE
         DATASPACE  SIMPLE { ( 344 ) / ( 344 ) }
         DATA {
         (0): 0.0746388, -0.0277371, -0.000245378, 0.000535588, -0.00965497,
         (5): -0.00442326, -0.00996935, -0.00456729, -0.00683937, -0.0184044,
         (10): -0.0142463, 0.00529416, -0.00405785, -0.0109194, 7.16372e-05,
         (15): -0.000156362, -0.0103919, 0.0038618, -0.00331987, -0.00893359,
         (20): -0.000134791, 0.000294219, -0.000145777, 0.000318202,
         (24): -0.0111612, -0.00511332, -0.00307655, -0.00827882,
         (28): 0.000278041, -0.000606899, -0.0109201, -0.00500287,
         (32): -0.00279266, -0.0075149, -0.00608281, 0.00226048, -0.0073724,
         (37): -0.00337754, -0.00745572, -0.00341571, -0.00189748, -0.005106,
         (42): -0.005009, 0.00186143, 0.000223509, -0.00048787, -0.0035905,
         (47): 0.00133429, -0.00347037, 0.00128965, -0.00124954, -0.00336242,
         (52): -0.000216266, 0.000472063, -3.29488e-05, 7.1921e-05,
         (56): -0.000250634, 0.00054708, -0.00313525, -0.00143636,
         (60): -0.000947098, -0.00254859, -0.00206481, 0.00076732,
         (64): -0.00206481, 0.00076732, -0.00241794, -0.00110774,
         (68): -2.49005e-06, 5.43568e-06, -0.00227197, -0.00104086,
         (72): -0.000443448, -0.00119329, -0.001978, -0.000906186,
         (76): -0.00063688, 0.000236676, -0.000292442, -0.000786945,
         (80): -0.000943814, 0.000350737, 0, 0, 0, 0, 0.0289455, -0.0741494,
         (88): -0.0334569, -0.076303, -0.0709436, 0.0311069, 0.0300815,
         (93): -0.0131898, -0.0128153, -0.00500259, -0.00028768, 0.000736961,
         (98): -0.0136326, -0.00532167, -0.00367309, -0.0083769, 0.00444978,
         (103): -0.0113992, -0.00204448, -0.000798084, -0.00493163,
         (107): -0.0112473, -0.00387175, -0.00882991, -0.00630775,
         (111): 0.00276573, -0.00976668, -0.00381251, -0.00379323,
         (115): -0.00865091, 0.00308543, -0.00135284, -0.00831033,
         (119): -0.00324398, 0.00160881, -0.00412122, -0.00385794,
         (123): 0.00169162, 0.00139224, -0.000610486, -0.00278965,
         (127): -0.00108897, 0.00112284, -0.0028765, -0.00196954,
         (131): -0.00449171, 0.00162418, -0.00416067, 0.00158528,
         (135): -0.00406105, -0.00148456, -0.000579506, -0.00160744,
         (139): -0.00366603, -0.00141831, -0.00323464, -0.0015038,
         (143): -0.0034296, 0.00114843, -0.000503558, -0.000294224,
         (147): -0.000114882, -0.000333077, 0.000853286, -0.000333065,
         (151): 0.000853307, 8.21429e-05, -3.60142e-05, -1.6044e-05,
         (155): -3.65986e-05, 0.000491767, -0.000215625, -0.000465338,
         (159): -0.000181637, -0.000808858, 0.000354661, 0.000407055,
         (163): -0.00104276, -0.00042142, -0.000164506, 0.000133673,
         (167): -0.000342457, 0, 0, 0, 0, -0.0359189, 0.0840187,
         (174): -2.23879e-07, -1.8233e-07, -1.11292e-07, -2.02179e-08,
         (178): 0.0474096, -0.0190138, 0.0329153, 0.0140713, 0.00634237,
         (183): -0.0148361, 0.00348071, 0.00148787, 0.00232205, 0.00579002,
         (188): -0.00121234, 0.00283598, 0.0102717, 0.00439121, -0.00146857,
         (193): -0.00366178, -0.000382344, -0.000953323, -0.00152956,
         (197): 0.000613435, 1.44707e-07, -8.64655e-09, 0.000401677,
         (201): 0.00100143, 2.07608e-08, -4.40182e-08, 1.29406e-07,
         (205): -2.39479e-08, 0.000187823, -0.0004393, 0.00144065,
         (209): -0.000577792, 0.00495371, -0.00198673, -0.000276039,
         (213): -0.000118018, 0.000210637, -0.000492713, -0.000145305,
         (217): -0.000362352, -0.000844949, 0.00197643, 0.000610458,
         (221): -0.00142797, 0.000641745, 0.000274312, 0.000234344,
         (225): 0.000584346, 0.000400657, 0.000999012, -0.000436996,
         (229): -0.00108956, -0.000867081, 0.000347724, 0.00310783,
         (233): 0.00132859, 0.000175681, -0.000410926, -0.000175667,
         (237): 0.000410948, 0.000270121, -0.000108336, -0.000186336,
         (241): -0.000464668, 0.000721696, -0.000289444, 0.000103777,
         (245): 4.4368e-05, -0.00120253, 0.000482272, 0.00024164,
         (249): -0.00056521, 4.137e-08, -1.50523e-08, 0.000163499,
         (253): -0.000382475, 0, 0, 0, 0, -0.0075201, 0.03645, 0.0495443,
         (261): 0.0753, 0.00235514, -0.00154965, -0.0236328, 0.0155494,
         (266): 0.0258472, 0.00533235, -0.00403818, 0.0195742, 0.0182192,
         (271): 0.00375861, 0.00619567, 0.00941653, 0.00207256, -0.0100461,
         (276): -0.00244416, -0.000504224, 0.00163383, 0.00248323, 0.0032265,
         (281): 0.0049038, 0.00112785, -0.000742078, 0.00906921, 0.00187097,
         (286): 0.00359893, 0.00546987, 0.00798828, -0.00525596, 0.00566167,
         (291): 0.00116799, -0.000491516, 0.00238253, 0.000441356,
         (295): -0.000290374, 0.000105422, -6.93558e-05, 0.00221665,
         (299): 0.000457298, -0.000306374, 0.00148511, 0.00173484,
         (303): 0.00263672, 2.04096e-06, -9.95579e-06, -0.000465283,
         (307): 0.00225539, 0.00430422, 0.000887957, 0.00113153, 0.00171977,
         (312): 0.000549637, 0.000835367, 0.000826758, 0.00125655,
         (316): 0.00182748, -0.00120241, 0.000318391, 6.5671e-05,
         (320): -0.000374163, 0.00181363, -0.000374153, 0.00181364,
         (324): 0.000411992, -0.000271081, 0.000773891, 0.0011762,
         (328): -0.000881478, 0.000579972, 0.00043585, 8.99246e-05,
         (332): -0.000685333, 0.000450919, -0.000107782, 0.00052247,
         (336): 0.00131816, 0.000271934, 1.84559e-05, -8.94872e-05, 0, 0, 0,
         (343): 0
         }
      }
   }
   GROUP "KPOINT3" {
      ATTRIBUTE "twfcollect" {
         DATATYPE  H5T_STD_I32LE
         DATASPACE  SIMPLE { ( 1 ) / ( 1 ) }
         DATA {
         (0): 0
         }
      }
      DATASET "BAND0" {
         DATATYPE  H5T_IEEE_F64LE
         DATASPACE  SIMPLE { ( 344 ) / ( 344 ) }
         DATA {
         (0): -0.0591395, -0.03634, 0.000878021, -0.000209667, 0.00198853,
         (5): 0.0083276, 0.00239539, 0.0100314, -0.0111309, 0.0181142,
         (10): 0.0116248, 0.00714319, -0.0049765, 0.00809869, 0.0106206,
         (15): 0.00652614, -3.1822e-05, 7.59887e-06, -0.00477053, 0.00776352,
         (20): 0.000464795, -0.000110984, 0.00326062, 0.0136548, 0.00302645,
         (25): 0.0126742, -0.00106363, 0.000253982, 0.000430929,
         (29): -0.000102903, -0.0045468, 0.00739941, -0.00470498, 0.00765685,
         (34): 0.00570881, 0.00350795, -0.00287896, 0.0046852, 0.00461673,
         (39): 0.00283689, 0.00170269, 0.00713052, 0.00159676, 0.00668693,
         (44): 0.00385039, 0.00236599, -0.000627058, 0.000149735,
         (48): -0.00221719, 0.00360822, 0.0035543, 0.00218405, 0.000730496,
         (53): -0.000174434, 0.000943193, 0.00394991, 0.000909398,
         (57): -0.000217157, 0.000154634, -3.69281e-05, -0.00127249,
         (61): 0.00207083, 0.000657479, 0.00275338, -0.000678497, 0.00110418,
         (66): 0.00159449, 0.00097978, 0.00159448, 0.000979781, 0.000577128,
         (71): 0.0024169, -3.46052e-05, 8.26291e-06, -0.000515288,
         (75): 0.000838571, 0.000655961, 0.000403073, 0.000458597,
         (79): 0.00192051, 3.14416e-05, -7.50998e-06, 0.000628625,
         (83): 0.000386278, 0, 0, -0.0583947, -0.0201687, -0.0603062,
         (89): 0.0293427, 0.0258689, 0.0531667, -0.0127286, -0.0261601,
         (94): -0.00746358, 0.0216093, -0.00687553, -0.00237471, -0.00478742,
         (99): 0.0138611, -0.00993563, -0.0034316, -0.0138534, 0.00674055,
         (104): -0.00159499, 0.00461782, -0.0132648, 0.00645417,
         (108): -0.000322323, -0.000662551, 0.00251258, 0.00516405,
         (112): -0.0106936, 0.00520308, -0.0093127, 0.00453122, -0.00380253,
         (117): 0.0110095, -0.00360879, 0.0104486, -0.00570768, -0.00197135,
         (122): -0.00149719, 0.00433487, -0.00386319, -0.00133428,
         (126): 0.00132307, 0.0027192, -0.000439205, -0.000902667,
         (130): -0.00476875, -0.00164705, -0.00642961, 0.00312844,
         (134): -0.00114059, 0.00330221, -0.00535682, -0.00185018,
         (138): -0.00491243, 0.00239019, -0.000274867, -0.000564913,
         (142): -0.00426111, 0.00207329, -0.00356634, 0.00173523,
         (146): -0.000213414, 0.000617865, 7.67409e-05, 0.000157718,
         (150): -0.000382701, 0.00110802, -8.44685e-05, -2.91858e-05,
         (154): -8.44716e-05, -2.91862e-05, -0.000225529, -0.000463515,
         (158): -0.000602834, 0.000293311, -0.000365287, 0.00105764,
         (162): -0.00172647, -0.000596323, 0.000229673, 0.000472021,
         (166): -0.001298, 0.000631554, -0.000806221, -0.000278448, 0, 0,
         (172): -0.00213768, -0.00207998, 0.0305505, -0.000419407,
         (176): 0.000534106, 0.0388999, 9.68604e-05, 0.00705525, 0.0119241,
         (181): -0.012256, 0.0143074, 0.0139199, 0.00668713, -0.00687329,
         (186): -0.00820369, -0.00798146, 0.00978368, -0.000134318,
         (190): 0.000323888, -0.000332929, 0.00172138, -2.3624e-05,
         (194): -0.00012312, -0.00896845, 1.37843e-05, 0.00100326,
         (198): 0.00451538, -6.19862e-05, 0.00292967, -4.02174e-05,
         (202): 0.00352419, -0.00362229, 0.00269411, -0.0027691, 0.0011376,
         (207): 0.00110681, 0.00140922, -0.00144845, 0.00138013, 0.00134276,
         (212): 1.23806e-05, 0.000901152, -1.26235e-05, -0.000919783,
         (216): -0.000627002, -0.000610026, 0.00190792, -2.61946e-05,
         (220): 0.00266972, -0.00274404, 0.000558069, 0.000542952,
         (224): 0.00157358, -2.16094e-05, -3.35507e-05, -0.00244434,
         (228): 0.000982314, -1.34898e-05, 0.000353577, -4.85446e-06,
         (232): 0.000328176, -0.000337313, -8.00812e-07, -5.86825e-05,
         (236): 0.000468148, -0.000481181, 0.00123059, 0.00119726,
         (240): 0.00123059, 0.00119725, 1.01889e-05, 0.000742091,
         (244): 0.000986814, -1.35462e-05, 0.000897639, -0.000922627,
         (248): -5.40203e-05, -5.25582e-05, 1.30029e-05, 0.000946842,
         (252): 0.000886994, -1.21782e-05, 0.000278515, 0.000270971, 0, 0,
         (258): -0.0338893, 0.0308602, 7.40668e-08, -5.04205e-08,
         (262): -2.0689e-08, -1.59318e-07, 0.0543546, 0.00254235, 0.0218373,
         (267): 0.0239802, 0.00765076, -0.0069671, 0.0011849, 0.00130104,
         (272): -0.00239675, 0.00218263, -0.000212832, 0.00455035,
         (276): 0.00707943, 0.0077742, 0.000180401, -0.00385644,
         (280): -1.39332e-08, 2.28383e-09, -0.00127085, -5.94635e-05,
         (284): -5.12074e-05, 0.00109559, 2.32878e-05, -0.000498085,
         (288): 3.00541e-08, -2.42964e-08, 2.6033e-08, -2.26375e-08,
         (292): 0.000187549, -0.000170771, -6.57298e-05, -7.21676e-05,
         (296): 0.000171665, -0.000156326, 0.0012015, 5.61791e-05,
         (300): 0.00371533, 0.00017376, -0.00150941, 0.00137449, 3.55738e-05,
         (305): -0.000760406, 0.000215642, 0.000236774, 0.00104016,
         (309): -0.000947223, -4.6801e-05, 0.00100049, -0.000656132,
         (313): -3.07103e-05, 5.80557e-05, -0.0012416, -5.71466e-05,
         (317): 0.00122193, 0.00179014, 0.0019658, -5.45992e-05,
         (321): -2.55219e-06, 0.000408665, 0.000448771, 0.000357587,
         (325): -0.000325632, -0.000357576, 0.000325621, 0.000910618,
         (329): 4.25913e-05, 1.32316e-05, -0.000282708, 6.70893e-09,
         (333): -9.0482e-09, 0.000462343, -0.000421027, -0.00110877,
         (337): -5.1862e-05, 2.48469e-05, -0.000531157, -0.00037823,
         (341): 0.000344428, 0, 0
         }
      }
   }
   GROUP "KPOINT4" {
      ATTRIBUTE "twfcollect" {
         DATATYPE  H5T_STD_I32LE
         DATASPACE  SIMPLE { ( 1 ) / ( 1 ) }
         DATA {
         (0): 0
         }
      }
      DATASET "BAND0" {
         DATATYPE  H5T_IEEE_F64LE
         DATASPACE  SIMPLE { ( 344 ) / ( 344 ) }
         DATA {
         (0): -0.0410259, 0.0416202, 0.00347636, -2.49834e-05, -1.91182e-05,
         (5): -0.00265795, 0.00967837, -6.95935e-05, 0.0158581, 0.0156317,
         (10): 0.00833027, -0.00845092, 0.0100513, -0.0101969, -4.93466e-06,
         (15): -0.000685278, 0.00520597, 0.00513164, 0.00577208, 0.00568968,
         (20): -8.48909e-06, -0.00118072, 0.016534, -0.000118875, 0.0137143,
         (25): -9.85964e-05, 0.00705585, 0.00695511, 9.07308e-06, 0.00125983,
         (30): 0.00588839, 0.00580434, -5.6334e-06, -0.00078284, 0.00498341,
         (35): -0.00505561, 0.00377681, 0.00372288, 0.00388969, -0.00394606,
         (40): 0.00391685, -0.00397359, 0.0035032, 0.00345318, 3.65714e-06,
         (45): 0.000509019, 0.00350634, -0.00355711, 0.00654452,
         (49): -4.70601e-05, -9.37691e-06, -0.00130369, 0.00484498,
         (53): -3.48327e-05, 0.00573494, -4.12376e-05, -1.12526e-05,
         (57): -0.00156534, -2.64437e-06, -0.000367837, 0.0029667,
         (61): -2.13302e-05, 0.000873787, 0.000861309, 0.00150202,
         (65): 0.00148057, 0.00079526, 0.000783903, 0.000694465,
         (69): -0.000704518, 0.00246382, -1.77157e-05, 0.00110917,
         (73): -0.00112523, 0.00110917, -0.00112524, -4.60067e-07,
         (77): -6.39907e-05, 0.000566081, -0.000574285, 5.21344e-07,
         (81): 7.24355e-05, 0.00176684, -1.2704e-05, -1.1432e-07,
         (85): -1.61081e-05, -0.0320218, 0.0345779, 0.0359336, -0.00137908,
         (90): 0.00193261, 0.0503559, -0.0202965, 0.000778977, 0.0193128,
         (95): 0.0178852, -0.00768294, 0.00829625, -0.00594834, 0.00642311,
         (100): 0.000724433, 0.0188759, 0.00959408, 0.00888488, 0.0055918,
         (105): 0.00517845, 0.000615861, 0.0160461, 0.00143098, -5.4872e-05,
         (110): 0.00460535, -0.000176702, 0.00895801, 0.00829582,
         (114): 0.000484341, 0.0126187, 0.00819059, 0.00758519, 0.000366829,
         (119): 0.0095589, -0.00433158, 0.0046773, 0.00418425, 0.00387493,
         (124): -0.00318103, 0.00343488, -0.00357003, 0.00385501, 0.00381543,
         (129): 0.00353337, 0.000328366, 0.00855613, -0.00399497, 0.00431389,
         (134): 0.00209157, -8.02899e-05, 0.000251374, 0.00655026,
         (138): 0.000114573, -4.38659e-06, -0.000297704, 1.14154e-05,
         (142): 0.000198058, 0.00516106, 0.000148311, 0.00386428,
         (146): 0.000331556, -1.27218e-05, 0.00134625, 0.00124671,
         (150): 0.000659797, 0.000611006, 0.00138139, 0.00127927,
         (154): -0.00150525, 0.00162542, -0.000333482, 1.27989e-05,
         (158): -0.000389081, 0.000420145, -0.000389068, 0.000420133,
         (162): 7.932e-05, 0.00206674, -0.000786638, 0.000849426,
         (166): 3.36068e-05, 0.000875701, 0.000295961, -1.13623e-05,
         (170): 5.75549e-05, 0.00149947, -0.0107861, -0.0185583, -0.01484,
         (175): 0.0560302, 0.00481916, 0.00127643, 0.00138953, -0.00524645,
         (180): 0.00453968, -0.00263847, 0.00882322, 0.0151809, -0.0059853,
         (185): -0.0102981, 0.00490673, 0.0012996, 0.00287734, -0.0016723,
         (190): 0.000313632, -0.0001823, -0.00107472, -0.000284646,
         (194): 0.00175215, -0.00661544, -0.000861837, 0.00325401,
         (198): 3.26288e-06, -1.88904e-06, 0.000693608, 0.000183719,
         (202): 0.000286953, -0.000166765, 0.000398411, 0.000105517,
         (206): 0.000172609, 0.000296998, 0.000582391, -0.000338481,
         (210): 0.000799569, 0.0013757, -0.000801672, -0.00137933,
         (214): 0.00220133, -0.00127942, -0.00069656, -0.000184479,
         (218): -0.000469937, -0.000808562, -0.000438474, 0.00165553,
         (222): 0.000596555, 0.000158, 0.000572854, -0.00216285, 0.000228796,
         (227): -0.000863829, 4.95469e-05, 1.31245e-05, -0.000498448,
         (231): -0.000132017, -0.000114673, 0.000432953, 0.000439351,
         (235): -0.000255352, 0.000202755, -0.000117838, 0.000894667,
         (239): -0.000519981, -0.0005079, -0.000873878, -0.00015661,
         (243): 0.000591295, 0.000583217, 0.00100346, 0.000583216,
         (247): 0.00100345, 0.000789693, 0.000209156, 0.000350963,
         (251): 0.00060385, 0.000276643, 7.32767e-05, -0.000246534,
         (255): 0.000930809, 0.000934602, 0.000247537, -0.0271887,
         (259): 0.000693373, 1.48069e-07, -1.12312e-08, 1.68359e-08,
         (263): 1.16528e-07, 0.0392905, 0.0373361, 0.000787241, 0.0308623,
         (268): 0.00724815, -0.0001849, -0.00369321, 9.42272e-05,
         (272): -0.00226961, 0.00238845, 3.49689e-06, 0.000134525,
         (276): 0.000257044, 0.0100782, 0.0024264, -0.0025534, 2.13845e-08,
         (281): 7.15925e-09, -0.000826201, -0.000785113, 4.0141e-08,
         (285): 3.97528e-08, -0.000781873, 0.00082282, 3.54252e-08,
         (289): 3.8083e-08, 0.000520704, -0.000547953, 7.08721e-05,
         (293): -1.79778e-06, 1.65067e-06, 6.46748e-05, 6.6995e-05,
         (297): -1.70079e-06, -0.00210599, 5.37092e-05, -5.28327e-06,
         (301): -0.00020766, 0.000805744, -0.000847926, 0.0013747,
         (305): -3.50655e-05, 0.00066154, 0.000628618, -0.00113964,
         (309): 0.0011993, -0.000222712, -0.000211651, 0.00184769,
         (313): 0.00175576, 0.000947738, -0.000997357, -0.000805274,
         (317): 0.000847429, -0.000242231, -0.00023018, 2.9361e-05,
         (321): 0.00115106, 4.84342e-05, 0.00189859, 5.82479e-09,
         (325): 4.47013e-09, 0.000665686, -1.69812e-05, 0.000688407,
         (329): 0.00065417, 0.000499897, -1.2748e-05, -0.000499896,
         (333): 1.27527e-05, 0.000579664, -0.000610001, -0.000506369,
         (337): 1.2917e-05, 7.9626e-05, -8.37828e-05, -0.000660623,
         (341): -0.000627763, -0.000486883, 0.000512376
         }
      }
   }
   GROUP "KPOINT5" {
      ATTRIBUTE "twfcollect" {
         DATATYPE  H5T_STD_I32LE
         DATASPACE  SIMPLE { ( 1 ) / ( 1 ) }
         DATA {
         (0): 0
         }
      }
      DATASET "BAND0" {
         DATATYPE  H5T_IEEE_F64LE
         DATASPACE  SIMPLE { ( 344 ) / ( 344 ) }
         DATA {
         (0): 0.069214, -0.0109033, -0.00118387, 0.00162664, -0.00718388,
         (5): -0.00522854, -0.00332636, -0.0211155, -0.00869438, -0.00632791,
         (10): -0.0182466, 0.00287441, -0.0019531, -0.0123982, 0.000303224,
         (15): -0.000416617, -0.0113514, 0.0017882, -0.0003724, 0.000511676,
         (20): -0.0111508, -0.00811575, -0.000627903, 0.000862714,
         (24): -0.0013526, -0.00858628, -0.00135275, -0.0085872, -0.00772956,
         (29): 0.00121764, -0.00118624, -0.00753023, -0.00930258,
         (33): -0.00677056, 0.00023709, -0.000325761, -0.00724776,
         (37): -0.00527502, -0.000860233, -0.00546073, -0.00592548,
         (41): -0.00431265, -0.00448096, 0.000705887, 0.000347372,
         (45): -0.00047727, -0.00412159, 0.00064928, -0.000114633,
         (49): 0.000157502, -0.00364157, 0.000573661, -0.000469877,
         (53): 0.000645599, -0.000518079, -0.00328875, -0.00051808,
         (57): -0.00328875, -0.00285618, -0.00207877, -0.000342212,
         (61): 0.000470193, -0.00193776, 0.000305257, -0.000204487,
         (65): -0.00129807, -0.00214934, -0.00156433, -0.00169816,
         (69): 0.000267511, 1.60866e-05, -2.21036e-05, -0.00179284,
         (73): -0.00130486, -0.00105641, 0.000166417, -0.00069153,
         (77): 0.000108937, -0.00133401, -0.00097091, -0.000128996,
         (81): -0.000818879, -0.000128999, -0.00081887, 0, 0, -0.0658156,
         (87): 0.00800326, -0.0372841, 0.047607, 0.0642923, 0.0503514,
         (92): 0.00220864, 0.0181631, -0.0122972, -0.0096307, 0.00722479,
         (97): -0.000878574, 0.00157489, 0.0129511, -0.00580051, 0.00740654,
         (102): -0.0127695, 0.0015528, -0.00603873, 0.00771065, 0.00446441,
         (107): 0.00349639, -0.00709184, 0.00905535, 0.000491083, 0.00403863,
         (112): 0.00107187, 0.00881456, -0.00602909, 0.000733143,
         (116): 0.000957073, 0.00787059, -0.00280295, -0.00219519,
         (120): -0.00468984, 0.00598831, -0.000208555, -0.000163334,
         (124): 0.000396439, 0.00326005, 0.00278637, 0.0021822, -0.00258174,
         (129): 0.000313949, -0.00312216, 0.00398659, -0.00489773,
         (133): 0.000595573, -0.00286358, 0.00365642, -0.00357793,
         (137): 0.000435073, -0.00266208, 0.00339913, 0.000138395,
         (141): 0.00113801, 0.000138391, 0.00113803, -0.00116206,
         (145): -0.00091009, -0.0016762, 0.00214029, 0.000865363,
         (149): -0.000105233, 9.6175e-05, 0.000790921, 2.5003e-05,
         (153): 1.95905e-05, 0.000410596, -4.99309e-05, -0.000170105,
         (157): 0.000217204, -0.000141539, -0.00011085, -0.000252409,
         (161): 3.06977e-05, -0.00110624, 0.000134522, 0.000383284,
         (165): 0.000300175, 4.02896e-05, 0.000331315, 4.02898e-05,
         (169): 0.000331302, 0, 0, 0.0114357, 0.0222672, 0.0379259, 0.012189,
         (176): 0.00168814, -0.00525263, 0.0380178, -0.0195246, 0.00661533,
         (181): -0.0205839, -0.00456575, -0.00889036, 0.0177609, -0.00912133,
         (186): 0.0104614, 0.00336212, -0.00028179, -0.000548685, 0.00255755,
         (191): 0.000821959, 0.000448315, -0.00139489, -3.29709e-05,
         (195): -1.05954e-05, 0.00494065, -0.00253735, 0.00587771,
         (199): -0.00301857, 0.000174079, 0.000338931, 0.00587152,
         (203): -0.00301538, 0.00171412, -0.0053335, 0.00475307, 0.00152755,
         (208): 0.00154113, -0.00479533, 0.00133957, -0.000687952,
         (212): 0.000611445, -0.00190258, -1.56824e-05, -3.05584e-05,
         (216): 0.00243002, 0.000780982, 0.000517542, 0.00100776, 0.00176867,
         (221): 0.00056842, -0.000142597, -0.000277632, 0.00168873,
         (225): 0.000542741, 0.00304117, -0.00156184, 0.00304117,
         (229): -0.00156184, 0.000485456, -0.00151051, -0.000477988,
         (233): -0.000153618, 0.00039436, 0.000767879, 0.000577172,
         (237): -0.000296422, 5.20308e-05, -0.000161914, 0.000492137,
         (241): 0.000958278, 0.000772423, 0.000248248, 0.00021899,
         (245): -0.000681403, -5.79509e-05, -0.000112841, -0.000124758,
         (249): -0.000242925, -0.000253917, 0.000790065, 0.00107042,
         (253): -0.000549721, 0.0010704, -0.000549725, 0, 0, -3.3307e-08,
         (259): -2.621e-08, 0.0849007, -0.0517237, -0.0286507, -0.0470283,
         (264): -9.97312e-09, -2.74416e-08, 0.0167401, 0.0274777, 0.0401595,
         (269): 0.00975213, 0.00190515, -0.00784545, -0.00132614,
         (273): 0.000807882, -0.0102537, -0.00248995, 0.00790794,
         (277): -0.00481769, -0.00144183, -0.00236665, -0.000695371,
         (281): 0.000423636, -0.00171023, 0.00704275, -5.55753e-09,
         (285): -5.3553e-08, 0.00251187, 0.000609981, 0.000709339,
         (289): -0.00292115, -0.0027252, -0.00447324, 0.00169772,
         (293): -0.00103429, 0.00201976, 0.00331528, 2.15278e-09,
         (297): 2.98792e-09, -1.2358e-08, -1.45327e-08, 0.00122165,
         (301): 0.000296652, 0.000185657, -0.000113127, -0.00189318,
         (305): -0.000459728, 0.000408571, -0.000248909, 0.0028589,
         (309): 0.000694235, 5.9137e-05, -3.60202e-05, 0.00050006,
         (313): -0.00205919, -0.000500049, 0.00205922, -0.00089854,
         (317): -0.00147488, 0.0017795, -0.00108412, 0.000139342,
         (321): 3.38394e-05, 1.13487e-09, 9.50147e-09, 0.000505637,
         (325): 0.000829962, 0.000301933, 7.33233e-05, -4.0961e-09,
         (329): 1.79765e-09, -4.32259e-05, -7.09378e-05, -0.000236345,
         (333): -5.73906e-05, 0.000840811, 0.000204172, -5.70492e-06,
         (337): -9.35454e-06, 0.000181787, -0.000748595, -0.000181788,
         (341): 0.000748606, 0, 0
         }
      }
   }
   GROUP "KPOINT6" {
      ATTRIBUTE "twfcollect" {
         DATATYPE  H5T_STD_I32LE
         DATASPACE  SIMPLE { ( 1 ) / ( 1 ) }
         DATA {
         (0): 0
         }
      }
      DATASET "BAND0" {
         DATATYPE  H5T_IEEE_F64LE
         DATASPACE  SIMPLE { ( 344 ) / ( 344 ) }
         DATA {
         (0): 0.0585974, 0.0117806, -0.00198701, -0.00298701, -0.00280966,
         (5): 0.00186905, 0.00452966, -0.0225309, -0.00624777, -0.00939201,
         (10): -0.0163119, -0.00327937, 0.00198598, -0.00987845,
         (14): -2.39731e-05, 1.59358e-05, -0.0130999, -0.00263363,
         (18): -0.00801456, -0.012048, -0.00141355, 0.000940321, 0.00161177,
         (23): -0.00801713, -0.000918291, 0.000610855, 0.00184715,
         (27): -0.0091879, -0.007564, -0.0113707, -0.00826791, -0.0016622,
         (32): 0.00142445, -0.00708535, 0.000424943, -0.000282683, 0.0010776,
         (37): -0.00536008, -0.00425763, -0.00640034, 0.000306723,
         (41): -0.000204043, -0.00494632, -0.000994421, -0.00360423,
         (45): -0.0054181, -0.00457378, -0.000919524, -0.000961175,
         (49): 0.000639392, -0.00431912, -0.000868327, 0.000778349,
         (53): -0.00387156, -0.000410491, 0.000273064, -0.00235921,
         (57): -0.0035465, 0.00059872, -0.00297809, -0.000879116,
         (61): 0.000584802, 0.000261604, -0.00130124, -0.00146351,
         (65): -0.00220004, -0.0015865, -0.000318954, -0.00129957,
         (69): -0.00195359, -0.00133098, -0.000267582, -0.000899484,
         (73): -0.000180835, 0.000195791, -0.000973883, 5.44444e-05,
         (77): -3.62173e-05, -0.00076031, -0.000152855, 0, 0, 0, 0, 0, 0,
         (86): -0.0531054, -0.0251459, 0.0252455, 0.0706556, -0.0489316,
         (91): 0.0174834, -0.0106696, 0.022533, -0.00475599, -0.0133108,
         (96): 0.00111836, 0.000529544, -0.00547929, 0.0115716, -0.0119417,
         (101): 0.00426684, -0.0104731, -0.00495911, 0.00201278, 0.00563319,
         (106): -0.0119331, 0.00426372, -0.00242434, 0.00511994, -0.00961179,
         (111): 0.00343435, -0.00466874, 0.00985983, -0.00051062,
         (115): -0.00142919, -0.0062391, -0.00295426, -0.00386405,
         (119): 0.00816044, -0.00851679, 0.00304307, -0.00190168, 0.00401612,
         (124): -4.68365e-06, -1.30433e-05, -0.00642193, 0.00229459,
         (128): -0.00470343, -0.0022271, 0.0010753, 0.00300949, -0.00253792,
         (133): -0.00120174, -0.00499292, 0.00178398, -0.00404124,
         (137): -0.0019136, -0.00100264, 0.00211745, -0.00463788, 0.00165712,
         (142): -0.000314132, -0.000879245, -0.000551553, 0.0011648,
         (146): -0.00308954, 0.0011039, -0.000587333, 0.00124038,
         (150): 7.22491e-05, 0.000202199, 0.000323408, 0.000153136,
         (154): 4.70516e-05, 0.000131699, -6.3115e-05, -2.98855e-05,
         (158): -0.00160717, -0.000761011, -0.000338568, 0.000715019,
         (162): -0.000635263, 0.000226986, -0.000546029, -0.00025855, 0, 0,
         (168): 0, 0, 0, 0, -0.00254983, -0.0010217, 0.00414282, 0.00968194,
         (176): 0.0290799, -0.012443, 0.0134649, -0.0336061, -0.00786942,
         (181): -0.0183912, 0.00454528, 0.00182116, 0.00568849, -0.0141974,
         (186): 0.0101444, -0.00434068, -0.00237858, -0.000953017,
         (190): -0.000582407, -0.00136113, 0.00121556, -0.000520134,
         (194): 0.00184489, -0.00460454, 0.00341364, -0.00146065, 0.0027107,
         (199): -0.00676541, -0.00260213, -0.00608134, 0.00119003,
         (203): 0.000476808, 0.00237889, -0.00593729, 0.00516084,
         (207): -0.00220826, 0.000717604, -0.00179102, -0.00132772,
         (211): -0.00310294, 0.00246478, -0.00105465, 0.000635725,
         (215): 0.000254719, -0.000461508, -0.00107858, 0.000972089,
         (219): 0.000389483, 0.00233321, -0.000998362, 0.000255589,
         (223): 0.0001024, 0.00139616, -0.0034846, 0.00171356, -0.000733212,
         (228): -0.000973365, -0.00227482, 0.000876327, -0.00218717,
         (232): 0.000116531, -4.98628e-05, 0.000439894, -0.00109791,
         (236): 3.98395e-05, 9.31135e-05, 0.000892644, 0.000357654,
         (240): -0.000124441, -0.000290817, 0.00106131, 0.000425233,
         (244): -0.000264459, -0.00010596, 0.000585676, -0.00146175,
         (248): 0.000771445, -0.000330093, 0.000464618, 0.000186158, 0, 0, 0,
         (255): 0, 0, 0, 0.00512302, 0.00206467, 0.00163181, 0.00383505,
         (262): 0.0366557, -0.0155971, -0.00307674, 0.00763434, 0.0132491,
         (267): 0.0311375, 0.0311336, 0.0125473, 0.000819296, -0.00203297,
         (272): 0.00386787, -0.00164579, -0.00799804, -0.00322332,
         (276): -0.000383606, -0.000901565, 0.00463664, -0.0019729,
         (280): -0.00134085, 0.00332707, 0.00456768, -0.00194355,
         (284): 0.000741984, -0.0018411, -0.00116361, -0.00273465,
         (288): 0.00302207, 0.00121795, 0.00111433, -0.002765, 0.00273228,
         (293): -0.0011626, 0.000799156, -0.00198295, 0.00122901, 0.00288839,
         (298): 0.00206738, -0.000879673, -0.00125359, -0.000505217,
         (302): 0.000382011, 0.000897799, 0.00182565, 0.000735759,
         (306): 0.00109016, -0.000463867, 0.00296648, 0.00119553,
         (310): 0.000296707, -0.000736206, 0.000128404, -5.46405e-05,
         (314): -0.000362468, -0.000851855, -0.00084162, 0.0020883,
         (318): 0.00252446, -0.00107417, 0.000155814, -0.000386627,
         (322): 0.000417963, 0.000982276, 0.000782041, 0.000315172,
         (326): 3.40903e-05, 8.01165e-05, 0.000387329, 0.0001561, 0.00101476,
         (331): 0.000408963, 8.50562e-05, -0.000211048, 0.00024563,
         (335): -0.000104513, 1.03043e-05, 4.15343e-06, 0, 0, 0, 0, 0, 0
         }
      }
   }
   GROUP "KPOINT7" {
      ATTRIBUTE "twfcollect" {
         DATATYPE  H5T_STD_I32LE
         DATASPACE  SIMPLE { ( 1 ) / ( 1 ) }
         DATA {
         (0): 0
         }
      }
      DATASET "BAND0" {
         DATATYPE  H5T_IEEE_F64LE
         DATASPACE  SIMPLE { ( 344 ) / ( 344 ) }
         DATA {
         (0): 0.0376133, -0.0159906, 0.0115295, 0.00465079, -0.00397287,
         (5): 0.00984897, -0.00794158, -0.0186803, -0.0126407, -0.00509901,
         (10): -0.0133737, 0.00568559, -0.0153054, 0.00650681, -0.00111436,
         (15): 0.00276259, -0.00242123, -0.00569523, -0.013088, -0.00527945,
         (20): -0.00169071, 0.00419143, -0.00242608, -0.00570665, -0.0032374,
         (25): -0.00761508, -0.0147638, -0.00595542, -0.00107913, 0.00267523,
         (30): -0.00917752, 0.00390166, -0.00032351, 0.000801956,
         (34): -0.00207888, -0.00488998, -0.00171106, -0.00402479,
         (38): -0.00624154, 0.00265347, -0.000489421, 0.0012133,
         (42): -0.000929296, 0.00230383, -0.00160679, -0.00377949,
         (46): -0.00472444, 0.00200851, -0.00553248, 0.00235203, -0.0048719,
         (51): -0.00196523, -0.0059942, -0.00241794, -0.00477471,
         (55): -0.00192602, -0.000528481, 0.00131011, -0.000825122,
         (59): 0.00204554, -0.000989481, -0.00232747, -0.000401349,
         (63): -0.000944051, -0.000387204, -0.000910783, -0.00231386,
         (67): -0.000933365, -0.00152538, 0.000648493, -0.00218835,
         (71): -0.000882737, -0.00121143, 0.000515016, -0.00103522,
         (75): 0.000440107, -0.000811796, 0.000345117, -0.000112418,
         (79): 0.000278708, -2.08741e-05, 5.17432e-05, -3.89977e-05,
         (83): 9.66897e-05, 0, 0, -0.0478423, 0.0303145, 0.0535436, 0.012008,
         (90): -0.00996768, 0.0444459, 0.0187669, 0.029618, -0.00870097,
         (95): -0.00195134, -0.00279156, 0.00176883, -0.00604603, 0.00383097,
         (100): -0.00370194, 0.0165069, 0.00758662, 0.0119732, 0.00815398,
         (105): 0.00182864, -0.00311605, 0.0138945, 0.00472783, 0.00746149,
         (110): 0.00810802, 0.0127961, 0.00374431, 0.000839707, -0.00214959,
         (115): 0.00958498, -0.00502874, 0.00318639, -0.00235903, 0.0105189,
         (120): 0.00589986, 0.00931119, 0.0035455, 0.0055955, -0.00373824,
         (125): 0.00236867, -0.00194643, 0.00867916, -0.00142545, 0.00635606,
         (130): 0.0026011, 0.00410506, -0.00221971, 0.00140647, -0.00367057,
         (135): 0.00232581, 0.00331992, 0.000744543, 0.00127834, 0.000286678,
         (140): 0.000898511, 0.000201507, -0.0010495, 0.00467974,
         (144): -0.000796235, 0.00355044, 0.000959801, 0.00151474,
         (148): 0.00127617, 0.00201405, 0.000963458, 0.00152053, 0.000605235,
         (153): 0.00013574, -0.00184193, 0.00116711, 0.000732794, 0.00016434,
         (158): -4.19217e-05, 2.65636e-05, -0.000313748, 0.000198797,
         (162): -0.000565193, 0.000358123, -0.000276309, 0.00123207,
         (166): -0.000212718, 0.000948513, -0.000275457, 0.00122826, 0, 0,
         (172): 0.022467, -0.00960213, -0.0393078, -0.0157687, -0.00627857,
         (177): 0.015651, 0.00607986, 0.0142256, 0.0107124, 0.00429739,
         (182): -0.0163867, 0.00700349, 0.00500772, -0.00214024, -0.00319384,
         (187): 0.00796152, 0.00284458, 0.00665573, -0.00224532, -0.00090073,
         (192): -0.00069415, 0.00173036, 0.000890694, 0.00208402, 0.00124512,
         (197): 0.0029133, 0.00443844, 0.00178053, -0.000706709, 0.00176165,
         (202): -0.00151699, 0.000648343, -0.00120333, 0.00299963,
         (206): 0.00101612, 0.00237752, 0.000485854, 0.0011368, 0.0001367,
         (211): -5.84229e-05, -0.000442883, 0.001104, -0.000918847,
         (215): 0.00229047, 0.00100555, 0.00235279, -0.00174124, 0.000744191,
         (220): -0.00054912, 0.000234687, -0.000852397, -0.000341949,
         (224): 0.000953416, 0.000382473, 0.00230184, 0.000923409,
         (228): -0.000154812, 0.000385911, -0.000265152, 0.000660961,
         (232): 0.000165122, 0.000386353, 0.000461017, 0.00107868,
         (236): 0.000570546, 0.00133496, -0.000713631, -0.00028628,
         (240): 0.000513369, -0.000219407, -0.00031269, -0.000125438,
         (244): -0.000992159, 0.000424038, -0.000885485, 0.000378447,
         (248): -0.000774641, 0.000331074, -0.000230448, 0.000574455,
         (252): -0.000142966, 0.00035638, -0.000484884, 0.00120871, 0, 0,
         (258): -0.0108378, 0.00391339, -0.0149747, -0.00702935, -0.00282891,
         (263): 0.00602648, -0.00817225, -0.0226324, -0.0309483, -0.0145276,
         (268): -0.0180602, 0.0065213, 0.00609446, -0.00220063, -0.0001286,
         (273): 0.000273944, -0.00162571, -0.00450227, -0.000614901,
         (277): -0.00028865, -0.00177799, 0.00378767, -0.00128835,
         (281): -0.00356798, -0.000636685, -0.00176324, -0.00102467,
         (285): -0.000481007, -0.000302082, 0.000643532, -0.00109887,
         (289): 0.000396787, 0.000231766, -0.000493763, -0.000330148,
         (293): -0.000914309, 0.000452711, 0.00125374, 0.00146486,
         (297): -0.000528942, -0.000485541, 0.00103434, 0.000226493,
         (301): -0.000482491, -0.000398651, -0.00110402, -0.00077545,
         (305): 0.000280007, -0.00199248, 0.000719456, -0.001327,
         (309): -0.000622917, -0.00266035, -0.00124881, -0.000851479,
         (313): -0.000399698, 0.00053021, -0.00112951, -0.000918257,
         (317): 0.00195619, -0.000796943, -0.00220707, -0.000138696,
         (321): -0.000384104, -0.000255481, -0.000707536, -0.000674199,
         (325): -0.000316477, -0.000997612, 0.000360225, 1.12914e-05,
         (329): 5.29922e-06, -0.000407777, 0.000147244, 0.00022219,
         (333): -8.02277e-05, 2.77241e-05, -1.00109e-05, -0.000274083,
         (337): 0.00058389, 0.000112758, -0.000240208, 3.31177e-05,
         (341): -7.05495e-05, 0, 0
         }
      }
   }
   GROUP "KPOINT8" {
      ATTRIBUTE "twfcollect" {
         DATATYPE  H5T_STD_I32LE
         DATASPACE  SIMPLE { ( 1 ) / ( 1 ) }
         DATA {
         (0): 0
         }
      }
      DATASET "BAND0" {
         DATATYPE  H5T_IEEE_F64LE
         DATASPACE  SIMPLE { ( 344 ) / ( 344 ) }
         DATA {
         (0): -0.00428833, 0.0107454, 0.0171949, 0.0400342, -0.00838765,
         (5): -0.0033474, 0.0206284, -0.00885999, -0.00755011, -0.0175786,
         (10): 0.00462386, -0.0115861, 0.00893845, -0.00383911, 0.00578062,
         (15): -0.0144846, -0.000807052, -0.000322081, -0.00593525,
         (19): -0.0138188, -0.0026015, -0.00103822, -0.00376516, -0.00150263,
         (24): 0.00814475, -0.00349822, -0.00448696, -0.0104468, 0.00608766,
         (29): -0.00261467, 0.00493739, -0.0123718, 0.00477528, -0.00205101,
         (34): -0.000602093, -0.00024029, 0.00446488, -0.00191769,
         (38): 0.00308723, -0.00773574, -0.00052395, -0.000209099,
         (42): -0.00239587, -0.00557823, -0.00132712, -0.000529632,
         (46): -0.00189487, -0.000756219, 0.00199226, -0.00499205,
         (50): -0.00190163, -0.00442749, -0.00162214, -0.00377677,
         (54): 0.00324532, -0.00139387, 0.00324532, -0.00139388, 0.00171714,
         (59): -0.0043027, 0.00112774, -0.000484372, -0.00118971,
         (63): -0.000474794, 0.000974549, -0.00244195, -0.000505934,
         (67): -0.00117795, -0.000502672, -0.00117036, 0.000917243,
         (71): -0.000393957, 0.00091724, -0.000393957, 0.00068115,
         (75): -0.00170677, -0.00038094, -0.000886925, -0.000379456,
         (79): -0.000883473, 3.18141e-06, 1.26912e-06, 0, 0, 0, 0, -0.022577,
         (87): 0.0764856, -0.0277962, -0.0510784, -0.0406049, -0.0119857,
         (92): -0.0281313, 0.0153087, 0.00549212, 0.0100923, 0.00156294,
         (97): -0.00529487, -0.0132073, 0.00718723, -0.00227743, 0.00771539,
         (102): -0.0117917, -0.00348065, -0.004317, -0.00793292, -0.00982337,
         (107): -0.00289966, -0.0109026, -0.00321823, -0.0117647, 0.00640218,
         (112): -0.00330659, -0.00607618, -0.00602132, 0.00327673,
         (116): -0.000282333, 0.000956464, -0.00757902, 0.00412441,
         (120): -0.00748388, -0.00220908, -0.00486226, 0.00264598,
         (124): -0.000616466, 0.00208846, -0.00685694, -0.00202402,
         (128): -0.0020522, -0.00377112, -0.0057808, -0.00170637,
         (132): -0.00504659, -0.00148965, -0.00102474, 0.00347159,
         (136): -0.00136968, -0.00251693, -0.000840109, -0.00154378,
         (140): -0.00234648, 0.00127693, -0.00234649, 0.00127693,
         (144): 3.04225e-07, -1.03548e-06, -0.00171855, 0.000935212,
         (148): -0.0020811, -0.000614294, -0.000297204, 0.00100687,
         (152): 0.000190436, 0.000349945, -0.000728349, -0.00133842,
         (156): -0.000826523, 0.000449783, -0.000826524, 0.000449787,
         (160): -0.000106618, 0.000361201, -9.38412e-05, -0.000172441,
         (164): -1.81962e-05, -3.34391e-05, -0.000837461, -0.000247201, 0, 0,
         (170): 0, 0, 0.00541847, -0.00761276, 0.0038334, 0.0227659,
         (176): -0.016455, -0.0117121, -0.0311541, 0.00524587, 0.000800293,
         (181): 0.00475274, -0.0122034, 0.0171453, -0.014769, 0.00248688,
         (186): -0.000457234, 0.00064239, -0.00742381, -0.005284,
         (190): -8.09083e-05, -0.000480491, -0.0021038, -0.00149741,
         (194): -0.000597334, -0.000425154, -0.00674327, 0.00113546,
         (198): -8.85799e-05, -0.000526028, -0.00408108, 0.000687189,
         (202): -0.00245844, 0.003454, -0.00443637, 0.000747016, -0.00298843,
         (207): -0.00212705, -0.00116854, 0.000196769, -0.00174674,
         (211): 0.00245409, -0.00179578, -0.00127817, -0.000170501,
         (215): -0.00101255, -0.00172033, -0.00122447, -0.00209945,
         (219): -0.00149431, -0.000436093, 0.000612692, -2.15494e-06,
         (223): -1.27928e-05, -5.97878e-05, -0.000355059, -0.00267181,
         (227): 0.00044989, -0.00267181, 0.000449889, -0.00125471,
         (231): 0.00176281, -0.0013891, 0.000233904, 0.000153429,
         (235): 0.000109207, 8.01368e-05, -0.000112586, -0.000156905,
         (239): -0.000931823, 8.28655e-05, 0.000492121, -0.00136633,
         (243): 0.000230067, -0.00136633, 0.000230071, -0.000166711,
         (247): 0.000234223, -0.00013348, -0.000792708, -1.44119e-05,
         (251): -8.55943e-05, -0.000593815, -0.000422656, 0, 0, 0, 0,
         (258): -0.0211546, -0.0283895, 2.78424e-08, 2.55901e-07, 0.039785,
         (263): -0.0296453, 9.02516e-08, -6.53275e-09, 0.0513523, 0.00749931,
         (268): 0.00853262, 0.0114513, 0.000563633, -0.00385916, -0.00192726,
         (273): -0.00258639, -0.000321291, 0.000239561, -0.0088758,
         (277): -0.0012962, 0.008288, -0.00617582, -0.00100296, 0.000747488,
         (282): 8.54878e-08, -8.77609e-09, 0.00360787, 0.0005269,
         (286): -0.000305022, 0.00208862, -0.00191179, -0.00256568,
         (290): 0.000286217, -0.00195955, 0.00181813, -0.00135472,
         (294): 5.92364e-08, -9.16553e-09, 0.00127211, 0.00170722,
         (298): 0.000336198, -0.000250447, -0.00183119, -0.000267408,
         (302): 0.000663305, -0.00049426, -4.67324e-05, 3.48798e-05,
         (306): -1.03854e-09, -1.2042e-09, 0.00264796, 0.000386728,
         (310): 0.00152864, 0.000223242, 0.000218089, -0.00149344,
         (314): -0.000218118, 0.00149344, -0.000729823, -0.000979452,
         (318): 2.31772e-08, -1.00154e-09, 0.00184365, -0.00137378,
         (322): 0.000373354, 0.000501059, -6.31322e-05, -9.20556e-06,
         (326): 0.000968485, 0.00014145, 9.11077e-05, -0.000623866,
         (330): -9.11174e-05, 0.000623866, -1.15749e-05, -1.55324e-05,
         (334): 0.000301936, 4.41012e-05, -0.000471393, -6.88413e-05,
         (338): 1.3131e-08, 7.54656e-09, 0, 0, 0, 0
         }
      }
   }
   GROUP "KPOINT9" {
      ATTRIBUTE "twfcollect" {
         DATATYPE  H5T_STD_I32LE
         DATASPACE  SIMPLE { ( 1 ) / ( 1 ) }
         DATA {
         (0): 0
         }
      }
      DATASET "BAND0" {
         DATATYPE  H5T_IEEE_F64LE
         DATASPACE  SIMPLE { ( 344 ) / ( 344 ) }
         DATA {
         (0): 0.0558187, -0.0452107, -0.0011564, -0.00012143, -0.000737137,
         (5): 0.00702046, -0.0152772, -0.0188617, -0.0133577, -0.00140256,
         (10): -0.0153836, 0.01246, -0.00648024, -0.00800074, -4.93475e-05,
         (15): 0.000470027, -0.0142151, -0.00149258, -0.00581578,
         (19): -0.00718038, -0.000232788, 0.00221713, -0.0088196, 0.00714348,
         (24): -0.00558987, -0.00690145, -0.000183176, 0.00174458,
         (28): -0.00674664, 0.00546449, -0.0109253, -0.00114715, -0.00384179,
         (33): -0.00474322, -2.19274e-05, 0.000208836, -0.00821921,
         (37): -0.000863014, 1.44072e-05, -0.000137159, -0.00277366,
         (41): -0.00342446, -0.00367117, 0.00297348, -0.00584113,
         (45): -0.000613313, -0.00357051, 0.00289196, -7.66567e-05,
         (49): 0.000730068, -0.0033496, 0.00271303, -0.00185564, -0.00229104,
         (54): -0.00185564, -0.00229104, -0.00010427, 0.000993034,
         (58): -0.00010427, 0.000993033, -0.00350512, -0.000368036,
         (62): -0.00118172, 0.000957145, -0.00118173, 0.000957144,
         (66): -0.000726421, -0.000896869, -0.000742266, 0.000601206,
         (70): -0.0021938, -0.000230345, -0.0021938, -0.000230347,
         (74): 1.1874e-05, -0.000113067, -0.00159802, -0.000167791,
         (78): -0.000797394, 0.000645855, 0, 0, 0, 0, 0, 0, 0.0017456,
         (87): -0.0698824, -0.0632497, 0.060167, -0.0309527, -0.0325386,
         (92): -0.013699, -0.000342192, 0.0150948, -0.014359, -0.000100875,
         (97): 0.0040386, -0.00958768, -0.000239487, -0.00678488,
         (101): -0.00713253, -0.00387963, 0.00369054, -0.00436767,
         (105): -0.0001091, -0.00682016, -0.00716961, 0.000252489, -0.010108,
         (110): -0.0086234, -0.000215409, -0.00635032, -0.0066757,
         (114): 0.000153215, -0.00613375, 0.00208428, -0.00198269,
         (118): -0.00623357, -0.000155709, -0.00452623, -0.00475814,
         (122): 0.000261026, -0.000248302, -0.00400747, -0.0042128,
         (126): -0.00258943, -6.46833e-05, 0.00011352, -0.00454465,
         (130): -0.00178355, 0.00169662, 5.56289e-05, -0.00222713,
         (134): -0.00295035, -0.00310152, 9.1313e-05, -0.00365555,
         (138): -0.00102657, -2.56409e-05, -0.00102657, -2.56444e-05,
         (142): -0.00213497, -0.00224437, -0.00213497, -0.00224436,
         (146): 0.000902889, -0.000858881, -1.30523e-05, 0.000522513,
         (150): -1.30513e-05, 0.000522511, -0.000533312, -1.33221e-05,
         (154): 4.37223e-05, -0.00175041, -1.04615e-05, 9.95208e-06,
         (158): -1.04609e-05, 9.954e-06, -0.000256898, -0.000270062,
         (162): -0.000583418, 0.000554983, 6.02848e-06, -0.00024132, 0, 0, 0,
         (169): 0, 0, 0, -0.0954234, -0.0278113, 0.0348166, -0.030373,
         (176): 0.0330381, 0.0378716, -0.0139745, 0.0479475, -0.00464313,
         (181): 0.0437043, 0.0284735, 0.0232052, 0.00584127, 0.00163189,
         (186): -0.00797216, 0.00329265, -2.3173e-05, -0.00224385,
         (190): -0.00774463, 0.00691279, 0.00711567, 0.000143804,
         (194): -0.00252218, -0.00457459, 2.72222e-08, -2.1488e-08,
         (198): 0.000332885, -0.000262131, 0.00163363, 0.00160015,
         (202): 0.00201338, -0.0017564, 0.00103225, 7.03314e-05, 0.000436609,
         (207): 0.000303702, 0.000637942, 0.00452144, 0.000741585,
         (211): -7.67087e-06, -5.32328e-05, 0.000182605, 0.00146273,
         (215): 0.00201797, 0.000319414, 0.000582143, 0.00115601,
         (219): 0.000630401, -0.000468193, 4.84286e-06, -0.00208937,
         (223): -0.00155637, 0.00125785, 0.000346054, -0.00200867,
         (227): 0.00222996, -0.0011743, 0.000759306, 0.00196608,
         (231): -9.88537e-05, 0.000542964, -0.00142471, 3.65157e-05,
         (235): 0.000115845, -4.86632e-05, 6.23768e-05, -9.62413e-05,
         (239): 0.000330168, 0.000693422, 0.000679209, -0.000227944,
         (243): 0.000468792, 0.000334666, 0.000347511, 0.000297533,
         (247): -0.000163235, -0.000257587, -0.000506879, 0.000348015,
         (251): 0.000128416, 0, 0, 0, 0, 0, 0, -0.0977414, -0.0237134,
         (260): 0.00574174, 0.0951203, -0.103467, 0.00624595, -0.0119156,
         (265): 0.0491123, 0.0129174, -0.0264522, 0.00757145, -0.012716,
         (270): -0.00879265, 0.0108224, -0.00523064, 0.00428515,
         (274): -0.000785106, 0.00072264, 0.00588985, -0.0012196,
         (278): -0.00281979, -0.00238833, 0.00297851, 0.00447099,
         (282): -7.56159e-10, 2.90812e-08, 0.000521133, -0.000237005,
         (286): 4.50204e-05, -0.00108643, 0.000332102, 0.00550057,
         (290): -0.00141525, 0.00159707, -0.00088937, -9.15286e-06,
         (294): 0.00185744, -2.0139e-05, -0.000238831, -0.000259452,
         (298): -4.53862e-05, 0.000187057, -0.000807447, -0.00174979,
         (302): 0.000349696, 0.000573755, 0.000758952, -0.000102393,
         (306): 0.000150798, 0.000163824, -0.000767669, 0.000738733,
         (310): -0.00189, 0.00232274, 0.00124988, 0.000315866, -0.00143677,
         (315): 0.00075903, -0.00044247, -0.000724467, -0.000238635,
         (319): 0.0018136, -0.000115019, -0.000130617, -0.000160759,
         (323): -0.000113729, -8.20605e-05, 0.000338196, 1.90962e-05,
         (327): -0.000461161, 5.55435e-05, -0.000716469, 0.000275847,
         (331): 0.000692296, 0.000293224, -0.000178722, -0.000294949,
         (335): -0.000449747, 0.000317382, 5.06748e-05, 0, 0, 0, 0, 0, 0
         }
      }
   }
}
}
