HDF5 "tempdir_hdf5/evc.hdf5_2" {
GROUP "/" {
   GROUP "KPOINT1" {
      ATTRIBUTE "twfcollect" {
         DATATYPE  H5T_STD_I32LE
         DATASPACE  SIMPLE { ( 1 ) / ( 1 ) }
         DATA {
         (0): 0
         }
      }
      DATASET "BAND0" {
         DATATYPE  H5T_IEEE_F64LE
         DATASPACE  SIMPLE { ( 352 ) / ( 352 ) }
         DATA {
         (0): -0.000518272, -0.0915864, 0.000397853, 0.000393372,
         (4): -0.00792163, 0.00801179, -0.0071631, 0.00724463, -0.0139322,
         (9): 7.88408e-05, -0.0139322, 7.88392e-05, 7.28225e-05, 0.0128689,
         (14): -0.00975708, 5.52113e-05, -0.00975708, 5.52155e-05,
         (18): 0.000209594, 0.000207238, 4.98519e-05, 0.00880968,
         (22): 0.000185733, 0.000183645, -0.000158146, -0.000156367,
         (26): -0.000158147, -0.000156368, -0.00717857, 0.00726027,
         (30): -0.00667408, 0.00675004, -0.00667408, 0.00675004, 3.49647e-05,
         (35): 0.00617873, -0.00516382, 2.92214e-05, -0.00348066,
         (39): 1.96964e-05, -0.000319119, -0.000315526, -0.00327212,
         (43): 0.00330936, 1.72135e-05, 0.00304206, 1.72145e-05, 0.00304206,
         (48): 0.000254975, 0.000252105, -0.00282261, 1.59725e-05,
         (52): -0.00282261, 1.59731e-05, -0.000115062, -0.000113767,
         (56): -0.00272067, 1.53964e-05, -0.00272067, 1.5395e-05,
         (60): 1.41483e-05, 0.00250027, -0.00208116, 0.00210485, -0.00199213,
         (65): 0.00201481, 7.67278e-06, 0.00135588, 7.67239e-06, 0.00135588,
         (70): -0.0017518, 0.00177174, -0.000110199, -0.000108958,
         (74): -0.00163883, 0.00165748, 7.16628e-06, 0.00126638, 6.51698e-06,
         (79): 0.0011517, -0.000928943, 0.000939516, -5.3838e-05,
         (83): -5.32317e-05, 3.35208e-07, 3.31404e-07, 0, 0, 0.0538709,
         (89): 0.0894179, 0.102722, 0.0254832, -0.00732248, 0.0295167,
         (94): -0.000865837, 0.00349009, 0.0126823, -0.00764062, 0.0126823,
         (99): -0.00764064, 0.0101349, 0.0168224, 0.000921163, -0.000554976,
         (104): 0.000921176, -0.000554964, 0.00726931, 0.00180338,
         (108): 0.00309577, 0.00513849, 0.00969127, 0.00240419, 0.00688166,
         (113): 0.0017072, 0.00688167, 0.0017072, -0.001309, 0.00527654,
         (118): -0.000339781, 0.00136961, -0.000339785, 0.00136962,
         (122): 0.00314251, 0.00521609, 0.00280874, -0.00169217, 0.00314581,
         (127): -0.00189524, 0.00307781, 0.00076354, 0.000589276,
         (131): -0.00237535, 0.0016367, 0.00271668, 0.0016367, 0.00271667,
         (136): 0.00272002, 0.000674772, 0.000368886, -0.000222244,
         (140): 0.000368878, -0.000222232, 0.00170007, 0.000421753,
         (144): 0.000984645, -0.000593209, 0.000984635, -0.000593224,
         (148): -0.00105606, -0.00175293, -1.15943e-05, 4.66997e-05,
         (152): -0.000365062, 0.00147153, 0.000200438, 0.000332697,
         (156): 0.000200439, 0.000332691, -0.000129311, 0.000521228,
         (160): 0.0018763, 0.000465469, 0.000277858, -0.00112005,
         (164): 0.000725598, 0.00120438, 0.000167876, 0.000278641,
         (168): 0.000302388, -0.00121893, 0.000131271, 3.2568e-05,
         (172): -0.000661354, -0.000164064, 0, 0, 0.123993, 0.0116781,
         (178): -0.082413, -0.148662, 0.0351524, -0.0367736, -0.0175752,
         (183): 0.00974311, -0.013855, -0.00717017, 0.0152335, -0.0074657,
         (188): -0.0069496, -0.00065454, -0.0126969, -0.00173162, 0.0130477,
         (193): -0.00199314, 0.000717002, -0.002673, 0.00359473, 0.000338565,
         (198): 0.00214704, 0.000849314, -0.000915887, -0.000456834,
         (202): 0.000531504, 0.000871148, -0.0051088, 0.00283214, 0.00350141,
         (207): 0.00140163, 0.00196562, -0.00561546, 0.00109244, 0.000102887,
         (212): 0.00167189, 0.000479329, -0.000908161, -0.000226891,
         (216): 9.54895e-05, 0.00017225, -0.00256227, 0.00142044,
         (220): -0.000842435, 0.00163523, -0.000877304, -0.0017972,
         (224): -0.00108626, -0.000304198, 0.00038279, 0.00164292,
         (228): -0.00306472, -0.000559211, -0.00073512, -0.00175149,
         (232): 0.00308227, -0.000978178, -0.00305837, -0.000791961,
         (236): -0.000103364, 0.000395613, -0.000727918, 9.53338e-05,
         (240): 0.00116543, -0.000240835, -0.000196346, -1.84972e-05,
         (244): 0.000101621, 0.000348876, -0.00069018, 0.000865806,
         (248): 0.000249182, 0.000136765, 0.000692782, -0.00104126,
         (252): -7.55566e-05, 0.000263515, -0.000265585, -0.00011991,
         (256): -4.67095e-09, 1.29591e-09, -0.000886448, -0.00103868,
         (260): 0.000259457, -0.000214795, 0, 0, 0.230082, 0.0916988,
         (266): 0.130338, 0.035393, -0.0227888, 0.0113203, 0.00418466,
         (271): -0.0154101, 0.0124496, -0.011591, -0.00162664, -0.0155655,
         (276): -0.0128949, -0.00513912, 0.00760646, -0.00169668,
         (280): -0.00485203, -0.00521443, 0.00482487, -0.0011983, 0.00667015,
         (285): 0.0026584, 0.00114598, -0.00160018, -0.000347094,
         (289): 0.000661297, -0.00070878, -0.000247885, 0.00121631,
         (293): -0.00447925, 0.00195483, 0.00684069, -0.00424334,
         (297): -0.00338228, 0.00202729, 0.000808042, -0.00119952,
         (301): 0.000687192, 0.000625082, -0.000311338, -0.000151025,
         (305): -4.10242e-05, 0.000610034, -0.00224644, -0.00136109,
         (309): -0.00146665, -0.00183018, 0.00019475, -0.00076834,
         (313): 0.000837988, -0.00147932, 0.00298531, 0.00194716,
         (317): -0.000670398, 0.00180169, 0.000220232, -0.000747505,
         (321): -0.00216787, 0.00212696, -0.00110003, -0.00014378,
         (325): -0.000275728, -8.37649e-05, -0.000985856, 6.06009e-05,
         (329): 0.00147893, -0.000364263, -0.000145131, 0.000228495,
         (333): -9.17486e-05, 0.000567442, -5.99738e-05, 7.57075e-05,
         (337): -0.000177175, -0.000713184, -0.000134038, -0.000108322,
         (341): -0.000189103, -0.000504058, -0.000149769, 1.65533e-08,
         (345): 1.09802e-08, 0.000560174, 0.000506481, 0.000615377,
         (349): -0.000264621, 0, 0
         }
      }
   }
   GROUP "KPOINT10" {
      ATTRIBUTE "twfcollect" {
         DATATYPE  H5T_STD_I32LE
         DATASPACE  SIMPLE { ( 1 ) / ( 1 ) }
         DATA {
         (0): 0
         }
      }
      DATASET "BAND0" {
         DATATYPE  H5T_IEEE_F64LE
         DATASPACE  SIMPLE { ( 352 ) / ( 352 ) }
         DATA {
         (0): 0.0515442, -0.0362688, -0.00272283, 0.0156527, -0.0185265,
         (5): -0.00322275, -0.00881479, -0.00153336, -0.00393, -0.0055852,
         (10): -0.00393, -0.00558519, -0.00913312, 0.00642649, -0.000800442,
         (15): 0.00460141, -0.00505809, -0.00718839, -0.00505811, -0.0071884,
         (20): -0.000696387, 0.00400327, -0.0068383, 0.00481174, -0.00893355,
         (25): 0.00628605, -0.0113892, -0.00198119, -0.000206174, 0.00118518,
         (30): -0.00847962, -0.00147505, -0.000246732, 0.00141834,
         (34): -0.000229436, 0.00131896, -0.00186744, -0.00265395,
         (38): -0.00719508, -0.0012516, -0.00242621, 0.00170719,
         (42): -0.000324865, 0.00186755, -0.0016075, -0.00228452,
         (46): -0.00414391, -0.000720837, -0.00227148, 0.00159831,
         (50): -0.00429427, -0.000747006, -0.00325853, 0.00229285,
         (54): -0.00325852, 0.00229285, -0.000156364, 0.000898891,
         (58): -0.00136217, -0.00193588, -0.00188406, -0.000327736,
         (62): -9.76188e-05, 0.000561164, -0.000982993, -0.001397,
         (66): -0.00225438, -0.000392161, -0.00078368, -0.00111374,
         (70): -0.000725523, -0.00103109, -0.000378116, -0.000537369,
         (74): -0.000794632, -0.000138227, -0.000855585, 0.000602032,
         (78): -0.00125935, 0.000886132, -0.00120749, 0.000849643,
         (82): -0.00165027, -0.00028707, -9.3246e-05, -0.000132517, 0, 0,
         (88): -0.0092084, -0.0767035, -0.0265899, -0.0208899, 0.0121929,
         (93): -0.0155198, 0.00557574, -0.00709714, -0.0104942, 0.00125985,
         (98): -0.0104942, 0.00125985, -0.00151283, -0.0126014, -0.00747515,
         (103): -0.00587272, -0.00712223, 0.00085504, -0.00712223,
         (107): 0.000855039, -0.00687427, -0.00540064, -0.000451857,
         (111): -0.00376383, -0.000556269, -0.00463356, 8.63216e-05,
         (115): -0.000109876, -0.00548598, -0.00430996, -0.00144754,
         (119): 0.00184252, -0.0046832, -0.00367927, -0.00571144,
         (123): -0.00448709, -0.00533978, 0.000641052, -0.000662998,
         (127): 0.00084391, -0.000445096, -0.00370753, -0.00259535,
         (131): -0.00203899, -0.00378945, 0.000454931, 0.000150089,
         (135): -0.000191039, -0.000374426, -0.00311886, 0.000146925,
         (139): -0.000187017, -0.000191958, -0.00159897, -0.00019196,
         (143): -0.00159897, -0.00274746, -0.00215849, -0.00221379,
         (147): 0.00026577, 0.000245616, -0.000312636, -0.00117952,
         (151): -0.000926668, -0.00124946, 0.000150001, -0.000871266,
         (155): 0.001109, -0.00155151, 0.000186262, -0.0013516, 0.000162262,
         (160): -0.000883956, 0.00010612, 0.000330849, -0.000421126,
         (164): 3.13034e-05, 0.00026075, -6.64961e-05, -0.000553894,
         (168): -0.000132657, -0.00110499, -0.000181543, 0.000231078,
         (172): -0.000734478, 8.81763e-05, 0, 0, 0.207786, -0.0158843,
         (178): 0.0223569, -0.0260579, 0.00167399, 0.00143622, 0.00674883,
         (183): 0.00579027, 0.000526193, 0.00688317, 0.000526184, 0.00688316,
         (188): -0.0046875, 0.000358334, 0.0052168, -0.00608041, 3.47979e-05,
         (193): 0.000455325, 3.48082e-05, 0.000455322, -0.00385859,
         (197): 0.00449737, 0.000228165, -1.74458e-05, 0.00446503,
         (201): -0.000341326, -0.00102865, -0.000882547, -0.00423053,
         (205): 0.00493088, 0.00326344, 0.00279992, -0.00196162, 0.00228636,
         (210): -0.00366734, 0.00427447, 0.000354324, 0.00463508,
         (214): -0.00102375, -0.000878336, -0.00147145, 0.000112488,
         (218): -0.00170751, 0.00199018, 0.000225856, 0.00295446,
         (222): 0.000216367, 0.000185641, -0.000845661, 6.46449e-05,
         (226): 0.0017758, 0.00152358, -0.00249537, 0.000190764, -0.00249537,
         (231): 0.000190758, -0.0011728, 0.00136696, 0.000230311, 0.00301272,
         (236): 0.000916276, 0.00078613, 0.000314351, -0.000366387,
         (240): -3.27845e-05, -0.000428849, -0.000231089, -0.000198263,
         (244): 1.84119e-05, 0.000240838, -1.34205e-05, -0.000175585,
         (248): 4.3185e-05, 0.000564921, 0.000447936, 0.000384312,
         (252): -0.000394273, 3.01374e-05, -0.000199324, 1.52343e-05,
         (256): -0.000506105, 3.86857e-05, 0.000193688, 0.000166176,
         (260): 8.19946e-05, 0.0010726, 0, 0, -1.90912e-07, 1.28676e-07,
         (266): 0.0361264, -0.0867823, 0.0605446, 0.0252039, -0.00150889,
         (271): -0.000628127, -0.00551759, -0.0133875, 0.00551757, 0.0133875,
         (276): -3.8765e-08, 2.17557e-08, 0.000541503, -0.00130075,
         (280): -0.00527691, -0.0128036, 0.00527689, 0.0128035, -0.00087381,
         (285): 0.00209904, 1.296e-08, -3.85722e-09, -4.79595e-09,
         (289): 5.02038e-09, -0.00447476, -0.00186279, 0.00025216,
         (293): -0.000605735, 0.0014408, 0.000599775, -0.000128447,
         (297): 0.000308555, -0.00051493, 0.00123696, 0.000485296,
         (301): 0.00117753, 0.00240822, 0.00100252, -3.03554e-09,
         (305): 1.07637e-08, 0.000564142, -0.00135516, 0.00020766,
         (309): 0.000503848, 0.0010269, 0.000427481, -0.000374518,
         (313): 0.000154363, 0.000712624, 0.000296652, -0.000826374,
         (317): 0.000340588, 0.000826369, -0.000340581, -0.000449905,
         (321): 0.00108078, 0.000117586, 0.000285316, 1.17506e-08,
         (325): -2.77841e-10, 0.000358158, -0.00086036, -0.000695025,
         (329): -0.00168636, -0.0012238, -0.000509457, -0.000549545,
         (333): -0.00133339, 0.000519715, 0.00126099, 0.000525875,
         (337): 0.00127596, 7.21181e-05, 3.00219e-05, -0.000216544,
         (341): 8.92496e-05, -0.000529441, 0.000218208, -4.78872e-05,
         (345): 1.97407e-05, -0.000618742, -0.000257572, -0.000120907,
         (349): -0.000293349, 0, 0
         }
      }
   }
   GROUP "KPOINT2" {
      ATTRIBUTE "twfcollect" {
         DATATYPE  H5T_STD_I32LE
         DATASPACE  SIMPLE { ( 1 ) / ( 1 ) }
         DATA {
         (0): 0
         }
      }
      DATASET "BAND0" {
         DATATYPE  H5T_IEEE_F64LE
         DATASPACE  SIMPLE { ( 352 ) / ( 352 ) }
         DATA {
         (0): 0.0979517, -0.0364005, -0.000771941, 0.00168498, -0.0111427,
         (5): -0.00510484, -0.00826118, -0.00378472, -0.00437705, -0.0117784,
         (10): -0.00437704, -0.0117784, -0.0101369, 0.00376703, -0.00374273,
         (15): -0.0100715, -0.00374273, -0.0100715, -0.000168855,
         (19): 0.000368574, -0.00819533, 0.00304553, -0.000343879,
         (23): 0.000750611, 0.000278041, -0.000606901, -0.00996278,
         (27): -0.00456428, 5.55584e-05, -0.000121266, -0.00695158,
         (31): 0.00258333, -0.00933313, -0.00427582, -0.00804998,
         (35): -0.00368796, -0.00176329, -0.00474491, -0.00131311,
         (39): -0.0035335, 0.000223507, -0.000487869, -0.000216264,
         (43): 0.000472061, -0.00111014, -0.00298733, -0.00307969,
         (47): 0.00114447, -0.0030797, 0.00114447, -0.00364463, -0.00166973,
         (52): -0.00313525, -0.00143637, -0.00284682, -0.00130422,
         (56): -0.00142114, 0.000528122, -0.000843604, -0.00227009,
         (60): -0.000827143, -0.0022258, 2.19046e-05, -4.78171e-05,
         (64): -0.00132478, 0.000492312, -0.000782961, -0.00210691,
         (68): -0.00192143, 0.000714037, 8.01913e-05, -0.00017504, -0.001978,
         (73): -0.000906186, -0.00130928, -0.000599824, -0.00185508,
         (77): -0.000849874, -0.00116083, 0.000431385, -0.00103336,
         (81): 0.000384016, 8.21771e-06, -1.79362e-05, 0, 0, 0, 0, 0.012825,
         (89): -0.0328545, -0.0251216, -0.0572934, 0.030511, -0.0133783,
         (94): 0.00584596, -0.00256324, -0.0117481, -0.00458604, -0.0117481,
         (99): -0.00458599, 0.00679144, -0.0173977, -0.00224827,
         (103): -0.000877648, -0.00224826, -0.000877552, -0.00331708,
         (107): -0.00756508, 0.00225925, -0.00578751, -0.00465037,
         (111): -0.0106058, -0.00379322, -0.00865094, 0.00508392, -0.0022292,
         (116): -0.00284013, -0.006477, 0.00245346, -0.00628513,
         (120): -0.000594052, 0.00026046, 0.00178898, -0.000784437,
         (124): -0.00392218, -0.00153108, -0.003963, -0.001547, -0.00196952,
         (129): -0.00449176, -0.00160744, -0.00366601, -0.00185759,
         (133): -0.00072507, 0.00137333, -0.0035181, 0.00137335, -0.00351816,
         (138): -0.00126566, 0.000554932, 0.00114842, -0.000503552,
         (142): 0.000440461, -0.000193139, 0.000607276, -0.00155562,
         (146): -0.00105126, -0.000410384, -0.000300196, -0.000117172,
         (150): -0.00061559, -0.00140397, 0.000466232, -0.00119434,
         (154): -0.000744511, -0.000290634, -0.000315795, 0.000808971,
         (158): -0.000984116, -0.00224438, -0.000808852, 0.000354657,
         (162): -0.000739118, 0.000324067, 0.000397242, -0.000174167,
         (166): 0.000476015, -0.0012194, 0.000201307, -0.000515708,
         (170): -0.000158757, -0.000362047, 0, 0, 0, 0, 1.59684e-06,
         (177): 1.92518e-06, -0.0561516, -0.140011, 0.0683311, -0.0274039,
         (182): -0.0060548, 0.00242798, -0.0152022, -0.006499, 0.0152024,
         (187): 0.006499, -7.18782e-08, -7.99493e-08, -0.0150711,
         (191): -0.00644286, 0.0150711, 0.00644292, -0.00109106, -0.00272072,
         (196): 4.56837e-08, 6.64568e-08, 0.000870617, 0.00217101,
         (200): -0.00040156, -0.00100139, -0.00507774, 0.00203644,
         (204): 0.000489045, 0.00121942, -1.96216e-08, 1.80569e-08,
         (208): 0.00156682, -0.000628387, 0.00403524, -0.00161836,
         (212): 0.00151899, 0.000649338, -0.000164559, -7.03864e-05,
         (216): 0.000145361, 0.000362398, -0.000234346, -0.000584327,
         (220): 0.000380376, 0.000162594, -0.000387961, 0.000907464,
         (224): 0.000387928, -0.000907531, -0.00225889, 0.000905907,
         (228): 0.000867098, -0.000347771, 0.000158914, -6.3734e-05,
         (232): 1.19409e-09, 1.94306e-08, -0.00261876, -0.00111954,
         (236): -0.00248863, -0.0010639, -0.000672418, -0.00167663,
         (240): -0.000106231, 0.000248507, 0.00230031, 0.00098336,
         (244): -0.000123792, 0.000289582, 0.000190454, 0.000474867,
         (248): 0.00120253, -0.000482288, -3.55582e-09, 8.11268e-09,
         (252): -0.000823869, 0.00033041, -0.000127029, 0.000297122,
         (256): 7.36872e-05, -0.000172422, -0.000443242, -0.00110517, 0, 0,
         (262): 0, 0, 0.0879174, -0.426156, -0.0589899, -0.089656, 0.0206124,
         (269): -0.013562, 0.00678396, -0.00446364, 0.000544597, 0.000112352,
         (274): 0.000544606, 0.000112348, -0.00168662, 0.00817543,
         (278): 0.000746078, 0.000153926, 0.000746075, 0.000153911,
         (282): -0.00282991, -0.00430102, 0.00102957, -0.00499048,
         (286): 0.00191425, 0.0029094, 0.00359895, 0.00546989, -0.00128471,
         (291): 0.000845284, 0.00214961, 0.00326709, 0.00074154, -0.00359441,
         (296): 0.00648274, -0.00426538, -0.00226161, 0.00148806, 0.0030793,
         (301): 0.000635253, 0.00233523, 0.000481763, 0.00173485, 0.00263672,
         (306): 0.00113151, 0.00171974, 0.0039987, 0.000824937, -0.000460511,
         (311): 0.00223215, -0.000460505, 0.00223214, -0.00115244,
         (315): 0.000758251, 0.00182747, -0.00120241, 0.000139367,
         (319): -9.17063e-05, -0.000202396, 0.000981048, -0.000308366,
         (323): -6.36242e-05, -0.000215396, -4.44478e-05, -0.000369448,
         (327): -0.000561489, -8.68396e-05, 0.000420936, -0.000578143,
         (331): -0.00011927, -0.000255263, 0.00123734, 0.000530962,
         (335): 0.000806984, -0.000685328, 0.000450912, 0.000444068,
         (339): -0.000292169, 0.000433563, -0.00028527, 2.62732e-06,
         (343): -1.27696e-05, -0.000152745, 0.000740366, 0.000238163,
         (347): 0.000361985, 0, 0, 0, 0
         }
      }
   }
   GROUP "KPOINT3" {
      ATTRIBUTE "twfcollect" {
         DATATYPE  H5T_STD_I32LE
         DATASPACE  SIMPLE { ( 1 ) / ( 1 ) }
         DATA {
         (0): 0
         }
      }
      DATASET "BAND0" {
         DATATYPE  H5T_IEEE_F64LE
         DATASPACE  SIMPLE { ( 352 ) / ( 352 ) }
         DATA {
         (0): -0.101993, -0.062673, 0.0037058, -0.000884883, 0.00307732,
         (5): 0.0128872, 0.00182879, 0.00765863, -0.00578637, 0.00941669,
         (10): -0.00578637, 0.00941668, 0.00764663, 0.0046987, 0.000599456,
         (15): -0.000143144, -0.006152, 0.0100117, -0.006152, 0.0100117,
         (20): 0.00732607, 0.00450172, 0.00146911, -0.000350807, 0.0075601,
         (25): 0.00464553, -0.00106363, 0.000253988, 0.00273742, 0.0114638,
         (30): 0.00256885, 0.0107578, -5.21809e-05, 1.24591e-05, 0.00188885,
         (35): 0.00791015, -0.000627058, 0.000149732, -0.00256163,
         (39): 0.00416876, -0.00212731, 0.00346198, 0.000730496,
         (43): -0.000174437, -0.00187567, 0.00305245, 0.000943197,
         (47): 0.00394991, 0.00303819, 0.00186691, 0.00303819, 0.00186691,
         (52): 0.00143793, 0.000883576, 0.000771978, 0.0032329, 0.00125573,
         (57): 0.000771622, 0.000767246, 0.00321307, -0.000223507,
         (61): 5.33683e-05, -0.00109671, 0.00178478, 1.44395e-05,
         (65): -3.44912e-06, -0.00100089, 0.00162884, 0.000365108, 0.001529,
         (70): -0.000913115, 0.001486, 0.00131702, 0.000809284, 0.000458596,
         (75): 0.00192051, 3.14428e-05, -7.50868e-06, -0.00037105,
         (79): 0.000603844, 0.000993591, 0.000610541, 0.000359164,
         (83): 0.00150411, 0.000146341, 0.000612852, 0, 0, 0.0637611,
         (89): 0.0220223, -0.0295297, 0.0143681, -0.010822, -0.0222416,
         (94): -0.00173502, -0.00356587, -0.00449733, 0.0130212, -0.00449738,
         (99): 0.0130212, -0.0158, -0.00545711, -0.00696472, 0.00338878,
         (104): -0.0016912, 0.00489658, -0.00169127, 0.00489653, -0.00620269,
         (109): -0.00214234, -0.0118685, 0.00577479, -0.00615513,
         (113): -0.00212591, -0.0106935, 0.00520308, -0.00199118,
         (117): -0.00409242, 0.00106342, 0.0021856, -0.00626264, 0.00304716,
         (122): -0.000760587, -0.00156324, -0.00642957, 0.00312841,
         (126): -0.0016132, 0.00467068, -0.00178266, 0.00516143, -0.00491241,
         (131): 0.00239018, -0.00117677, 0.00340708, -0.000274841,
         (135): -0.000564903, -0.00394305, -0.00136186, -0.00394308,
         (139): -0.00136188, -0.0028432, -0.000982036, -0.000185797,
         (143): -0.000381873, -0.00202355, -0.000698917, 0.000290198,
         (147): 0.000596429, -0.00274216, 0.00133422, -0.000370676,
         (151): 0.00107319, -0.00110819, 0.000539208, -0.000108339,
         (155): 0.000313683, 0.000234566, 0.000482102, -0.000203982,
         (159): 0.000590606, 6.50004e-05, 2.24505e-05, 0.000229669,
         (163): 0.000472029, -0.00129801, 0.00063156, -0.000280511,
         (167): 0.000812173, -0.000966921, -0.000333976, -9.09795e-05,
         (171): -0.000186971, 9.44834e-06, 1.94471e-05, 0, 0, -0.303967,
         (177): -0.295733, -0.0873218, 0.00119884, -0.000610562, -0.0444658,
         (182): -0.000152391, -0.0111038, 0.00152652, -0.00156903,
         (186): 0.00152651, -0.00156903, 6.23728e-06, 6.06559e-06,
         (190): -0.0073272, 0.000100601, 0.0016808, -0.0017276, 0.0016808,
         (195): -0.0017276, -0.00261894, -0.00254799, 0.00202343,
         (199): -2.77837e-05, -0.00381066, -0.00370745, 0.00451538,
         (203): -6.19783e-05, -1.10474e-05, -0.000804474, -7.16428e-05,
         (207): -0.00521835, 0.00114133, -1.56606e-05, 1.3413e-05,
         (211): 0.000976634, 0.00190792, -2.62002e-05, 0.00116043,
         (215): -0.00119274, 0.00120604, -0.00123961, 0.00157358,
         (219): -2.16096e-05, 0.00221765, -0.00227939, -3.35477e-05,
         (223): -0.00244434, 0.000911367, 0.00088667, 0.000911363,
         (227): 0.000886673, 6.86911e-05, 6.68318e-05, -9.32136e-06,
         (231): -0.000679103, -1.99686e-05, -1.94232e-05, 1.55501e-05,
         (235): 0.00113206, 0.000411873, -5.65481e-06, -0.000222661,
         (239): 0.000228856, -0.00070858, 9.72946e-06, -5.85513e-05,
         (243): 6.01861e-05, -8.42915e-06, -0.000613872, -0.000318129,
         (247): 0.000326992, 0.000642632, 0.000625224, 1.30026e-05,
         (251): 0.000946844, 0.000886995, -1.21778e-05, 0.00069714,
         (255): -0.000716546, -0.000258018, -0.000251029, -7.71148e-06,
         (259): -0.000561751, -4.5924e-06, -0.000334624, 0, 0, -1.24412e-07,
         (265): 1.4626e-06, 0.00587811, -0.125677, 0.0841466, 0.00393605,
         (270): -0.00165376, -7.74889e-05, -0.0107962, -0.0118556, 0.0107962,
         (275): 0.0118556, 1.01349e-08, -5.76604e-08, 0.000126045,
         (279): -0.00269387, -0.0110503, -0.0121347, 0.0110502, 0.0121346,
         (284): 1.02624e-08, 4.38639e-08, -0.000122549, 0.00261953,
         (288): 4.09118e-09, -1.73621e-08, 5.12803e-05, -0.00109559,
         (292): -0.00450098, -0.000210512, 0.00143444, 6.71117e-05,
         (296): -3.42629e-05, 0.000733031, 0.00332002, 0.000155282,
         (300): -3.5561e-05, 0.000760406, 0.000839352, 0.000921699,
         (304): 0.000439486, 0.000482592, 4.67865e-05, -0.00100052,
         (308): 2.7251e-05, 2.99067e-05, 0.000656145, 3.06696e-05,
         (312): -0.000364781, 0.000332167, 0.000364785, -0.000332199,
         (316): 1.54264e-08, 2.88863e-10, 0.000647154, 3.0268e-05,
         (320): -0.000204819, 0.000186528, -0.00177323, -8.29503e-05,
         (324): -3.50608e-05, 0.000749779, -0.00136872, -0.00150304,
         (328): 5.70721e-05, -0.00122014, -0.00125565, -0.00137888,
         (332): 4.03249e-09, -5.43353e-09, 0.00112013, 0.00123004,
         (336): -0.000199876, 0.000182012, 0.00110877, 5.18539e-05,
         (340): -2.48391e-05, 0.000531141, 0.000152756, 0.000167742,
         (344): -0.000273076, 0.00024867, -0.000614762, -2.87578e-05,
         (348): 7.97363e-05, 3.72076e-06, 0, 0
         }
      }
   }
   GROUP "KPOINT4" {
      ATTRIBUTE "twfcollect" {
         DATATYPE  H5T_STD_I32LE
         DATASPACE  SIMPLE { ( 1 ) / ( 1 ) }
         DATA {
         (0): 0
         }
      }
      DATASET "BAND0" {
         DATATYPE  H5T_IEEE_F64LE
         DATASPACE  SIMPLE { ( 352 ) / ( 352 ) }
         DATA {
         (0): -0.0965901, 0.0979892, -5.49767e-05, -0.00764809, 0.0148476,
         (5): -0.000106754, 0.00707124, -5.08424e-05, 0.00636329, 0.00627243,
         (10): 0.0063633, 0.00627246, -8.73389e-06, -0.00121401, 0.00889971,
         (15): 0.00877262, 0.0088997, 0.00877264, 0.00561335, -0.00569465,
         (20): 0.00593835, -0.00602438, 0.0077348, -0.00784684, -2.02095e-05,
         (25): -0.00281162, 0.0127452, -9.16413e-05, 9.06307e-06, 0.00125984,
         (30): 0.0117651, -8.45848e-05, -1.76389e-06, -0.000244398,
         (34): 3.65944e-06, 0.000509018, 0.00747038, -5.37172e-05,
         (38): 0.00301927, 0.00297615, -9.37145e-06, -0.00130369, 0.00484499,
         (43): -3.48365e-05, 0.00325949, 0.00321296, 0.00278046, 0.00274077,
         (48): 0.00144267, -0.00146356, 0.00282533, -0.00286625, 0.00282532,
         (53): -0.00286625, 0.00357918, -2.57327e-05, 0.00115496, -0.0011717,
         (58): 1.28183e-06, 0.000178257, 0.00175174, -1.25954e-05,
         (62): 0.00269311, -1.93657e-05, 0.00123856, 0.00122088,
         (66): -8.70486e-07, -0.00012144, -4.6047e-07, -6.39906e-05,
         (70): 0.00104111, 0.00102625, 0.000549172, 0.000541327, 0.000725652,
         (75): -5.21918e-06, 0.000929976, 0.000916698, 0.000820694,
         (79): -0.000832579, 0.00176684, -1.27039e-05, -1.17101e-07,
         (83): -1.61062e-05, 0, 0, 0, 0, 0.0816137, -0.0881283, 0.000681567,
         (91): 0.0177573, -0.0124574, 0.00047814, -0.00142994, 5.48921e-05,
         (96): 0.0104995, 0.00972333, 0.0104995, 0.00972343, 0.000260096,
         (101): 0.00677796, 0.00617568, 0.0057191, 0.00617566, 0.00571918,
         (106): -0.00890115, 0.00961169, -0.00473238, 0.00511008,
         (110): -0.00398322, 0.00430117, 0.000506953, 0.0132086, -0.00254516,
         (115): 9.76885e-05, 0.000484328, 0.0126187, 0.00318616,
         (119): -0.000122239, 0.000227999, 0.00594067, 0.000328394,
         (123): 0.00855613, -0.000961482, 3.69107e-05, 0.00455528,
         (127): 0.00421852, 0.000251385, 0.00655026, 0.000114566,
         (131): -4.3957e-06, 0.00365019, 0.00338037, 0.00347895, 0.00322178,
         (136): -0.00264797, 0.00285934, -0.00266352, 0.00287614,
         (140): -0.00266356, 0.00287617, -8.74328e-05, 3.36596e-06,
         (144): -0.00174442, 0.00188363, 0.000123796, 0.00322556,
         (148): 0.000369746, -1.419e-05, 0.000348059, -1.336e-05,
         (152): 0.000800792, 0.000741599, 3.56546e-05, 0.00092878,
         (156): 7.93135e-05, 0.00206673, 0.00028593, 0.000264803, 0.00105804,
         (161): 0.000979811, -9.67891e-05, 3.71065e-06, 0.00038837,
         (165): 0.000359668, -0.000153751, 0.000166032, 0.000295961,
         (169): -1.13614e-05, 5.75426e-05, 0.00149948, 0, 0, 0, 0, -0.194601,
         (177): -0.334823, -0.0691141, -0.0183055, 0.0150368, -0.0567732,
         (182): 0.0027831, -0.0105078, -4.40747e-05, 2.56249e-05,
         (186): -4.40831e-05, 2.56094e-05, -0.00929796, -0.00246262,
         (190): 0.00144812, -0.000841643, 0.00144812, -0.000841657,
         (194): -0.00251806, -0.00433249, -0.0017768, -0.00305709,
         (198): -0.00314472, -0.00541069, -0.000688099, -0.000182238,
         (202): 0.000436796, -0.00164919, 0.000693604, 0.00018371,
         (206): 0.000585344, -0.00221003, -0.00124283, -0.000329166,
         (210): -0.000696553, -0.000184483, -8.77394e-05, 0.000331264,
         (214): 5.71668e-05, -3.32278e-05, 0.000596553, 0.000158003,
         (218): 0.000572853, -0.00216284, -0.000217153, 0.000126221,
         (222): 0.00149769, -0.000870464, -0.000756864, -0.00130223,
         (226): 0.000190917, 0.000328485, 0.000190926, 0.000328484,
         (230): 0.000206096, -0.000778122, -0.000452307, -0.000778212,
         (234): -0.000484813, -0.000128404, 0.000190939, -0.000720898,
         (238): -0.000238991, 0.000902348, -0.000523006, 0.000303972,
         (242): -0.000724204, -0.000191809, 0.000789691, 0.000209158,
         (246): -0.000144655, 8.40769e-05, 0.000714619, -0.000415336,
         (250): 0.000178826, -0.000675168, -0.000476842, 0.000277147,
         (254): 0.000201069, 0.00034595, -0.000246533, 0.00093081,
         (258): 0.000934605, 0.000247538, 0, 0, 0, 0, -1.86952e-07,
         (265): -3.55682e-07, 0.0745683, -0.0784723, 0.0689069, 0.0654793,
         (270): 0.000410547, 0.000390055, -0.000404431, -0.0158553,
         (274): 0.000404424, 0.0158554, 0.00131476, -0.00138348,
         (278): -0.000410387, -0.0160899, 0.000410426, 0.0160899,
         (282): 2.07697e-08, 2.0326e-09, -2.26641e-08, 3.91503e-09,
         (286): 9.56629e-09, 7.38389e-09, -0.00209925, 0.00220913,
         (290): -0.00267334, -0.00254035, 0.000781869, -0.000822778,
         (294): 0.0009038, 0.000858835, -0.000118236, 0.000124466,
         (298): -0.000805753, 0.000847933, 0.00177743, 0.00168902,
         (302): 3.41539e-05, 0.00133822, 0.00113964, -0.0011993, 0.000222756,
         (307): 0.000211658, 2.16293e-05, 0.000847547, -1.04499e-05,
         (311): -0.000410139, -7.62558e-09, 1.32747e-08, -0.000154537,
         (315): 3.94096e-06, 0.000154541, -3.93715e-06, 0.000692484,
         (319): 0.000658037, -0.000301685, 7.70048e-06, -0.000630157,
         (323): 0.000663144, -2.86572e-10, -4.73751e-10, -0.000920069,
         (327): -0.000874305, -3.43459e-05, -0.00134663, 0.000458759,
         (331): -0.000482768, -0.000579662, 0.000610014, -2.98269e-05,
         (335): -0.00116958, 1.87057e-05, 0.000733077, -3.47493e-05,
         (339): -3.30269e-05, 2.59881e-05, 0.00101863, -0.000255175,
         (343): 6.50946e-06, 0.000660628, 0.000627762, 0.000486885,
         (347): -0.00051237, 0, 0, 0, 0
         }
      }
   }
   GROUP "KPOINT5" {
      ATTRIBUTE "twfcollect" {
         DATATYPE  H5T_STD_I32LE
         DATASPACE  SIMPLE { ( 1 ) / ( 1 ) }
         DATA {
         (0): 0
         }
      }
      DATASET "BAND0" {
         DATATYPE  H5T_IEEE_F64LE
         DATASPACE  SIMPLE { ( 352 ) / ( 352 ) }
         DATA {
         (0): 0.0861459, -0.0135707, -0.00364711, 0.00501104, -0.0103483,
         (5): -0.0075317, -0.00631863, -0.0045988, -0.00205268, -0.0130303,
         (10): -0.00159968, -0.0101547, -0.0100008, 0.00157546, -0.00160231,
         (15): -0.0101714, -0.000772303, 0.00106111, -0.00155194,
         (19): -0.00985169, -0.00792645, 0.00124865, -0.00948711,
         (23): -0.00690486, 0.000272596, -0.000374547, -0.000537658,
         (27): 0.000738726, 0.0002371, -0.000325765, -0.00752609, 0.0011856,
         (32): -0.00776503, -0.00565151, -0.00724777, -0.00527504,
         (36): -0.000646549, -0.00410427, 0.000316539, -0.000434917,
         (40): -0.000762104, -0.00483781, -0.00359201, 0.000565853,
         (44): -0.00299797, -0.00218197, -0.000291059, 0.00039991,
         (48): -0.00157138, 0.00024754, -0.00157138, 0.000247542,
         (52): -0.000423298, -0.00268707, -0.0027819, -0.00202471,
         (56): -0.00285701, 0.000450066, 8.9241e-05, -0.00012262,
         (60): -0.00265355, -0.00193129, -0.000379671, -0.00241015,
         (64): -0.000331655, -0.00210533, -7.47572e-05, 0.000102712,
         (68): -0.000295201, -0.00187393, -0.00122876, -0.000894313,
         (72): -0.00169816, 0.000267514, -0.00173142, -0.00126015,
         (76): -0.00163668, -0.0011912, -0.00113031, 0.00017806,
         (80): -0.000137378, -0.000872061, -0.000958126, 0.000150932,
         (84): -0.00115761, 0.000182359, 0, 0, -0.0616894, 0.00750159,
         (90): -0.0261371, 0.0333736, -0.0137844, -0.0107954, -0.00664134,
         (95): -0.00520126, 0.00122939, 0.0101099, 0.00139956, 0.0115096,
         (100): -0.017364, 0.00211149, 0.000264534, 0.00217533, -0.00659716,
         (105): 0.00842375, 0.000557277, 0.00458291, -0.00625108,
         (109): 0.000760153, -0.00422555, -0.0033093, -0.00500151,
         (113): 0.00638628, -0.00584073, 0.00745785, -0.00468982, 0.00598829,
         (118): -0.00716656, 0.000871475, -0.000269404, -0.000210959,
         (122): -0.000208532, -0.000163319, 0.000568163, 0.00467229,
         (126): -0.00371749, 0.00474675, 0.000495954, 0.00407852,
         (130): -0.00350393, 0.000426089, -0.000714039, -0.000559201,
         (134): -0.00180607, 0.00230611, -0.00232222, 0.000282379,
         (138): -0.0023222, 0.000282383, 0.000142349, 0.00117063,
         (142): -0.000958674, -0.000750805, -0.00262628, 0.000319357,
         (146): -0.00207825, 0.00265367, 0.000678095, 0.000531065, 0.0001945,
         (151): 0.00159943, 5.17858e-05, 0.000425814, -0.000979024,
         (155): 0.00125011, 9.85886e-05, 0.000810784, 0.000238189,
         (159): 0.000186546, 0.000410603, -4.99299e-05, 0.000972854,
         (163): 0.000761908, -0.000353114, -0.000276551, -0.000304874,
         (167): 3.70716e-05, 0.000113782, 0.000935657, -0.00157438,
         (171): 0.000191451, -0.00119031, 0.000144744, 0, 0, -0.0502495,
         (177): -0.0978452, -0.145856, -0.046876, 0.0121988, -0.0379571,
         (182): 0.00368259, -0.0114584, -0.00816065, 0.004191, 0.012056,
         (187): -0.00619153, 0.000687369, 0.00133852, -0.00960578,
         (191): 0.00493317, -0.000814101, -0.00026163, 0.0100089,
         (195): -0.00514018, -0.000358234, -0.0006976, -0.00126379,
         (199): 0.00393238, 0.00413539, 0.00132907, 0.00226013, 0.000726358,
         (204): 0.00475311, 0.0015276, -0.000821315, -0.00159921,
         (208): 0.000862895, -0.00268492, 0.00154116, -0.00479536,
         (212): 0.00287323, -0.00147559, 0.00347015, 0.00111525, 0.00312189,
         (217): -0.00160329, 0.000748685, 0.00145783, 0.000414101,
         (221): -0.00128849, 0.000270486, 8.69312e-05, 0.000207513,
         (225): 0.00040408, 0.000207514, 0.000404068, 0.00210776,
         (229): -0.00108247, 0.000820639, -0.00255344, -8.05081e-05,
         (233): -0.000156773, 0.00144249, 0.00046359, -0.000503976,
         (237): 0.00156815, 0.00177488, -0.000911513, -0.00144304,
         (241): 0.000741099, -0.00111762, -0.000359195, -0.00119805,
         (245): 0.000615276, 0.000251236, -0.000781736, 0.000492132,
         (249): 0.000958281, 0.000158439, -0.000492994, -0.000180913,
         (253): 0.000562904, 0.000167756, 0.000326666, 0.00112104,
         (257): -0.000575728, -5.42527e-07, -1.07013e-06, 0.00012855,
         (261): 0.000250317, 0, 0, -0.222632, -0.0540623, 3.3962e-07,
         (267): -4.91451e-07, 0.00739937, 0.0121456, -9.4628e-08,
         (271): -7.6235e-08, -0.000607736, 0.0025025, -0.00213529,
         (275): 0.00879304, 0.00530217, 0.00128753, 0.000228107,
         (279): -0.000939345, -0.00925466, 0.0056382, -0.00173405,
         (283): 0.00714092, -0.0043143, -0.00104766, 7.90206e-09,
         (287): 3.61715e-09, 0.000878862, -0.00053543, 0.00131167,
         (291): -0.00079911, -0.00169769, 0.00103426, -0.0038597,
         (295): -0.000937264, 0.00304584, 0.00499949, -0.00201976,
         (299): -0.00331528, 0.000163063, -0.000671549, 2.98809e-08,
         (303): -3.35933e-08, 1.38901e-09, -6.25171e-09, 0.000750406,
         (307): 0.000182217, 0.000254245, 0.000417335, 0.00191026,
         (311): -0.00116378, 0.000335557, 8.14807e-05, -0.000335553,
         (315): -8.14815e-05, 0.000597144, -0.00245905, -0.00028649,
         (319): -0.000470247, 0.00277334, 0.000673464, 8.48668e-06,
         (323): -5.17151e-06, -6.73156e-09, -1.19183e-09, -0.000636668,
         (327): 0.00262178, -4.13875e-05, 0.00017042, -0.000602503,
         (331): 0.000367059, 7.45626e-05, -0.000307066, -1.79275e-09,
         (335): -3.56709e-09, -0.000301931, -7.33165e-05, 0.000407118,
         (339): 0.000668256, -0.000360978, -0.000592518, 0.000292193,
         (343): 7.09567e-05, -3.71656e-05, 0.00015305, 0.000322955,
         (347): 7.84282e-05, -6.20991e-09, -1.57677e-09, 0, 0
         }
      }
   }
   GROUP "KPOINT6" {
      ATTRIBUTE "twfcollect" {
         DATATYPE  H5T_STD_I32LE
         DATASPACE  SIMPLE { ( 1 ) / ( 1 ) }
         DATA {
         (0): 0
         }
      }
      DATASET "BAND0" {
         DATATYPE  H5T_IEEE_F64LE
         DATASPACE  SIMPLE { ( 352 ) / ( 352 ) }
         DATA {
         (0): 0.0910317, 0.0183012, -0.0106757, 0.00710168, -0.00894331,
         (5): -0.0134441, -0.00388306, -0.00583724, 0.00215034, -0.010696,
         (10): 0.00171047, -0.00850806, 0.00212906, -0.0105901, -0.0017811,
         (15): 0.00118482, -0.0087943, -0.00176803, 0.00215553, -0.0107218,
         (20): -0.00798478, -0.00160528, -0.00699771, -0.0105194,
         (24): -0.00928709, -0.0018671, 0.000494985, -0.000329279,
         (28): -0.00156337, 0.00103998, -0.00537015, -0.00807273,
         (32): 3.81101e-05, -2.53535e-05, -0.0049567, -0.00745121,
         (36): 0.000847105, -0.00421359, 0.000283876, -0.000188842,
         (40): 0.000911752, -0.00453513, -0.00392235, -0.00078856,
         (44): -0.0022246, -0.00334415, -0.000738059, 0.000490968,
         (48): -0.00191557, -0.000385109, -0.00232271, -0.00349165,
         (52): -0.00179623, -0.000361116, 0.000596702, -0.00296805,
         (56): 2.05842e-05, -1.36945e-05, -0.00317296, -0.000637898,
         (60): -0.000930059, -0.00139813, -0.00140675, -0.00211471,
         (64): 0.000373083, -0.00185576, 0.000313226, -0.00155802,
         (68): -0.000216917, 0.000144301, 0.000290484, -0.0014449,
         (72): -0.00120445, -0.000242144, -0.00106147, -0.00159567,
         (76): 0.000177144, -0.000881125, -0.00112138, -0.000225446,
         (80): 0.000135734, -0.00067515, -9.39004e-05, 6.24649e-05,
         (84): -0.00105503, -0.000212107, -0.000374301, -0.000562675,
         (88): -0.0302838, -0.0143397, -0.0251963, 0.00900272, -0.0053951,
         (93): -0.0150995, -0.00227223, -0.00635938, -0.00444746, 0.00939254,
         (98): -0.0053636, 0.0113273, -0.00173965, 0.00367394, -0.0101339,
         (103): 0.00362086, -0.0142018, -0.00672469, -0.00275587, 0.00582009,
         (108): -0.00543478, -0.00257343, -0.00138077, -0.00386446,
         (112): -0.00638234, -0.00302208, -0.00880335, 0.00314549,
         (116): -0.00979223, 0.00349878, 0.000452973, 0.00126781,
         (120): -0.00669689, 0.00239284, -4.18145e-05, -0.000116993,
         (124): -0.00257101, 0.00542965, -0.00759786, 0.00271475,
         (128): -0.00199733, 0.00421811, -0.00312104, -0.00147784,
         (132): -0.000234339, -0.000655875, -0.0034823, 0.00124423,
         (136): -0.00325001, -0.00153892, -0.000271744, -0.000760578,
         (140): -0.00276366, -0.00130862, -0.000946638, 0.00199922,
         (144): -0.00366701, 0.00131024, -0.00252781, -0.00119695,
         (148): 4.71745e-06, 1.31885e-05, 0.000201845, 0.000564911,
         (152): -0.000557967, 0.00117837, -0.0002016, 0.000425755,
         (156): -0.00126325, 0.000451368, -0.000421847, 0.000890903,
         (160): -3.41591e-05, -1.61783e-05, 0.000365532, 0.001023,
         (164): -0.000470652, 0.000993965, -0.00142954, -0.0006769,
         (168): -0.000317828, 0.000671218, -0.00114206, 0.000408065,
         (172): -0.000301959, -0.000142986, -7.96974e-05, -0.000223045,
         (176): -0.173709, -0.0695995, -0.111531, 0.0477228, -0.018289,
         (181): -0.0427423, -0.00583331, -0.0136328, -0.00193448, 0.00482812,
         (186): 0.00490043, -0.0122306, -0.00296097, 0.00739005, -0.00281148,
         (191): 0.001203, 2.26307e-05, 9.05785e-06, 0.00365498, -0.00912221,
         (196): -0.000433688, -0.00017377, 0.00109661, 0.00256282,
         (200): -0.00293704, -0.00117677, 0.00455007, -0.00194692,
         (204): 0.00318648, -0.00136347, -0.00184113, -0.0043028, 0.00300702,
         (209): -0.00128667, -0.00054931, -0.00128376, 0.00161109,
         (213): -0.00402098, 0.00378811, -0.00162089, 0.00107181,
         (217): -0.00267507, 0.0015299, 0.000612982, -0.00073665,
         (221): -0.00172159, 0.000684061, -0.000292702, 0.000161746,
         (225): 6.47988e-05, -0.00115016, -0.00268799, 0.000193473,
         (229): 7.75124e-05, 0.000953246, -0.00237913, 0.00147048,
         (233): -0.000629199, 0.000626349, 0.00025096, -0.000446478,
         (237): -0.00104343, 0.000414259, 0.000968145, 0.000370282,
         (241): -0.000924166, -0.0003261, 0.000813882, -0.000695115,
         (245): 0.000297429, -0.000247257, 0.000617108, 0.000715834,
         (249): 0.000286812, -1.22394e-05, -2.86065e-05, 0.000492731,
         (253): -0.00122978, -0.000133043, -5.3305e-05, 0.000419997,
         (257): -0.00104825, 0.00105326, -0.00045068, 0.000281527, 0.0001128,
         (262): -0.00027995, -0.00065425, -0.212408, -0.0856033, 0.0488955,
         (267): -0.0208051, 0.00856301, 0.0201245, 0.000209202, 0.000491657,
         (272): 0.00496903, -0.0123297, -0.00196184, 0.00486793, 0.00395117,
         (277): -0.00980405, -0.00955981, 0.00406771, 0.00339002, 0.00136622,
         (282): -0.003388, 0.00840665, -0.000864333, -0.000348329,
         (286): -0.000943646, -0.00221773, -0.00361485, -0.00145684,
         (290): 0.00372156, -0.00158353, 0.00276284, -0.00117559,
         (294): -0.000581567, -0.00136677, -0.00107926, 0.000459234,
         (298): 0.00155109, 0.00364534, 0.000421958, -0.00104702, 0.00107844,
         (303): -0.000458878, 0.000217587, -0.000539891, 0.00142192,
         (307): 0.000573055, 0.000203487, 0.000478215, 0.0021119,
         (311): -0.000898621, 0.00084136, 0.000339082, 5.54116e-05,
         (315): 0.000130239, 0.000224828, 9.06175e-05, 0.000639068,
         (319): -0.00158573, 0.000153974, -6.55213e-05, 0.00209783,
         (323): 0.000845447, -2.72472e-05, -6.40483e-05, -0.000140737,
         (327): -0.000330756, -0.000757461, 0.00187949, 0.000149078,
         (331): -0.00036991, 4.64742e-05, -1.97738e-05, 0.000334363,
         (335): -0.000829651, -0.000145742, -5.87394e-05, 0.000405341,
         (339): 0.000952613, -0.000139459, 0.000346048, 0.000171298,
         (343): 6.90368e-05, 0.000233151, -0.000578516, 0.000248848,
         (347): -0.000105885, 0.000380363, 0.000153287, 0.000107537,
         (351): 0.000252726
         }
      }
   }
   GROUP "KPOINT7" {
      ATTRIBUTE "twfcollect" {
         DATATYPE  H5T_STD_I32LE
         DATASPACE  SIMPLE { ( 1 ) / ( 1 ) }
         DATA {
         (0): 0
         }
      }
      DATASET "BAND0" {
         DATATYPE  H5T_IEEE_F64LE
         DATASPACE  SIMPLE { ( 352 ) / ( 352 ) }
         DATA {
         (0): 0.0840176, -0.0357185, -0.00921288, 0.0228392, -0.0214321,
         (5): -0.00864528, -0.0024925, -0.00586288, -0.00698829, -0.00281894,
         (10): -0.0017712, 0.00439094, -0.00376645, -0.00885944, -0.0020637,
         (15): -0.00485427, -0.00414057, -0.00973951, -0.00936214,
         (19): 0.00398014, -0.011666, 0.00495957, -0.012566, -0.00506885,
         (24): -0.00823491, 0.00350091, -0.00031325, 0.000776593, -0.001674,
         (29): 0.0041499, -0.00918783, -0.00370618, -0.000537619, 0.00133278,
         (34): -0.00134096, -0.00315424, -0.00749858, -0.00302478,
         (38): -0.000473269, 0.00117327, -0.00136986, -0.00322216,
         (42): -0.0047541, -0.0019177, -0.00300514, 0.00127757, -0.00077815,
         (47): 0.00192909, -0.00414112, -0.00167045, -0.00441002, 0.00187483,
         (52): -0.0024886, 0.00105798, -0.00111237, -0.00261655,
         (56): -0.000263017, 0.000652025, -0.00363019, 0.00154331,
         (60): -0.00185013, -0.000746304, -0.00172194, -0.000694598,
         (64): -0.000112238, 0.000278257, -0.000248994, -0.000585674,
         (68): -0.000867429, -0.000349902, -0.000207581, 0.000514596,
         (72): -0.000495325, -0.00116511, -0.000363501, -0.000855037,
         (76): -0.000416629, -0.000979998, -0.000312011, -0.000733916,
         (80): -0.00142043, 0.000603867, -0.00141443, -0.000570558,
         (84): -0.000848236, 0.000360613, 0, 0, 0.0107458, -0.00680886,
         (90): -0.00184636, 0.00823298, -0.00507753, -0.00113872, 0.00688,
         (95): 0.0108581, -0.00221078, -0.000495801, -0.00195559, 0.00871998,
         (100): 0.00472172, 0.00745182, 0.0081149, 0.0128069, 0.00570431,
         (105): 0.00900255, -0.0103347, 0.00654841, -0.00354264, 0.00224473,
         (110): -0.00031983, -7.17086e-05, -0.00419088, 0.00265548,
         (114): -0.00244389, 0.0108974, -0.00236464, 0.010544, 0.00433057,
         (119): 0.000971191, -0.00228558, 0.0101915, 0.00447899, 0.00706878,
         (124): 0.00124492, 0.000279191, -0.0014059, 0.0062689, 0.00306673,
         (129): 0.00483992, 0.000796943, 0.000178727, -0.00374698,
         (133): 0.00237421, -0.000987089, 0.00440142, 0.000570762,
         (137): 0.000127988, -0.00241331, 0.00152914, -0.002716, 0.00172094,
         (142): 0.00213963, 0.00337678, -0.000935769, 0.00417262,
         (146): -0.00200521, 0.00127056, 0.0002796, 6.27003e-05, 0.00063446,
         (151): 0.000142282, -0.00040933, 0.00182521, 0.000863862,
         (155): 0.00136334, -0.000286942, -6.435e-05, -0.000223525,
         (159): 0.000996671, 0.000641504, 0.00101243, 0.000660615,
         (163): 0.00104259, 0.000354929, 0.000560144, 0.000772905,
         (167): 0.00121981, -0.000976272, 0.000618601, 0.000978345,
         (171): 0.000219407, -0.000176664, 0.000111941, 0, 0, 0.247754,
         (177): -0.105887, 0.0258819, -0.0645175, 0.0391585, 0.0157089,
         (182): -0.000146341, -0.000342418, 0.0125907, 0.0050509, 0.00320932,
         (187): -0.00800011, -0.000978155, -0.00228868, 0.00265512,
         (191): 0.00621242, 0.00122316, 0.00286195, 0.00278144, -0.00118876,
         (196): 0.00438716, -0.00187502, -0.00101253, -0.000406187,
         (200): 0.000220474, -9.4222e-05, -0.0011945, 0.00297762,
         (204): -0.000868582, 0.00216517, 0.0017646, 0.000707888,
         (208): -0.000671847, 0.00167475, 0.000947379, 0.00221666,
         (212): -0.000611832, -0.000245442, 4.37301e-06, -1.09055e-05,
         (216): 0.000265504, 0.000621225, 0.0021102, 0.000846527,
         (220): 0.000783301, -0.000334775, -0.000368496, 0.000918577,
         (224): 0.00129196, 0.000518285, -0.00150977, 0.00064526,
         (228): 0.000537848, -0.000229869, 0.000664667, 0.00155519,
         (232): -0.000136699, 0.000340762, -0.00103712, 0.000443257,
         (236): 0.00112534, 0.000451444, -0.000697139, -0.000279664,
         (240): -0.000478907, 0.00119381, 0.000510891, 0.00119538,
         (244): 0.000845385, 0.000339135, 0.000203314, -0.000506813,
         (248): -0.000138038, -0.00032298, -0.000163191, -0.000381835,
         (252): -0.000183103, -0.000428421, 0.00023626, 0.0005528,
         (256): 0.000369913, -0.000158096, -0.000743211, -0.000298147,
         (260): -0.000332971, 0.000142308, 0, 0, 0.0790722, -0.0285519,
         (266): -0.040796, 0.0869082, -0.0390069, -0.0183104, 0.0052761,
         (271): 0.0146117, -0.00659066, -0.00309376, 0.00403256, -0.00859058,
         (276): 0.00498204, 0.0137974, -0.00345312, -0.00956312, -0.00396268,
         (281): -0.0109743, -0.00148652, 0.000536762, 0.00224536,
         (285): -0.000810771, 0.00370731, 0.00174026, -3.9193e-05,
         (289): 1.41523e-05, -0.000568268, 0.00121058, 2.79643e-05,
         (293): -5.95765e-05, -0.00119117, -0.000559158, 0.000604771,
         (297): -0.00128836, -0.000619691, -0.00171618, -0.00230236,
         (301): -0.00108075, 0.000897968, -0.00191295, -0.00019474,
         (305): -0.000539302, -0.00132268, -0.000620881, -0.000694778,
         (309): 0.000250876, -0.000752975, 0.00160408, -0.00118821,
         (313): -0.000557765, -0.000532254, 0.000192194, -4.43243e-05,
         (317): 1.60034e-05, 9.13958e-05, 0.000253114, 0.000416586,
         (321): -0.000887459, -0.000720971, 0.000260334, -0.000443652,
         (325): -0.000208259, 0.000472271, 0.000221689, 0.00020833,
         (329): -0.000443803, -0.000128501, -0.000355872, -0.000439492,
         (333): -0.000206303, -1.34074e-05, 2.85594e-05, -0.000527434,
         (337): -0.00146069, 0.000224169, 0.000620817, 0.000120325,
         (341): 0.000333231, -0.000367249, -0.00101706, -1.89004e-05,
         (345): 6.82519e-06, -0.000712031, -0.000334239, 0.000387066,
         (349): -0.000139763, 0, 0
         }
      }
   }
   GROUP "KPOINT8" {
      ATTRIBUTE "twfcollect" {
         DATATYPE  H5T_STD_I32LE
         DATASPACE  SIMPLE { ( 1 ) / ( 1 ) }
         DATA {
         (0): 0
         }
      }
      DATASET "BAND0" {
         DATATYPE  H5T_IEEE_F64LE
         DATASPACE  SIMPLE { ( 352 ) / ( 352 ) }
         DATA {
         (0): 0.0244047, 0.0568205, -0.0239866, -0.00957273, 0.00691731,
         (5): -0.0173329, 0.00861731, -0.00370118, 0.00283416, -0.00710162,
         (10): 0.00800435, -0.00343791, -0.00463792, -0.00185094, 0.00537634,
         (15): -0.00230915, -0.00413444, -0.00962605, 0.0086464, -0.00371367,
         (20): 0.00499125, -0.0125067, -0.00321666, -0.00748925, -0.00421597,
         (25): -0.00981588, -0.000596138, -0.000237905, -0.00260134,
         (29): -0.00103816, 0.00362505, -0.00155698, 0.00348685, -0.00873707,
         (34): -0.00060209, -0.000240286, -0.000875396, -0.000349353,
         (38): 0.00308722, -0.00773575, 0.0018406, -0.00461204, 0.00352958,
         (43): -0.00151598, -0.0018006, -0.00419227, -0.00110696, -0.0025773,
         (48): -0.00110696, -0.0025773, -0.000736682, -0.000293997,
         (52): 0.00163842, -0.00410543, -0.00106716, -0.000425887,
         (56): 0.000733852, -0.00183883, 0.00218201, -0.00093718,
         (60): -0.00115099, -0.00267981, 0.00168203, -0.000722439,
         (64): 0.000841909, -0.000361602, -0.000663409, -0.00154459,
         (68): 0.0010859, -0.000466401, 0.000677436, -0.00169747,
         (72): -0.000598114, -0.000238702, 0.000612505, -0.00153476,
         (76): -0.000420598, -0.000979261, 0.000801134, -0.00034409,
         (80): 0.000575563, -0.000247206, 0.00032018, -0.000802282,
         (84): -0.000380938, -0.000886923, -0.000241647, -9.6438e-05,
         (88): -0.0278407, -0.0511601, -0.0102204, -0.00301685, 0.00188371,
         (93): -0.00638155, -0.00944304, 0.0051388, 0.00145454, -0.00492765,
         (98): -0.00509159, 0.00277078, -0.0116137, -0.00342812, -0.0110126,
         (103): 0.00599295, -0.00653312, -0.0120053, -0.00743547, 0.0040463,
         (108): 0.000389541, -0.00131966, -0.00218568, -0.0040164,
         (112): -0.00249547, -0.00458568, -0.00819742, -0.00241971,
         (116): -0.00786739, -0.00232228, -0.0068489, 0.00372709,
         (120): -0.000698693, 0.00236702, -0.00748388, -0.00220908,
         (124): -0.00935095, -0.0027602, -0.000616468, 0.00208846,
         (128): 4.83268e-05, -0.000163718, -0.00460085, 0.00250373,
         (132): -0.0011838, -0.00217534, -0.00186576, -0.00342852,
         (136): -0.00186576, -0.00342852, -0.00482026, -0.00142284,
         (140): -5.44421e-05, 0.000184429, -0.0024381, -0.000719677,
         (144): 2.9924e-05, -0.000101372, -0.00177149, 0.000964023,
         (148): -0.000711287, -0.00130707, -0.00186149, 0.001013,
         (152): -0.00141277, 0.000768817, -0.000849153, -0.0015604,
         (156): -0.000741219, 0.000403363, -0.000186143, 0.000630611,
         (160): -0.00126362, -0.000372995, -0.000421702, 0.00142863,
         (164): -2.85929e-05, -5.2544e-05, -0.000887198, 0.000482804,
         (168): -0.000786977, 0.000428263, 6.43196e-05, -0.000217897,
         (172): -9.38391e-05, -0.00017244, -0.00105645, -0.000311844,
         (176): 0.0175279, 0.104094, 0.0880963, 0.062704, -0.0191181,
         (181): 0.0268601, 0.0065313, -0.00109975, -0.00927056, 0.0130247,
         (186): 0.00892179, -0.00150229, -0.000637656, -0.000453873,
         (190): -0.0118683, 0.00199845, 0.000153612, 0.00091228, -0.00807754,
         (195): 0.00136013, 0.00205616, -0.00288881, -7.01456e-06,
         (199): -4.16338e-05, 0.000225484, 0.0013391, -0.00273194,
         (203): -0.0019445, -0.00202352, -0.00144027, -0.00487739,
         (207): 0.000821279, -0.00073139, 0.00102757, -0.00298842,
         (211): -0.00212706, -0.00343644, -0.00244594, -0.00174674,
         (215): 0.00245409, -0.00157622, 0.00221452, -0.00195055,
         (219): 0.000328447, -0.000289263, -0.00171786, 3.42012e-05,
         (223): 0.000203123, 3.41995e-05, 0.000203124, -0.00128853,
         (227): -0.000917127, -0.00141666, 0.00199035, -0.000183922,
         (231): -0.000130911, -0.000826021, 0.00116052, -0.00146252,
         (235): 0.000246266, -4.14634e-05, -0.000246244, -0.0011269,
         (239): 0.000189752, -0.00169471, 0.000285364, 4.90782e-05,
         (243): 0.000291471, 0.000721817, -0.000121542, 0.000452185,
         (247): -0.000635301, 0.000257393, 0.000183205, 5.03144e-05,
         (251): -7.06896e-05, -8.62126e-05, -0.000512008, 0.000409661,
         (255): -6.89794e-05, -0.000971978, 0.000163666, -0.000518532,
         (259): 0.000728517, -0.00013348, -0.000792708, -0.000769139,
         (263): -0.000547449, -0.16597, -0.0242388, 3.34079e-07, 2.08748e-07,
         (268): 0.0027331, 0.00366807, 5.25521e-05, -0.000358662,
         (272): 1.37542e-08, -2.56198e-08, -0.000198001, 0.00135674,
         (276): -0.0119298, 0.00888938, -0.000377858, 0.00258754, 0.00175546,
         (281): 0.000256427, -0.000585087, 0.0040059, 1.78285e-08,
         (285): -1.43986e-08, -0.00198206, -0.000289429, -0.0041637,
         (289): -0.000608099, 0.000751795, -0.000560085, 0.00222342,
         (293): -0.00165672, 0.000164444, -0.00112578, 0.00207988,
         (297): 0.00279125, -0.00181808, 0.00135475, 6.72094e-08,
         (301): 2.88954e-08, -0.0012721, -0.00170721, 0.000135492,
         (305): 0.000181835, 3.35339e-08, -1.21921e-08, 0.000507206,
         (309): 7.41104e-05, 0.000464485, 6.78548e-05, -0.000464476,
         (313): -6.78159e-05, -5.9461e-05, 4.43288e-05, -0.000163123,
         (317): -0.000218908, 0.0019227, -0.00143269, -2.81261e-09,
         (321): -7.78056e-09, 0.00028644, -0.00196148, 0.00217424,
         (325): 0.00031752, -0.000264993, 0.00181459, -2.16086e-05,
         (329): 0.000147962, 0.000162453, 2.37243e-05, -7.49407e-05,
         (333): 0.000513275, 3.70268e-09, -2.10692e-09, -0.000534207,
         (337): 0.000398078, 0.00026329, 0.000353346, -6.6886e-05,
         (341): -9.75877e-06, 4.54e-05, -0.000310794, 0.000101557,
         (345): -0.000695341, 0.000238416, 0.000319955, -0.000301935,
         (349): -4.40849e-05, 0.000328034, -0.000244421
         }
      }
   }
   GROUP "KPOINT9" {
      ATTRIBUTE "twfcollect" {
         DATATYPE  H5T_STD_I32LE
         DATASPACE  SIMPLE { ( 1 ) / ( 1 ) }
         DATA {
         (0): 0
         }
      }
      DATASET "BAND0" {
         DATATYPE  H5T_IEEE_F64LE
         DATASPACE  SIMPLE { ( 352 ) / ( 352 ) }
         DATA {
         (0): 0.0558187, -0.0452107, -0.000737148, 0.00702046, -0.0133577,
         (5): -0.00140255, -0.0084521, -0.000887477, -0.00648025,
         (9): -0.00800073, -0.00648024, -0.00800074, -0.00814434, 0.00659656,
         (14): -0.00581578, -0.00718038, -0.00581579, -0.00718038,
         (18): -0.000232783, 0.00221713, -0.000183182, 0.00174458,
         (22): -0.00589893, 0.00477788, -0.0106587, -0.00111915,
         (26): -2.19244e-05, 0.000208838, -2.19181e-05, 0.000208838,
         (30): -0.00637667, 0.00516482, -0.0082192, -0.00086301, -0.00821921,
         (35): -0.000863011, -0.00253671, -0.00313192, 1.44018e-05,
         (39): -0.000137157, -0.00232625, -0.00287206, -0.0038591,
         (43): -0.000405203, -0.000104265, 0.000993035, -0.00152405,
         (47): 0.00123442, -0.00152405, 0.00123442, -0.00267036, 0.00216288,
         (52): -0.00267036, 0.00216288, -1.66454e-05, 0.0001585, -0.00350512,
         (57): -0.000368037, -0.00151093, -0.00186545, -0.00151093,
         (61): -0.00186545, -2.13667e-05, 0.000203528, -0.00319472,
         (65): -0.000335441, -0.0016648, -0.000174804, -0.0012664,
         (69): -0.00156355, -0.0012664, -0.00156355, -0.00118172,
         (73): 0.000957144, -0.0021938, -0.000230349, -0.00116944,
         (77): 0.000947193, -0.000510281, -0.000630014, -0.000879389,
         (81): 0.000712266, -0.00159802, -0.000167791, -0.000797394,
         (85): 0.000645855, -0.000656267, -6.89075e-05, 0.00174554,
         (89): -0.0698824, -0.0309527, -0.0325386, 0.0150947, -0.014359,
         (94): 0.00790763, -0.00752221, -0.00958768, -0.000239499,
         (98): -0.00958767, -0.000239493, 0.000389995, -0.0156131,
         (102): -0.00436767, -0.000109097, -0.00436767, -0.000109096,
         (106): -0.00682017, -0.00716961, -0.00635032, -0.0066757,
         (110): 0.000139877, -0.00559988, 0.00213719, -0.00203303,
         (114): -0.00452623, -0.00475814, -0.00452623, -0.00475814,
         (118): 0.000161433, -0.00646287, 0.000261025, -0.000248303,
         (122): 0.000261029, -0.000248302, -0.00409401, -0.000102263,
         (126): -0.00400747, -0.0042128, -0.00300309, -7.50153e-05,
         (130): 0.00070883, -0.000674284, -0.00213497, -0.00224436,
         (134): 7.21906e-05, -0.00289006, 7.21921e-05, -0.00289005,
         (138): 5.94264e-05, -0.00237887, 5.94217e-05, -0.00237887,
         (142): -0.00229355, -0.00241106, 0.000902891, -0.000858882,
         (146): -0.00113243, -2.82868e-05, -0.00113243, -2.82856e-05,
         (150): -0.00129717, -0.00136363, -0.00102969, 0.000979504,
         (154): 0.000214178, -0.000203737, -0.00137492, -3.43425e-05,
         (158): -0.00137493, -3.43435e-05, -1.30518e-05, 0.000522512,
         (162): -1.046e-05, 9.95071e-06, 2.52225e-05, -0.00100971,
         (166): -0.000739116, -1.84608e-05, 3.41061e-05, -0.00136539,
         (170): -0.000583416, 0.000554981, 6.02769e-06, -0.00024132,
         (174): 0.000221061, -0.000210287, 0.00419569, -0.0615479, 0.0709902,
         (179): -0.0389483, 0.00560012, 0.0487647, -0.00256213, -0.00467002,
         (184): 0.00201856, -0.00965614, -0.00977291, 0.00912756,
         (188): -0.00013636, 0.00200073, 0.00345118, -0.00864826,
         (192): -0.00724442, 0.00838972, -0.00179623, -0.00274365,
         (196): -0.000657301, 6.10284e-05, 0.000109653, -0.00160877,
         (200): -0.00196946, -0.0035897, 0.000150385, 0.000369159,
         (204): -0.000893114, -5.32395e-05, 0.000125475, -0.00184098,
         (208): 0.00184877, 1.10053e-05, -0.000550428, 0.00393434,
         (212): -9.34822e-05, -6.61038e-05, -0.000506039, 0.000277649,
         (216): -0.000291084, 0.000998726, -0.000367413, 0.000656922,
         (220): 0.0018881, 5.89666e-05, -1.18913e-05, 0.000174566,
         (224): -0.000258744, -0.000253456, -0.00132623, -1.19444e-05,
         (228): 0.00121895, 0.0015858, -0.000591231, 6.11449e-06,
         (232): 0.000905605, 0.000161034, 0.0010993, 0.000173743,
         (236): 0.000600228, -0.00184078, 0.00070911, -0.000697931,
         (240): -0.000676659, -0.00123334, 1.30072e-08, -1.01907e-08,
         (244): -0.00153233, 0.0014764, 0.000569044, -0.00166979,
         (248): -0.000154815, -0.000121689, -0.000106719, -0.000816293,
         (252): -0.000365744, -0.000106589, -0.000618978, 0.000631918,
         (256): -0.000116754, 0.000205696, 2.1373e-05, 0.000712954,
         (260): 2.56311e-05, 0.000237589, 4.34443e-05, 0.000189765,
         (264): 0.0952287, 0.0843842, 0.0699647, -0.0426447, 0.0194367,
         (269): -0.00332715, -0.00280536, -0.00460238, 0.00345619,
         (273): -0.0110434, 0.00717546, -0.000954154, -0.0030956,
         (277): -0.00274299, 0.000913583, -0.00751017, 0.00428724,
         (281): 0.00164136, 0.00728849, -0.00065848, 7.99729e-05,
         (285): 0.000255306, 0.00248904, 0.00220555, -0.00215635,
         (289): -0.00353785, -0.000949034, 0.00012009, 0.000439429,
         (293): 0.000283433, 0.00284839, 0.00252412, 0.000865257, 0.00448708,
         (298): 0.00110112, -0.00270303, 0.000166117, -0.000231001,
         (302): -0.000498735, 0.000304026, -0.000248214, 0.00102299,
         (306): 5.54653e-05, -0.00112058, -0.000798762, -0.00062402,
         (310): -0.000270106, -0.000239325, -7.13e-06, 0.000172086,
         (314): -0.00190109, -0.000826919, -0.000533998, -0.00133087,
         (318): 0.000190415, 0.000206866, 0.000477525, 0.00214396,
         (322): -0.00156999, 0.0018438, 0.000372846, -0.00179316, 0.00144921,
         (327): -0.000569877, -0.0007409, -0.00121551, -1.06454e-08,
         (331): 2.46034e-09, 0.0010963, -8.41517e-05, 0.000305576,
         (335): -0.00159102, -4.76792e-05, 6.32155e-05, -0.000331413,
         (339): 2.41806e-05, -0.000374633, -9.08684e-05, 0.00042026,
         (343): 1.74094e-05, -0.000466862, -0.000347295, 0.000255965,
         (347): -0.000195615, -0.000307105, -0.000299164, 8.57103e-05,
         (351): 3.96527e-05
         }
      }
   }
}
}
