HDF5 "tempdir_hdf5/evc.hdf5_1" {
GROUP "/" {
   GROUP "KPOINT1" {
      ATTRIBUTE "twfcollect" {
         DATATYPE  H5T_STD_I32LE
         DATASPACE  SIMPLE { ( 1 ) / ( 1 ) }
         DATA {
         (0): 0
         }
      }
      DATASET "BAND0" {
         DATATYPE  H5T_IEEE_F64LE
         DATASPACE  SIMPLE { ( 368 ) / ( 368 ) }
         DATA {
         (0): 0.106489, -0.000602604, -0.000569266, -0.00056286, -0.00792163,
         (5): 0.00801179, -0.0071631, 0.00724463, 9.41673e-05, 0.0166411,
         (10): -0.0139322, 7.88397e-05, 7.28226e-05, 0.0128689, 6.00696e-05,
         (15): 0.0106155, -0.000174172, -0.000172212, -0.00975708,
         (19): 5.52135e-05, 5.60252e-05, 0.0099008, 0.000209598, 0.000207237,
         (24): 0.000185732, 0.000183643, -0.000158145, -0.000156368,
         (28): -0.00813313, 0.0082257, -0.00770615, 0.00779385, -0.00717857,
         (33): 0.00726027, -0.00667407, 0.00675004, -0.00620866, 3.51329e-05,
         (38): 3.49637e-05, 0.00617873, -0.0056828, 3.21573e-05, 2.97207e-05,
         (43): 0.00525238, -0.00348067, 1.96965e-05, 1.87681e-05, 0.0033167,
         (48): 0.000210833, 0.000208462, 1.72144e-05, 0.00304206,
         (52): 1.72144e-05, 0.00304206, -0.000115063, -0.000113768,
         (56): -0.000115063, -0.000113767, -0.00272067, 1.53959e-05,
         (60): -0.00272067, 1.53965e-05, -0.000172528, -0.000170587,
         (64): -6.20579e-06, -6.1371e-06, -0.00208116, 0.00210485,
         (68): -0.00199213, 0.00201481, -0.00199213, 0.00201481, -0.00132404,
         (73): 7.49256e-06, -0.00132404, 7.49276e-06, -0.00163883,
         (77): 0.00165748, 6.51736e-06, 0.0011517, 6.51687e-06, 0.0011517,
         (82): -5.38377e-05, -5.32321e-05, 0, 0, 0, 0, 0, 0, 0, 0, -0.112417,
         (93): 0.0677273, -0.223157, -0.0553603, -0.00732247, 0.0295167,
         (98): -0.000865841, 0.00349006, -0.00497663, -0.00826046, 0.0126823,
         (103): -0.00764065, 0.0101349, 0.0168224, -0.005772, -0.00958068,
         (108): 0.00368793, 0.000914878, 0.000921164, -0.000554967,
         (112): 0.00648448, 0.0107633, 0.00726931, 0.00180337, 0.00969125,
         (117): 0.00240419, 0.00688167, 0.00170719, 0.00193988, -0.00781957,
         (122): -0.000733657, 0.00295727, -0.001309, 0.00527655,
         (126): -0.000339776, 0.0013696, 0.00198704, -0.00119712, 0.00314249,
         (131): 0.00521609, 0.00118114, -0.000711598, 0.00126099, 0.00209305,
         (136): 0.0031458, -0.00189523, 0.00140593, 0.00233362, 0.00328701,
         (141): 0.000815444, 0.00163671, 0.00271668, 0.00163669, 0.00271667,
         (146): 0.00170006, 0.000421747, 0.00170006, 0.000421752,
         (150): 0.000984641, -0.000593208, 0.000984647, -0.000593202,
         (154): 0.00067074, 0.000166398, 0.000798051, 0.000197981,
         (158): -1.15859e-05, 4.66974e-05, -0.000365063, 0.00147154,
         (162): -0.000365063, 0.00147154, 0.000481707, -0.000290209,
         (166): 0.000481714, -0.000290207, 0.000277854, -0.00112006,
         (170): 0.000167871, 0.000278637, 0.000167874, 0.000278641,
         (174): 0.000131269, 3.25688e-05, 0, 0, 0, 0, 0, 0, 0, 0, -0.0258313,
         (185): 0.274266, 0.142865, 0.257709, 0.0313245, -7.88355e-05,
         (190): 0.00735286, 0.00888203, -0.00899845, 0.0183771, 0.0201799,
         (195): -0.00284962, 0.00335266, -0.011694, 0.0014516, 0.00013672,
         (200): -0.00508218, -0.00135248, -0.003828, 0.006545, -0.000620939,
         (205): -0.00824541, 0.000932966, 0.00357858, 0.00217022, 0.00152019,
         (210): 0.000490694, -0.000310098, 0.00188161, -0.0010431,
         (214): 0.00203196, -0.00666928, 0.00213736, 0.00258182, -0.00546703,
         (219): 0.00421382, 0.00102313, 0.00108965, -0.000527026, 0.00183824,
         (224): -0.00558554, -0.00160137, 0.000276581, 0.00130923,
         (228): 0.00095265, -0.000245794, -0.000438394, 0.0024651,
         (232): 0.000378333, 0.000682461, -0.000338014, -0.00237508,
         (236): 0.00116766, -0.000518701, 0.00187595, 0.000807063,
         (240): -0.00123575, -0.00180372, -2.39152e-05, 0.00177014,
         (244): 0.00321354, -0.000855679, -0.000872786, 0.000722525,
         (248): 0.000581283, -0.000481217, -0.000796166, 0.000749566,
         (252): 0.00125516, -0.00110105, -0.000940999, -0.00016808,
         (256): -0.000187888, -0.000422681, 0.000267933, -0.000427306,
         (260): 0.000547256, 0.000353829, 0.000169328, -0.000393895,
         (264): 9.62511e-05, 0.000513792, -0.000227033, -0.000969893, 0, 0,
         (270): 0, 0, 0, 0, 0, 0, -0.202823, 0.508907, -0.225956, -0.061359,
         (280): 0.00696159, 0.0469649, 0.00905969, 0.0210665, -0.014431,
         (285): -0.0161133, -0.00768749, -0.00763455, 0.00480479, 0.008387,
         (290): 0.00269338, 0.0010734, -0.00370178, 0.00393652, -0.00326023,
         (295): 0.0125226, -0.00211737, 0.00356856, -0.0043235, 2.42903e-05,
         (300): 0.000165018, -0.00146907, 0.00101912, -0.000478999,
         (304): -0.000448009, 0.00164978, -0.00510763, -0.00447153,
         (308): 0.00263342, 0.00612344, 0.00228862, -0.00345844, -0.00135949,
         (313): 0.00188919, -0.000755392, -0.00131869, 0.00400598,
         (317): -0.00229504, 0.000665003, -0.000426502, -0.000275574,
         (321): -0.00056565, -0.00051782, -0.00155713, -0.000598346,
         (325): -0.000162506, -0.000903716, 0.000902813, 0.0020928,
         (329): 0.00117283, 0.000904105, -0.00138377, 0.00131524,
         (333): 0.000626239, -0.00137948, 0.00326795, -0.000908541,
         (337): -0.00195714, -0.00206985, 0.000890127, 0.00137872,
         (341): -0.000592854, 0.000446635, -0.000350427, -0.000636864,
         (345): 0.000643315, -0.000351343, -0.00160312, 0.000424487,
         (349): -0.000757336, 0.000203974, -0.00081958, 0.000417983,
         (353): 0.00122122, 0.000265817, 0.000326868, 0.000238202,
         (357): -0.000177072, 0.00120089, -2.82447e-05, 0, 0, 0, 0, 0, 0, 0,
         (367): 0
         }
      }
   }
   GROUP "KPOINT10" {
      ATTRIBUTE "twfcollect" {
         DATATYPE  H5T_STD_I32LE
         DATASPACE  SIMPLE { ( 1 ) / ( 1 ) }
         DATA {
         (0): 0
         }
      }
      DATASET "BAND0" {
         DATATYPE  H5T_IEEE_F64LE
         DATASPACE  SIMPLE { ( 368 ) / ( 368 ) }
         DATA {
         (0): 0.00807818, -0.0464389, 0.0459254, 0.0652678, -0.0167153,
         (5): 0.0117616, -0.0146672, -0.0025514, -0.0101704, -0.00176916,
         (10): -0.00508828, -0.00723132, -0.00857375, 0.00603287, -0.0100408,
         (15): 0.00706516, -0.000337139, 0.00193812, -0.013729, -0.0023882,
         (20): -0.000680708, 0.00391311, -0.00422512, -0.00600462,
         (24): -0.0138092, -0.00240216, -0.000639486, 0.00367624,
         (28): -0.00952707, 0.00670369, -0.00332906, -0.00473117, -0.0075042,
         (33): 0.00528031, -0.000262217, 0.00150739, -0.00935776,
         (37): -0.00162781, -0.00186744, -0.00265394, -0.00534332,
         (41): 0.00375981, -0.00670018, -0.00116552, -0.000430476,
         (45): 0.00247465, -0.00202673, -0.00288033, -0.00460327,
         (49): -0.000800754, -0.00328401, 0.00231078, -0.00337095,
         (53): 0.00237196, -0.00360654, -0.000627369, -0.000604494,
         (57): -0.000859088, -0.000604497, -0.00085909, -0.00346232,
         (61): -0.000602279, -0.00261924, 0.00184302, -0.00011826,
         (65): 0.000679824, 1.53958e-05, -8.85057e-05, -9.76195e-05,
         (69): 0.000561156, -0.00104335, -0.00148277, -0.000398664,
         (73): -0.000566564, -0.000783681, -0.00111374, -0.0010885,
         (77): 0.000765916, -0.000122484, 0.000704111, -5.04442e-05,
         (81): 0.000289967, -8.13092e-05, 0.000467414, -0.000843512,
         (85): 0.000593527, -0.00131219, -0.000228261, -0.000781152,
         (89): -0.000135884, 0, 0, 0.0987828, 0.0776069, 0.0724706,
         (95): -0.00870025, 0.000611901, 0.00509698, 0.00670943, -0.00854017,
         (100): 0.00541983, -0.00689868, -0.0117299, 0.0014082, 0.000729765,
         (105): 0.00607877, -0.00155753, -0.0129738, -0.00838137,
         (109): -0.00658467, -0.00494488, 0.00629415, -0.00685918,
         (113): -0.00538879, -0.00636815, 0.000764507, -0.000366544,
         (117): 0.000466558, -0.00722699, -0.00567775, -0.00075229,
         (121): -0.00626635, -0.00549033, 0.000659128, -0.000495984,
         (125): -0.00413142, -0.00508793, -0.00399724, -7.20968e-05,
         (129): 9.1766e-05, -0.00533977, 0.000641051, -0.000543628,
         (133): -0.00452828, -0.000567283, 0.000722068, -0.00410023,
         (137): -0.00322127, -0.00304469, 0.000365522, 0.000302494,
         (141): -0.000385036, -0.000161342, -0.00134395, -0.000183676,
         (145): -0.00153, 0.000216433, -0.000275488, -0.00146571, 0.00017596,
         (150): -0.00146571, 0.000175962, 0.000131116, -0.000166894,
         (154): -0.000128957, -0.00107418, -0.0013492, -0.00105997,
         (158): -0.00113268, -0.00088987, -0.00117952, -0.000926669,
         (162): -0.00217478, 0.000261087, -0.00114024, 0.000136888,
         (166): -0.00155151, 0.000186263, -0.000179218, -0.00149284,
         (170): -0.00161909, -0.00127201, -0.000731722, -0.000574863,
         (174): -0.00116084, -0.000911992, 1.08183e-05, 9.01248e-05,
         (178): -0.000723987, 0.000921535, 0.000179502, -0.00022848, 0, 0,
         (184): -0.0943143, 0.109928, 0.0173625, 0.227122, -0.0319689,
         (189): 0.00244388, 0.0188187, 0.0161458, 0.0161771, 0.0138794,
         (194): 0.000541182, 0.00707938, -0.0107815, 0.000824193,
         (198): -0.00214447, 0.000163928, -0.00994583, 0.0115923, 0.00252043,
         (203): 0.00216245, -0.0040562, 0.00472771, 0.000615434, 0.00805071,
         (208): -0.00266298, -0.00228475, -0.00303305, 0.00353516,
         (212): -0.000991714, 7.58042e-05, 0.000343789, 0.00449734,
         (216): -0.00242779, 0.00018559, -0.00330021, 0.00384654, 0.00300817,
         (221): 0.00258092, 0.000354329, 0.00463508, -0.00149995, 0.00011467,
         (226): 0.000319996, 0.000274547, -0.00236656, 0.00275834,
         (230): 3.22435e-05, 0.000421826, 0.00144229, 0.00123743,
         (234): 0.000511812, -3.9126e-05, -0.00159664, 0.000122061,
         (238): -0.00049184, -0.000421979, 7.35639e-05, 0.00096231,
         (242): 7.35654e-05, 0.000962303, 0.00035349, 0.000303278,
         (246): 0.00177734, -0.00013587, -0.000488521, 0.0005694,
         (250): -0.00165954, 0.00193427, 0.000314349, -0.000366386,
         (254): 0.000210109, 0.00274849, 0.000128674, 0.00168321,
         (258): 1.84088e-05, 0.000240837, 0.00070061, -5.35588e-05,
         (262): -0.000941617, 0.0010975, 0.00046147, -0.000537869,
         (266): 0.000192758, -0.000224668, -0.000362413, 2.77056e-05,
         (270): 0.000313666, 0.000269117, 0.000575476, 0.000493736, 0, 0,
         (276): -0.116654, 0.280225, 7.92373e-08, 1.91801e-07, -0.0140458,
         (281): 0.00578891, 0.00517973, 0.00215622, 7.37757e-08, 2.73917e-08,
         (286): 0.00644769, 0.0156443, 4.72644e-08, -2.95004e-08, 0.00318115,
         (291): -0.00131109, 0.00180703, -0.00434085, 0.00156621, 0.00065198,
         (296): -0.00129928, 0.00312114, -0.000790328, -0.00191763,
         (300): 0.00396109, 0.00164895, -0.000922055, 0.00221496, 0.00488902,
         (305): -0.00201498, 0.000957011, 0.00232205, -0.00269943,
         (309): 0.00111255, 0.000105511, -0.000253468, 2.38268e-10,
         (313): 2.07577e-10, -0.000485299, -0.00117751, -0.00295153,
         (317): 0.00121646, -0.00339492, -0.00141326, -0.00089805, 0.0021573,
         (322): -0.0012628, -0.003064, -0.000717886, -0.000298858,
         (326): -0.00071751, 0.000295717, 0.00161877, -0.000667164,
         (330): -0.00179684, -0.000747995, 0.000494969, 0.00120098,
         (334): -0.000494987, -0.00120101, 0.00227025, 0.00094508,
         (338): 0.000558951, -0.000230367, 0.00048735, -0.0011707,
         (342): 6.08613e-09, -1.03424e-08, -0.000358155, 0.000860365,
         (346): 5.6962e-06, 1.38233e-05, 3.42899e-09, 7.14014e-09,
         (350): 0.000549548, 0.00133338, 4.34152e-09, 3.63323e-09,
         (354): 0.000543984, -0.00130675, 2.41142e-09, 7.84431e-09,
         (358): -9.61863e-05, 0.000231072, 0.000264595, -0.000109047,
         (362): 5.4615e-05, 2.27386e-05, -0.000222798, -9.27508e-05, 0, 0
         }
      }
   }
   GROUP "KPOINT2" {
      ATTRIBUTE "twfcollect" {
         DATATYPE  H5T_STD_I32LE
         DATASPACE  SIMPLE { ( 1 ) / ( 1 ) }
         DATA {
         (0): 0
         }
      }
      DATASET "BAND0" {
         DATATYPE  H5T_IEEE_F64LE
         DATASPACE  SIMPLE { ( 368 ) / ( 368 ) }
         DATA {
         (0): 0.0314047, 0.0845082, 0.00111171, -0.00242664, -0.00913617,
         (5): -0.00418558, -0.0096991, -0.00444348, -0.0168433, 0.00625927,
         (10): -0.00524196, -0.0141058, -0.0111338, 0.00413753, -0.00970046,
         (15): 0.00360486, 0.000313402, -0.000684083, -0.000134785,
         (19): 0.000294219, -0.00310189, -0.00834703, -0.000145781,
         (23): 0.000318202, -0.00850594, 0.00316095, -0.0111612, -0.00511332,
         (28): -0.0106544, -0.00488113, 6.78571e-05, -0.000148112,
         (32): -0.00812602, -0.0037228, -0.00213428, -0.00574324,
         (36): -0.00580745, 0.00215815, -0.00745572, -0.00341571,
         (40): -0.00173773, -0.00467615, -0.0041235, 0.00153236, -0.00366589,
         (45): 0.00136231, -0.00131311, -0.0035335, -0.000199418,
         (49): 0.000435291, -0.00317608, 0.00118029, -0.00321942,
         (53): -0.00147492, -0.00103338, -0.00278077, 0.000194045,
         (57): -0.000423555, -8.28378e-06, 1.80797e-05, -0.00245043,
         (61): 0.000910619, -0.000843604, -0.00227009, 2.19056e-05,
         (65): -4.7816e-05, -0.00260636, -0.00119406, -0.0024833,
         (69): -0.00113768, -0.00047143, -0.00126859, -0.000471429,
         (73): -0.00126859, -3.55716e-06, 7.76872e-06, -0.00212024,
         (77): -0.000971355, -0.00114515, 0.000425558, -0.000302366,
         (81): -0.000813652, -0.000943813, 0.000350737, 0, 0, 0, 0, 0, 0, 0,
         (91): 0, 0.00578262, 0.00225734, 0.0574667, 0.13106, 0.00230688,
         (97): -0.00101155, 0.0115807, -0.00507784, 0.000666387, -0.00170697,
         (102): -0.0140367, -0.00547931, 0.00697126, -0.0178584, -0.00234719,
         (107): 0.00601294, -0.00346908, -0.00791155, -0.00493158,
         (111): -0.0112473, -0.00434328, -0.0016955, -0.00387175,
         (115): -0.00882992, 0.0040625, -0.010407, -0.00630777, 0.00276575,
         (120): 0.00402598, -0.00176531, -0.00330962, -0.00754789,
         (124): 0.00271603, -0.00119085, -0.00335965, -0.0013115, 0.00244162,
         (129): -0.00625461, 0.00139222, -0.000610475, -0.00137192,
         (133): -0.00053553, 0.000891119, -0.00228285, 0.00159306,
         (137): -0.00408101, -0.00396299, -0.00154701, -0.00195986,
         (141): -0.00446979, 0.00132639, -0.00339795, 0.000430412,
         (145): -0.000188716, -0.0023969, -0.000935662, -0.000772935,
         (149): -0.00176274, -0.000792259, -0.00180691, 0.000784477,
         (153): -0.00200963, -0.00105129, -0.000410393, -0.00061561,
         (157): -0.00140394, 0.00149998, -0.000657741, 0.00111515,
         (161): -0.000488938, -0.000793384, -0.000309698, -0.000793376,
         (165): -0.00030969, -0.000258126, -0.000588631, -0.00126654,
         (169): 0.00055535, 0.000117229, -0.000300308, -0.000937134,
         (173): -0.000365828, 0.000133687, -0.000342452, 0, 0, 0, 0, 0, 0, 0,
         (183): 0, -1.77478e-07, -8.9416e-07, 0.0879281, 0.219244,
         (188): 9.00107e-08, 5.77964e-08, 0.00816982, -0.00327686,
         (192): -0.0044322, 0.0103675, 0.0217314, 0.0092901, 0.0030756,
         (197): -0.00719432, 3.76178e-08, 1.14862e-07, -0.00105289,
         (201): -0.00262537, 0.00146858, 0.00366181, -0.00291918,
         (205): -0.00124799, 0.000382357, 0.000953385, 0.00187118,
         (209): -0.00437718, 0.00152962, -0.000613468, 0.00486475,
         (213): -0.00195105, 0.000155164, 0.000386931, -2.30525e-09,
         (217): -2.23207e-08, 0.00203536, 0.00087009, -0.000661049,
         (221): 0.00154628, -0.0049537, 0.00198665, -0.00491798, -0.00210242,
         (226): -0.000323652, 0.000757065, -0.00088282, 0.00206502,
         (230): 0.000164636, 7.03489e-05, 0.000266869, 0.000665458,
         (234): 0.000665875, -0.00155768, -0.000875949, 0.000351277,
         (238): 0.000191855, 8.1998e-05, 3.57264e-08, 1.88496e-08,
         (242): -0.000787457, -0.00196344, 0.000184918, -0.000432533,
         (246): 0.00261882, 0.00111953, 0.00067243, 0.00167667, -0.00122014,
         (251): 0.000489335, 0.00184254, -0.000738946, 0.000254463,
         (255): 0.000108785, -0.000254458, -0.000108769, 1.91732e-08,
         (259): 1.99624e-08, 0.000386509, -0.000155018, 0.000117059,
         (263): -0.000273796, 4.73264e-08, -1.43615e-08, -0.000163504,
         (267): 0.000382463, 0, 0, 0, 0, 0, 0, 0, 0, 0.244316, 0.0504026,
         (278): 0.0892738, 0.135683, 0.0405514, -0.0266811, 0.0227203,
         (283): -0.0149491, -0.00642156, 0.0311267, 0.00760878, 0.00156969,
         (288): 0.00107881, -0.00522919, -0.00197106, 0.00955428, 0.00699645,
         (293): 0.0106336, 0.00163384, 0.00248318, 0.0105978, 0.00218632,
         (298): 0.00322651, 0.00490384, -4.29593e-05, 0.000208281,
         (302): 0.00112785, -0.000742066, -0.0035268, 0.0023205, 0.00269557,
         (307): 0.00409687, 0.0052605, -0.00346118, 0.0047887, 0.000987902,
         (312): -0.000219823, 0.00106556, 0.000105408, -6.93466e-05,
         (316): -0.000201719, -4.16305e-05, 5.66944e-05, -0.000274852,
         (320): -0.000249244, 0.00120807, 0.00233525, 0.000481768, 0.0010554,
         (325): 0.00160407, -0.000267006, 0.00129425, 0.000740924,
         (329): -0.000487502, 0.00398198, 0.000821482, 0.0019507, 0.00296477,
         (334): 0.000169309, 0.00025735, 0.000484461, -0.00234833,
         (338): -0.000308372, -6.3615e-05, -0.000369451, -0.000561503,
         (342): -0.000365476, 0.000240465, 0.000958768, -0.000630831,
         (346): 6.83334e-05, 1.40894e-05, 6.83327e-05, 1.4092e-05,
         (350): -0.000389891, -0.00059258, 0.000414855, -0.00027296,
         (354): -6.80267e-05, 0.000329754, 0.000836766, 0.000172618,
         (358): 1.84536e-05, -8.94895e-05, 0, 0, 0, 0, 0, 0, 0, 0
         }
      }
   }
   GROUP "KPOINT3" {
      ATTRIBUTE "twfcollect" {
         DATATYPE  H5T_STD_I32LE
         DATASPACE  SIMPLE { ( 1 ) / ( 1 ) }
         DATA {
         (0): 0
         }
      }
      DATASET "BAND0" {
         DATATYPE  H5T_IEEE_F64LE
         DATASPACE  SIMPLE { ( 368 ) / ( 368 ) }
         DATA {
         (0): -0.00538313, 0.00128545, 0.0403324, -0.0656366, 0.00227748,
         (5): 0.00953766, 0.0164542, 0.0101108, 0.00227248, 0.00951671,
         (10): -0.00845113, 0.0137533, 0.00933858, 0.00573837, 0.00839693,
         (15): 0.00515975, 0.00046479, -0.000110988, -0.00127656,
         (19): 0.000304824, 0.00302645, 0.0126742, 0.00291335, 0.0122005,
         (24): 0.000430925, -0.000102902, -0.00419479, 0.00682655,
         (28): 0.00702163, 0.00431465, -7.20385e-05, 1.72121e-05,
         (32): -0.00316502, 0.00515073, 0.00531686, 0.00326711, 0.00178857,
         (37): 0.00749017, 0.00391606, 0.00240635, 0.00159676, 0.00668692,
         (42): -0.00212732, 0.00346198, 0.000768707, -0.000183564,
         (46): -0.00224674, 0.00365633, 0.000950814, 0.00398183, 0.00323243,
         (51): 0.00198627, 0.00298989, 0.00183723, -0.000717436, 0.000171315,
         (56): -0.00167529, 0.00272635, 0.0001643, -3.92335e-05,
         (60): -0.000700044, 0.00113925, -0.000700049, 0.00113925, 0.0006756,
         (65): 0.00282928, -0.00109671, 0.00178478, 0.00186604, 0.00114665,
         (70): 1.44398e-05, -3.44856e-06, 0.000610638, 0.00255722,
         (74): 0.00106044, 0.000651615, -0.000507505, 0.000825905,
         (78): 0.00053325, 0.00223315, 1.61797e-05, -3.86565e-06,
         (82): 4.41721e-05, -1.05483e-05, 0, 0, 0, 0, 0, 0, 0, 0, 0.0618933,
         (93): -0.0301149, -0.00977882, 0.0283128, 0.00236182, 0.00485413,
         (98): -0.0121615, -0.00420038, -0.00191717, -0.00394031,
         (102): -0.00588237, 0.0170312, -0.0168614, -0.00582372,
         (106): -0.000248816, -8.59488e-05, -0.0132648, 0.00645415,
         (110): -0.011603, 0.00564554, 0.0025126, 0.00516401, -0.00186316,
         (115): -0.0038293, -0.00931272, 0.00453125, -0.00205897, 0.00596136,
         (120): -0.00853451, -0.0029477, -0.00844334, 0.00410825,
         (124): -0.00158862, 0.00459955, -0.00602694, -0.00208164,
         (128): -0.000395222, -0.000812291, -0.00546159, -0.00188635,
         (132): -0.000439217, -0.000902674, -0.00178268, 0.00516141,
         (136): -0.0059125, 0.00287676, -0.000600194, 0.0017378,
         (140): -0.000206618, -0.000424637, -0.00396865, -0.00137071,
         (144): -0.0019231, -0.000664213, -0.00297466, 0.00144736,
         (148): -0.00119495, 0.0034598, -0.00186709, 0.000908463,
         (152): -0.000475883, 0.00137784, -0.00047591, 0.00137788,
         (156): -0.000564423, -0.00116001, -0.000370679, 0.00107319,
         (160): -0.00105592, -0.000364714, -0.00110817, 0.00053919,
         (164): -0.000276478, -0.000568243, -0.000640518, -0.000221228,
         (168): -0.000506398, 0.0014662, 0.000541924, 0.00111379,
         (172): -0.000399592, 0.000194417, -0.00187032, 0.000910023, 0, 0, 0,
         (179): 0, 0, 0, 0, 0, 0.158195, -0.00217201, 0.0867178, -0.0891319,
         (188): -0.000600464, -0.0437368, 0.0211343, 0.0205618, -0.000240225,
         (193): -0.0175009, 0.00486178, -0.00499713, -0.00545462,
         (197): -0.00530687, 0.010019, 0.00974765, 0.00172136, -2.3633e-05,
         (202): 0.0100916, -0.000138541, 1.37798e-05, 0.00100326,
         (206): 1.85033e-05, 0.00134704, 0.00292968, -4.02206e-05,
         (210): 0.00434855, -0.0044696, -0.0016628, -0.00161776, 0.0027516,
         (215): -3.77686e-05, 0.00242335, -0.00249082, -0.000394314,
         (219): -0.000383625, -6.64898e-05, -0.0048434, -0.000292612,
         (223): -0.000284693, -1.26192e-05, -0.000919791, 0.00120604,
         (227): -0.00123961, 0.000914839, -1.2572e-05, 9.44015e-05,
         (231): -9.70341e-05, -2.15753e-05, -0.00157198, 0.000708653,
         (235): 0.000689464, -0.000748326, -0.000728059, 0.00316895,
         (239): -4.35022e-05, 0.00175806, -0.001807, 4.56913e-05,
         (243): -6.30726e-07, 0.000235979, -0.000242549, 0.000235975,
         (247): -0.000242547, -5.32797e-06, -0.00038847, -0.000222658,
         (251): 0.000228857, -0.00153972, -0.00149801, -0.000708582,
         (255): 9.72809e-06, -1.76936e-05, -0.00128905, 0.000738637,
         (259): 0.000718634, 0.000519788, -0.000534258, 5.61884e-06,
         (263): 0.000409286, -0.000714823, 9.81636e-06, 0.000168646,
         (267): -2.31385e-06, 0, 0, 0, 0, 0, 0, 0, 0, -0.00843443, 0.18032,
         (278): 3.84043e-07, -7.40439e-09, -9.25376e-08, 5.57741e-09,
         (282): -0.00407175, 0.0037078, 0.00296892, 0.000138706, 0.015671,
         (287): 0.0172088, 0.00415572, -0.00378436, 3.3615e-08, 2.52121e-08,
         (292): -0.000180352, 0.0038564, 8.02593e-05, -0.00171524,
         (296): 0.00127086, 5.94193e-05, 0.00418694, 0.000195827,
         (300): -2.33034e-05, 0.000498055, -0.00155641, -0.00170922,
         (304): 0.00246073, -0.00224084, 7.85465e-06, -0.000167832,
         (308): 0.00153268, 0.00168307, -0.00107491, 0.00097886,
         (312): -1.01029e-08, -2.19706e-08, -0.0016432, 0.00149632,
         (316): -0.00371531, -0.000173791, -0.000439473, -0.000482617,
         (320): -6.19695e-05, 0.00132492, -0.00258514, -0.00283883,
         (324): -0.000635963, -2.97724e-05, 0.000975779, -0.000888592,
         (328): -0.000456259, 0.000415482, 2.16652e-08, -6.2894e-09,
         (332): 0.000166403, 0.000182716, 7.07596e-05, -0.0015129,
         (336): 0.00061703, 0.00067759, -0.000617043, -0.000677591,
         (340): -0.00149119, -6.97461e-05, 0.00136872, 0.00150303,
         (344): 0.000277684, -0.000252856, -5.70633e-05, 0.00122012,
         (348): 0.00176806, 8.26947e-05, 0.000180559, -0.000164422,
         (352): 9.40366e-09, -4.21658e-09, 0.00046533, 2.17633e-05,
         (356): 1.49949e-08, -1.57123e-08, 4.01954e-05, -0.000859291, 0, 0,
         (362): 0, 0, 0, 0, 0, 0
         }
      }
   }
   GROUP "KPOINT4" {
      ATTRIBUTE "twfcollect" {
         DATATYPE  H5T_STD_I32LE
         DATASPACE  SIMPLE { ( 1 ) / ( 1 ) }
         DATA {
         (0): 0
         }
      }
      DATASET "BAND0" {
         DATATYPE  H5T_IEEE_F64LE
         DATASPACE  SIMPLE { ( 368 ) / ( 368 ) }
         DATA {
         (0): 7.96272e-05, 0.0110742, -0.0468884, -0.0462189, 0.0146598,
         (5): -0.0148721, 0.00955785, -6.87215e-05, 0.011875, 0.0117055,
         (10): 0.00889958, -6.3983e-05, 0.00748526, -0.00759367, 0.00629314,
         (15): -0.00638431, -8.47766e-06, -0.00118073, 1.2292e-05,
         (19): 0.00170877, 0.0137143, -9.86099e-05, 0.0135296, -9.72905e-05,
         (24): -5.62662e-06, -0.000782832, 0.00498711, 0.0049159, 0.0053849,
         (29): -0.00546289, -2.38233e-06, -0.000330948, 0.00407499,
         (33): -0.00413402, 0.00414717, 0.00408796, 0.00451616, -0.00458157,
         (38): 0.00301926, 0.00297615, -1.09531e-05, -0.00152195, 0.00487863,
         (43): -3.50766e-05, 0.00655187, -4.7107e-05, 0.0030686, -0.00311306,
         (48): 0.00573493, -4.12363e-05, 0.00251529, 0.00247938, 7.45794e-06,
         (53): 0.00103751, 0.00239628, 0.00236206, 0.00198682, -0.0020156,
         (58): 0.000870604, 0.000858169, 0.0008706, 0.000858172, 0.000727019,
         (63): 0.00071664, 0.00297236, -2.13732e-05, -2.99636e-06,
         (67): -0.000416907, 0.00084203, -0.000854229, 0.00123856,
         (71): 0.00122088, 0.00220606, -1.58613e-05, 0.00251715,
         (75): -1.80995e-05, -8.74262e-07, -0.000121434, 0.00125256,
         (79): -0.0012707, -1.4683e-06, -0.000203699, -3.12566e-07,
         (83): -4.35738e-05, 0, 0, 0, 0, 0, 0, 0, 0, -0.00070351, -0.0183306,
         (94): 0.024284, 0.0224889, -0.0121716, 0.0131432, 0.00915885,
         (99): -0.000351504, 0.0143744, 0.0133119, -0.000423531, 1.62636e-05,
         (104): -0.0103592, 0.0111861, -0.00373593, 0.00403407, 0.000615877,
         (109): 0.0160461, 0.000557107, 0.0145155, 0.00460534, -0.000176738,
         (114): -0.00262926, 0.000100888, 0.00036684, 0.00955893, 0.00476177,
         (119): 0.00440973, -0.00441997, 0.0047728, 0.000346363, 0.00902475,
         (124): -0.00433006, 0.0046757, 0.00391225, 0.00362305, -0.00351431,
         (129): 0.00379487, 0.00455525, 0.00421851, 0.00029165, 0.00760014,
         (134): -0.000124542, 4.78276e-06, 0.00037586, -1.44135e-05,
         (138): -0.0030056, 0.00324549, -0.00029773, 1.14186e-05, 0.0015171,
         (143): 0.00140497, 0.000164101, 0.00427579, 0.00296411, 0.002745,
         (148): -0.000953498, 0.00102962, 0.00150492, 0.00139364, 0.00150491,
         (153): 0.00139366, 0.00163025, 0.00150975, -0.000689568,
         (157): 2.64441e-05, 7.33369e-05, 0.00191052, -0.000818594,
         (161): 0.00088393, 0.000800791, 0.000741591, 0.000935803,
         (165): -3.59094e-05, -9.88134e-05, 3.79141e-06, 3.56415e-05,
         (169): 0.000928787, -0.000293502, 0.000316931, 9.07293e-05,
         (173): 0.00236423, 1.09424e-05, 0.000285001, 0, 0, 0, 0, 0, 0, 0, 0,
         (184): 0.14093, 0.0373263, 0.065276, -0.0379387, 0.0126374,
         (189): 0.0217434, 0.00940075, -0.0354934, 0.00189175, -0.00109949,
         (194): 0.00298871, -0.0112841, -0.00538581, -0.00926665, 0.00725362,
         (199): 0.0124803, -0.00107472, -0.000284635, 0.00576089, 0.00152582,
         (204): -0.000861843, 0.00325401, -2.43184e-05, 9.18039e-05,
         (208): 0.000398409, 0.000105535, 0.00241128, -0.00140144,
         (212): -0.00167576, -0.00288325, -0.000337585, -8.94081e-05,
         (216): -0.00122707, -0.00211126, 0.00129555, -0.000752972,
         (220): -0.000749786, -0.00129006, 5.71715e-05, -3.32245e-05,
         (224): -0.000796343, -0.000210913, 0.000535804, -0.00202296,
         (228): 0.000820091, -0.00309632, 0.000320225, 0.000550954,
         (232): 0.000228796, -0.00086383, -0.000258801, 0.000150414,
         (236): 0.00214272, 0.000567525, 0.000655303, -0.000380859,
         (240): -0.00067811, -0.00116673, 0.000117268, -6.81618e-05,
         (244): 0.000117271, -6.81595e-05, 0.000340998, -0.000198184,
         (248): 0.000165402, -0.000624507, -0.000335978, -8.89844e-05,
         (252): 0.000756536, 0.00130167, -0.000523001, 0.000303973,
         (256): -0.000263172, 0.000993646, 0.000264628, -0.000999132,
         (260): -0.000724204, -0.000191812, -0.000814262, -0.00140099,
         (264): -0.000513005, -0.000135875, -0.000702834, -0.000186149, 0, 0,
         (270): 0, 0, 0, 0, 0, 0, -0.10045, 0.105708, 1.16348e-07,
         (279): 1.56579e-07, -0.00165977, 4.2327e-05, 9.46851e-08,
         (283): -3.03449e-08, 0.000584366, 0.0229088, 0.000132894,
         (287): 0.000126196, 0.00443559, -0.000113162, -3.39216e-08,
         (291): 1.80315e-08, -0.00242639, 0.00255344, 0.000850656,
         (295): -0.000895158, 0.000826231, 0.000785115, 0.0024901,
         (299): 0.00236623, -0.000520702, 0.000547979, -3.62321e-05,
         (303): -0.00142186, 0.0027013, -6.88952e-05, 0.000563343,
         (307): -0.000592816, -0.00239465, 6.10693e-05, 4.91437e-05,
         (311): 0.00192597, -0.00136136, 3.47251e-05, -3.41199e-05,
         (315): -0.00133819, -0.00148163, 0.00155919, -0.000188699,
         (319): -0.000179334, 2.20345e-08, -7.72155e-10, 0.00112172,
         (323): -2.86074e-05, -0.00184767, -0.00175576, -6.2786e-05,
         (327): -0.00246173, -2.66235e-09, 1.36714e-08, 7.09036e-06,
         (331): 0.000277668, -0.000526249, 1.34263e-05, 3.92265e-05,
         (335): 0.00153777, -3.92212e-05, -0.00153777, 5.02466e-09,
         (339): 8.41767e-09, -0.00108559, -0.00103158, 0.000642721,
         (343): -0.000676367, 0.000219977, -5.60354e-06, 3.43497e-05,
         (347): 0.00134663, 0.000340685, 0.000323734, 0.0010706, 0.00101734,
         (352): -0.000458755, 0.000482777, 0.000318701, -8.12458e-06,
         (356): 0.000802665, -0.000844678, 3.71495e-09, 1.1748e-08, 0, 0, 0,
         (363): 0, 0, 0, 0, 0
         }
      }
   }
   GROUP "KPOINT5" {
      ATTRIBUTE "twfcollect" {
         DATATYPE  H5T_STD_I32LE
         DATASPACE  SIMPLE { ( 1 ) / ( 1 ) }
         DATA {
         (0): 0
         }
      }
      DATASET "BAND0" {
         DATATYPE  H5T_IEEE_F64LE
         DATASPACE  SIMPLE { ( 368 ) / ( 368 ) }
         DATA {
         (0): 0.0158446, 0.100581, 0.005287, -0.0072642, -0.0103483,
         (5): -0.00753165, -0.00743858, -0.00541393, -0.0160659, 0.00253088,
         (10): -0.0019531, -0.0123982, -0.011194, 0.00176341, -0.0110162,
         (15): 0.00173538, 0.000362763, -0.000498432, -0.0103838, 0.00163578,
         (20): -0.00135261, -0.00858629, -0.0104385, -0.00759727,
         (24): -0.000657152, 0.000902908, -0.000293237, 0.000402894,
         (28): 0.000272609, -0.000374546, -0.00907492, -0.00660487,
         (32): -0.00113339, -0.00719469, -0.00791451, -0.0057603,
         (36): -0.00621788, 0.000979511, -0.00602333, -0.00438387,
         (40): -0.00428634, 0.000675235, -0.000450501, 0.000618977,
         (44): -0.000655207, -0.00415922, -0.000603129, -0.00382865,
         (48): -0.004241, 0.000668092, -0.00299798, -0.00218197, -0.00300213,
         (53): 0.000472927, -0.00300213, 0.000472928, 8.9732e-05,
         (57): -0.000123288, -0.00278189, -0.00202471, -0.000409467,
         (61): -0.00259927, -0.000409467, -0.00259927, -0.000226933,
         (65): -0.00144055, 0.000199789, -0.00027451, -7.47522e-05,
         (69): 0.00010271, -0.00222731, -0.00162107, -1.24298e-05,
         (73): 1.70794e-05, -0.000203292, -0.00129049, -0.00173142,
         (77): -0.00126015, -0.000137374, -0.000872071, -0.00105641,
         (81): 0.000166417, -0.000691531, 0.000108938, 7.83968e-06,
         (85): -1.07771e-05, 0, 0, 0, 0, 0, 0, -0.00648924, -0.0533663,
         (94): 0.0667506, -0.0852319, -0.0137845, -0.0107956, -0.00657243,
         (99): -0.00514727, -0.00111011, 0.000134996, 0.00157487, 0.0129511,
         (104): -0.0175948, 0.00213954, 0.00560301, -0.000681341,
         (108): -0.00535418, 0.0068366, -0.0109059, 0.00132618, 0.000491091,
         (113): 0.00403862, 0.00472913, 0.00370369, -0.00611342, 0.00780609,
         (118): -0.00618522, 0.00789769, -0.00500151, 0.00638628, -0.0019835,
         (123): -0.00155341, 0.000472994, 0.00388969, -0.00274383,
         (127): -0.0021489, -0.00638138, 0.000775972, -0.00142201,
         (131): -0.00111366, -0.00560659, 0.000681771, -0.00368667,
         (135): 0.00470741, 0.000152729, 0.00125606, 0.000457546, 0.00376273,
         (140): -0.00286728, 0.000348666, -0.000714037, -0.000559215,
         (144): -0.00253568, 0.000308351, -0.00253568, 0.000308347,
         (148): -0.00133164, 0.00170032, -0.000958681, -0.000750798,
         (152): 0.000229904, 0.00189063, 0.000229909, 0.00189064,
         (156): 0.000160284, 0.00131811, -0.000850689, 0.00108621,
         (160): -0.000979041, 0.00125012, -0.00115177, -0.000902017,
         (164): -0.000697358, 0.000890443, 7.52336e-05, 0.000618767,
         (168): 0.000972855, 0.000761899, 0.000113779, 0.000935676,
         (172): -0.000252414, 3.06967e-05, -0.00110623, 0.000134523,
         (176): -0.000889097, 0.00113526, 0, 0, 0, 0, 0, 0, 0.142018,
         (185): -0.0729354, 0.198887, 0.0639192, 0.0121988, -0.0379571,
         (190): 0.00638404, -0.019864, 0.00875903, 0.0170554, 0.0177608,
         (195): -0.00912133, -0.00304558, -0.00593032, 0.0032382, 0.00630534,
         (200): 0.00631336, 0.00202901, -0.00222167, -0.00432593, 0.00494073,
         (205): -0.00253736, 0.000957111, -0.00297807, 0.00423597,
         (209): 0.00136137, 0.0039357, 0.00126487, 0.00413538, 0.00132908,
         (214): 0.000694312, -0.0021604, 0.00537275, -0.00275926, 0.00111847,
         (219): -0.00348016, 0.000732594, 0.00142651, -0.000776246,
         (223): 0.00241537, 0.000903527, 0.00175935, 0.00216937, 0.000697213,
         (228): -0.00239241, 0.00122866, 0.00196417, -0.00100872,
         (232): 0.000502116, 0.000977735, 0.000414104, -0.0012885,
         (236): -0.000468427, -0.000912125, -0.000468436, -0.000912116,
         (240): 0.00139467, 0.000448227, 0.000820639, -0.00255343,
         (244): 0.00206366, -0.00105983, 0.00206367, -0.00105984,
         (248): 0.000877549, -0.000450687, 0.00176944, 0.000568678,
         (252): -0.00111762, -0.000359188, -0.000344682, 0.00107249,
         (256): 0.000320323, 0.000102957, -0.000165555, 8.50228e-05,
         (260): 0.000158442, -0.000492997, 0.00112105, -0.000575724,
         (264): -5.79477e-05, -0.000112842, -0.00012476, -0.000242933,
         (268): 0.000166672, 5.35639e-05, 0, 0, 0, 0, 0, 0, 0.0887119,
         (277): -0.365316, -2.39463e-07, 1.26138e-07, -0.00739919,
         (281): -0.0121455, -0.00852692, -0.0139962, 0.00465135, 0.00112948,
         (286): -0.00190514, 0.00784537, 6.93468e-08, -1.45935e-08,
         (290): -0.00105653, -0.000256567, 0.0106303, -0.00647624,
         (294): 0.00515897, 0.00125276, 0.00171024, -0.00704273, 1.79761e-09,
         (299): -3.70118e-09, -0.000485417, 0.000295736, 0.00075658,
         (303): -0.000460923, -0.00087881, 0.00053537, 0.00367794,
         (307): 0.00603708, 0.000688418, -0.00283489, -0.00238315,
         (311): -0.00391178, 1.58643e-08, -9.61317e-11, -0.000679387,
         (315): -0.00111515, -0.0011357, -0.000275789, 7.12974e-09,
         (319): 1.20176e-08, 4.00752e-09, -6.16155e-09, -0.000153281,
         (323): 0.000631142, -0.00203087, -0.000493167, -0.000254268,
         (327): -0.000417343, 0.00230498, 0.000559728, -0.00230498,
         (331): -0.000559727, -0.00185446, 0.00112978, 0.000286489,
         (335): 0.000470248, 0.000593619, -0.00244453, -0.000593622,
         (339): 0.00244452, -0.000115789, 0.000476805, 0.00165551,
         (343): -0.00100858, 0.000602493, -0.000367061, 0.000456145,
         (347): 0.000748731, -0.00162369, 0.000989191, -4.0705e-05,
         (351): 0.000167624, -0.000407121, -0.000668255, 3.71687e-05,
         (355): -0.000153046, 0.000236349, 5.73972e-05, -0.000840812,
         (359): -0.000204178, -0.000497437, 0.000303055, 0, 0, 0, 0, 0, 0
         }
      }
   }
   GROUP "KPOINT6" {
      ATTRIBUTE "twfcollect" {
         DATATYPE  H5T_STD_I32LE
         DATASPACE  SIMPLE { ( 1 ) / ( 1 ) }
         DATA {
         (0): 0
         }
      }
      DATASET "BAND0" {
         DATATYPE  H5T_IEEE_F64LE
         DATASPACE  SIMPLE { ( 368 ) / ( 368 ) }
         DATA {
         (0): -0.0161834, 0.0804978, 0.015871, -0.0105577, -0.00715524,
         (5): -0.0107562, -0.016873, -0.00339219, -0.00538592, -0.00809645,
         (10): 0.0026129, -0.0129968, -0.0110616, -0.00222385, -0.0101943,
         (15): -0.00204948, 0.000725649, -0.000482725, -0.00748664,
         (19): -0.0112544, -0.000849373, 0.000565014, -0.0098984, -0.00199,
         (24): 0.00151146, -0.00751813, -0.00123821, 0.000823684,
         (28): -0.00671595, -0.0100958, 6.80104e-05, -4.52451e-05,
         (32): 0.00140564, -0.00699179, -0.00520694, -0.00104682,
         (36): -0.00475316, -0.00714523, -0.00636611, -0.00127986,
         (40): -0.00111503, 0.000741739, 0.000778429, -0.00387197,
         (44): -0.00339251, -0.00509983, -0.00241674, -0.00363298,
         (48): 0.000667615, -0.0033208, -0.00338403, -0.000680334,
         (52): -0.00346543, -0.0006967, 0.000276131, -0.0013735, 0.000551282,
         (57): -0.00274212, 0.000468849, -0.00031189, -0.00190711,
         (61): -0.00286689, 2.84356e-06, -1.89299e-06, -0.00260457,
         (65): -0.000523632, 0.000446691, -0.00222188, -0.00153888,
         (69): -0.00231334, 0.000241388, -0.00120069, -0.000301594,
         (73): 0.000200628, 0.000188672, -0.000938464, -0.00113786,
         (77): -0.0017105, -5.54441e-05, 3.68827e-05, -0.00106297,
         (81): -0.000213702, -0.000758599, -0.000152511, -0.000137713,
         (85): 9.16077e-05, -1.85208e-05, 1.23205e-05, 0, 0, 0, 0,
         (92): 0.00652948, -0.0137896, 0.0694547, -0.0248164, -0.00313299,
         (97): -0.00876851, -0.00386982, -0.00183242, -0.00184741,
         (101): -0.00517039, -0.00649764, 0.0137223, -0.0150553, -0.00712883,
         (106): 0.00254642, 0.00120577, -0.0110307, 0.00394129, 0.00203614,
         (111): 0.00569865, -0.0108003, 0.00385893, -0.00804702, -0.00381037,
         (116): -0.0022605, 0.00477393, -0.00897776, 0.00320777,
         (120): -0.000733544, -0.00205294, -0.00791005, 0.00282631,
         (124): -0.00219204, 0.00462931, -0.00622332, -0.00294679,
         (128): -0.000524746, -0.00146866, -0.00519303, -0.00245895,
         (132): -0.00706611, 0.00252473, -0.00197002, 0.00416043,
         (136): -0.000388454, -0.0010872, -0.00031059, -0.000869295,
         (140): -0.000710467, 0.00150043, -0.00215731, -0.00102151,
         (144): -0.00243502, -0.001153, -0.000829889, 0.00175263,
         (148): -0.00117493, 0.0024813, -0.00195934, 0.000700086,
         (152): -0.000226189, -0.000633051, -0.00164104, 0.000586347,
         (156): -0.00142138, -0.000673041, -0.000769197, 0.00162444,
         (160): -0.000408946, -0.00114456, -0.000406301, 0.000858077,
         (164): -0.00157054, 0.000561162, -0.000592883, 0.00125209,
         (168): 0.000467536, 0.0013085, -0.000842607, 0.000301071,
         (172): -0.000224298, -0.000106214, -0.000984238, -0.00046605,
         (176): -0.00156365, 0.000558707, -0.00121908, 0.000435589, 0, 0, 0,
         (183): 0, 0.0489689, -0.122218, 0.155329, -0.0664638, -0.0107755,
         (189): -0.0251831, 0.0180804, 0.00724423, -0.0103222, -0.0241234,
         (194): 0.00703247, -0.0175518, -0.00485038, -0.0019434, 0.00976089,
         (199): 0.00391087, 0.00895828, -0.00383314, -0.000809273,
         (203): -0.0018913, 0.004302, -0.00184078, -0.00307701, -0.00123286,
         (208): 0.00194766, -0.00486102, 0.00351833, -0.00150547, -0.0003234,
         (213): -0.000755789, 0.00346851, -0.00148413, 0.00219545,
         (217): -0.00547947, 0.00116913, 0.000468436, -0.00143547,
         (221): -0.00335479, 0.00132249, 0.000529879, 0.00271292,
         (225): -0.00116083, 0.000762438, -0.00190292, 0.000358437,
         (229): 0.000837676, -0.00095283, -0.00222683, -0.000469889,
         (233): 0.00117276, 0.000187894, 7.52845e-05, -7.10618e-05,
         (237): -2.84672e-05, 0.000592975, -0.00147998, 0.000890805,
         (241): -0.0022233, 0.002254, -0.000964463, -0.000907896,
         (245): -0.00212179, 0.000514953, -0.000220345, -0.00124637,
         (249): -0.000499378, 0.000475963, -0.00118793, 0.000409212,
         (253): 0.000956352, -0.000104385, 0.000260517, -0.00044583,
         (257): 0.000190761, 0.000594485, -0.00148374, -6.96208e-05,
         (261): -0.000162707, -4.99363e-05, 2.13675e-05, 0.000363632,
         (265): 0.000145695, -0.000405935, -0.000162647, -9.71973e-05,
         (269): 4.15895e-05, 4.82196e-05, -2.06318e-05, 0, 0, 0, 0,
         (276): 0.0440059, -0.109192, -0.0214094, 0.00910982, 3.27978e-05,
         (281): 7.71014e-05, 0.0116123, 0.0046799, -0.00611684, -0.0143755,
         (286): -0.00317761, 0.00788463, 0.00421063, 0.00169694, 0.00660272,
         (291): 0.00266101, 0.0102271, -0.00435168, 0.000523696, 0.00123076,
         (296): 0.000753625, -0.00032067, 0.00308156, 0.00124189, 0.00133868,
         (301): -0.00332168, 0.00141701, -0.000602943, 0.00182886,
         (305): 0.00429813, 0.00191258, -0.000813805, 0.000360709,
         (309): -0.000895048, -0.000863913, -0.000348168, -0.000813961,
         (313): -0.00191292, 0.000245627, 9.89873e-05, 0.000804767,
         (317): -0.000342435, 0.000633283, -0.00157137, -0.00071582,
         (321): -0.0016823, -5.88067e-05, -0.000138202, 0.000681913,
         (325): -0.00169204, -0.00141235, -0.000569203, 0.00214246,
         (329): 0.000863437, -3.38318e-05, 8.39569e-05, 0.000646162,
         (333): -0.00160333, 0.00175295, -0.000745881, 0.000323715,
         (337): 0.000760769, -0.00173432, 0.000737964, -0.00150759,
         (341): -0.000607583, -0.000649899, 0.0016126, -0.00022553,
         (345): -0.000530036, 0.000399958, -0.000992401, 0.00122152,
         (349): -0.000519753, -2.50158e-05, 6.2074e-05, 3.71556e-05,
         (353): 8.73196e-05, -0.00125055, 0.000532112, 0.000645892,
         (357): 0.000260302, -0.00042475, -0.000171178, 0.00117282,
         (361): -0.000499034, -0.000364823, 0.000155234, 0, 0, 0, 0
         }
      }
   }
   GROUP "KPOINT7" {
      ATTRIBUTE "twfcollect" {
         DATATYPE  H5T_STD_I32LE
         DATASPACE  SIMPLE { ( 1 ) / ( 1 ) }
         DATA {
         (0): 0
         }
      }
      DATASET "BAND0" {
         DATATYPE  H5T_IEEE_F64LE
         DATASPACE  SIMPLE { ( 368 ) / ( 368 ) }
         DATA {
         (0): 0.014247, -0.035319, 0.0245267, 0.0576921, -0.0168564,
         (5): 0.00716616, -0.0102937, -0.00415227, -0.0123207, -0.00496992,
         (10): -0.00452145, -0.0106354, -0.0125338, 0.00532852, -0.00827809,
         (15): 0.00351928, -0.000229054, 0.00056779, -0.0121648, -0.00490704,
         (20): -0.00129097, 0.00320037, -0.0120204, -0.00484878, -0.00969933,
         (25): 0.00412348, -0.0011271, 0.00279413, -0.00226102, -0.0053184,
         (30): -0.00711723, 0.00302575, -0.000604265, 0.00149805,
         (34): -0.00238371, -0.00560703, -0.00126591, 0.00313827,
         (38): -0.00122656, -0.00288511, -0.00498075, -0.00200911,
         (42): -0.00662922, 0.0028183, -0.00684222, -0.00276002, -0.00466116,
         (47): -0.00188023, -0.00408258, 0.00173563, -0.000891034,
         (51): -0.0020959, -0.000384565, -0.000904565, -0.00283313,
         (55): 0.00120445, 0.000168211, -0.000417002, -0.000951429,
         (59): -0.00223797, -0.000287098, -0.000675327, -0.000319827,
         (63): -0.000752301, -0.00316471, -0.00127657, -0.00262198,
         (67): -0.00105766, -0.000128755, 0.000319206, -0.000637539,
         (71): -0.00149962, -0.00219059, 0.000931288, -0.000323494,
         (75): 0.000801966, -0.00102752, 0.000436826, -0.00158008,
         (79): -0.000637375, -0.000278434, 0.000690255, -0.000932525,
         (83): 0.000396446, -8.20686e-05, 0.000203459, -6.5282e-05,
         (87): 0.000161847, 0, 0, 0, 0, 0.00529647, -0.023617, 0.00116197,
         (95): 0.00183384, -0.00604274, 0.00382888, 0.00217001, 0.00048666,
         (100): -0.000625783, -0.000140333, 0.010768, 0.0169941, -0.0114517,
         (105): 0.00725613, -0.00100005, 0.000633671, -0.00332538, 0.0148279,
         (110): 0.00771942, 0.00173118, -0.00280718, 0.0125173, 0.000574289,
         (115): 0.000128779, -0.00437448, 0.0027718, -0.00197693, 0.00881514,
         (120): 0.00393322, 0.00620744, -0.00575069, 0.00364382, -0.00190153,
         (125): 0.00847898, 0.00391572, 0.00617979, -0.00194553, 0.00867512,
         (130): 0.00338844, 0.00534766, 0.000408609, 9.16324e-05, -0.0033104,
         (135): 0.00209757, 0.00123627, 0.000277248, 0.000287282,
         (139): 6.44255e-05, -0.00197345, 0.00125044, 0.00128319, 0.00202511,
         (144): 0.00158507, 0.00250155, -0.00114678, 0.000726641,
         (148): -0.000726609, 0.00323998, 0.00215702, 0.00340422, 0.00124977,
         (153): 0.00197238, 0.00084556, 0.00133447, 0.000520782, 0.000116794,
         (158): -0.000390384, -8.75471e-05, -0.000270317, 0.00120536,
         (162): 0.000997224, 0.00157383, -0.000273108, 0.000173052,
         (166): -0.000351737, 0.00156838, -0.00032748, 0.000207499,
         (170): 0.00149815, 0.000335987, -0.000440186, 0.0019628,
         (174): -0.000665555, 0.000421719, -0.000130327, 0.000581123,
         (178): -0.000238911, 0.00106532, 0, 0, 0, 0, -0.0508961, 0.126872,
         (186): 0.0442183, 0.103462, -0.0209951, 0.00897304, 0.0255246,
         (191): 0.0102395, 0.0162933, 0.0065362, 0.00324097, 0.00758321,
         (196): 0.00498953, -0.00213246, -0.0141852, 0.00606258, -0.00324027,
         (201): 0.00807723, -0.00217352, -0.00087193, -0.000805108,
         (205): 0.00200695, -0.0010927, -0.000438351, 0.0023764, -0.00101565,
         (210): -0.000826836, 0.00206111, 0.00118896, 0.00278192,
         (214): 0.000706485, -0.000301945, -0.000534651, 0.00133276,
         (218): 0.00103932, 0.00243179, -0.000643349, 0.00160372,
         (222): 0.000408226, 0.000955163, 0.00260787, 0.00104617,
         (226): -0.000747755, 0.000319584, 0.00238707, 0.000957599,
         (230): 0.000101105, 4.05585e-05, -0.000841928, 0.000359832,
         (234): -0.000177135, -0.000414458, 0.000478847, 0.0011204,
         (238): 0.000671221, -0.000286874, -0.000866355, 0.00215962,
         (242): 0.000487171, 0.00113988, 0.000508037, 0.0011887, 6.29019e-06,
         (247): 1.47161e-05, 0.00111876, 0.000448806, -0.000406403,
         (251): -0.000163033, 0.000230796, -0.000575322, -0.000105521,
         (255): -0.000246901, 0.00132819, -0.000567653, 9.67097e-06,
         (259): -2.41051e-05, -0.00103932, 0.000444195, -0.00069371,
         (263): -0.000278288, 3.19444e-05, -7.96286e-05, 0.000635762,
         (267): -0.000271715, 0.000236015, -0.000588333, 0.000138101,
         (271): -0.000344254, 0, 0, 0, 0, 0.028093, -0.0598469, 0.00113092,
         (279): 0.00313187, -0.0048425, 0.00174856, -0.000443543,
         (283): -0.000208221, -0.00855027, -0.00401363, -0.00549088,
         (287): -0.0152065, -0.00501758, 0.00181177, -0.00331137, 0.00119568,
         (292): -0.00128365, 0.00273458, -0.00239108, -0.00112242, 0.0008651,
         (297): -0.00184293, -0.00205452, -0.000964414, -0.00226875,
         (301): 0.000819214, 0.00034936, -0.000744249, -0.00019438,
         (305): -0.000538332, 0.00177589, -0.00064125, -0.000256761,
         (309): 0.000546973, -0.000769557, -0.00213123, 0.000637681,
         (313): -0.00135846, 0.000468426, 0.00129728, -0.00137658,
         (317): -0.000646187, 0.000900799, -0.000325266, -0.000147495,
         (321): -6.92376e-05, 0.00130692, 0.000613487, -0.00136599,
         (325): 0.000493239, 0.000492023, 0.00136261, -0.000403486,
         (329): -0.00111742, 0.00116847, -0.000421919, -0.000179066,
         (333): 0.000381463, 2.08849e-05, 5.7842e-05, -0.000337942,
         (337): -0.000935906, 0.000599767, 0.00166101, -0.00125064,
         (341): -0.000587069, 0.0013241, 0.000621553, 0.000590694,
         (345): -0.00125836, -0.000468307, -0.00129695, 0.000610809,
         (349): -0.000220554, -0.00035319, 0.000752404, -0.000493419,
         (353): 0.000178166, -0.000358821, -0.000168438, -0.000597629,
         (357): 0.00127314, 0.000148241, -5.35299e-05, 0.000402536,
         (361): -0.000857525, 0.000175409, -0.000373668, 0, 0, 0, 0
         }
      }
   }
   GROUP "KPOINT8" {
      ATTRIBUTE "twfcollect" {
         DATATYPE  H5T_STD_I32LE
         DATASPACE  SIMPLE { ( 1 ) / ( 1 ) }
         DATA {
         (0): 0
         }
      }
      DATASET "BAND0" {
         DATATYPE  H5T_IEEE_F64LE
         DATASPACE  SIMPLE { ( 368 ) / ( 368 ) }
         DATA {
         (0): -0.0697518, 0.0299587, 0.037931, 0.0151377, 0.0069173,
         (5): -0.0173329, -0.0056707, -0.0132029, 0.00397918, -0.00997074,
         (10): -0.00406147, -0.00945617, 0.00893846, -0.00383909,
         (14): -0.00514902, -0.0119883, -0.000744102, -0.000296958,
         (18): 0.00496259, -0.0124349, -0.0050679, -0.0117994, 0.00608765,
         (23): -0.00261468, -0.00312158, -0.00124578, 0.00718358,
         (27): -0.00308538, -0.0020329, -0.000811303, 0.00423026, -0.0105999,
         (32): -0.000596129, -0.000237901, -0.00273812, -0.00637504,
         (36): 0.00352483, -0.00883225, -0.00256656, -0.00102429,
         (40): -0.00276054, -0.00642724, 0.00318466, -0.00136783, 0.0018406,
         (45): -0.00461204, 0.00202135, -0.00506494, 0.00217068,
         (49): -0.000932315, 0.00119106, -0.000511565, -0.00143201,
         (53): -0.00333409, 0.00163842, -0.00410543, -0.000135202,
         (57): -5.39588e-05, -0.00130612, -0.00304098, -0.00130612,
         (61): -0.00304098, 0.00200196, -0.00085985, 0.00200195, -0.00085985,
         (66): 0.000239301, 9.5503e-05, 0.000841909, -0.000361602,
         (70): 0.000974312, -0.00244135, 0.000915883, -0.000393377,
         (74): -0.000502674, -0.00117036, -0.000598116, -0.000238701,
         (78): -0.000231591, -9.24249e-05, -0.000394987, -0.000157633,
         (82): 0.000612504, -0.00153476, -0.000370955, -0.000148044,
         (86): -0.000379454, -0.000883474, 0, 0, 0, 0, 0.0451178, -0.0245526,
         (94): 0.0509689, 0.015045, 0.0018837, -0.00638157, -0.00036623,
         (99): -0.000672991, 0.00150789, -0.00510839, 0.00164201, 0.00301738,
         (104): -0.0132073, 0.00718724, -0.00657019, -0.0120734, -0.0123308,
         (109): -0.00363981, -0.00224374, 0.00760129, -0.00318022,
         (113): -0.00584397, -0.00602132, 0.00327672, -0.00885623,
         (117): -0.00261417, -0.00649084, 0.00353224, -0.00878898,
         (121): -0.00259432, -0.000263886, 0.000894013, -0.00819742,
         (125): -0.00241971, -0.00330232, -0.00606835, -1.29553e-05,
         (129): 4.38799e-05, -0.00811076, -0.00239413, -0.0019674,
         (133): -0.0036153, -0.00433627, 0.00235974, 4.83284e-05,
         (137): -0.000163718, 6.43255e-05, -0.000217923, -0.0018132,
         (141): 0.000986717, -0.00251976, 0.00137123, -0.00102151,
         (145): -0.00187713, -5.44382e-05, 0.000184428, -0.00216629,
         (149): -0.000639442, -0.000628595, -0.00115511, -0.000628597,
         (153): -0.00115511, -0.002322, 0.00126361, -0.002322, 0.00126361,
         (158): -0.00168356, -0.000496952, -0.00141277, 0.000768813,
         (162): 0.00016158, -0.000547392, -0.000778161, 0.000423467,
         (166): -0.000728348, -0.00133841, -0.00126362, -0.000372992,
         (170): -0.0011917, -0.000351766, -0.00169269, -0.000499647,
         (174): -0.000421703, 0.00142863, -0.00126616, -0.000373742,
         (178): -1.81977e-05, -3.34379e-05, 0, 0, 0, 0, -0.125438, 0.0211218,
         (186): -0.109693, -0.078076, -0.0191181, 0.0268601, -0.00247189,
         (191): -0.01468, -0.011131, 0.0156385, -0.00165666, -0.00983852,
         (196): -0.014769, 0.00248687, 0.000771825, 0.00458375, -0.00558931,
         (201): -0.00397828, -0.000693286, 0.000974043, 0.000524865,
         (205): 0.00311706, -0.00408108, 0.000687188, -0.00304007,
         (209): -0.00216381, -0.0054325, 0.000914748, -0.00264135,
         (213): -0.00188002, -0.000367925, 0.000516931, -0.00273194,
         (217): -0.0019445, -0.000257822, -0.00153114, -0.0012377,
         (221): 0.00173892, -0.00290171, -0.00206534, -0.000314398,
         (225): -0.00186714, -0.0013388, 0.000225435, -0.00157622,
         (229): 0.00221452, 0.000639454, -0.000898409, 0.000909562,
         (233): -0.000153156, -0.00239665, 0.000403561, -0.000166499,
         (237): -0.00098881, -0.00141666, 0.00199035, -0.000934215,
         (241): -0.000664944, 6.89241e-05, 0.000409322, 6.89255e-05,
         (245): 0.000409323, -0.00128038, 0.000215596, -0.00128038,
         (249): 0.000215599, -0.00109761, -0.00078124, -0.00169471,
         (253): 0.000285361, 0.000687816, -0.000966349, 0.000423618,
         (257): -7.13295e-05, 8.28648e-05, 0.000492123, 0.000257393,
         (261): 0.000183206, -0.000365783, -0.000260352, 2.51574e-05,
         (265): 1.79074e-05, 5.03136e-05, -7.06897e-05, 0.00026674,
         (269): 0.000189857, -1.44127e-05, -8.55932e-05, 0, 0, 0, 0,
         (276): 0.0319346, -0.218674, 2.01192e-07, 2.25352e-07, -0.00273313,
         (281): -0.00366801, 0.00174965, 0.000255709, -0.0054695,
         (285): -0.00734035, 0.000485248, 7.09978e-05, -0.000563598,
         (289): 0.00385912, 1.71314e-08, 9.18803e-08, 0.0120658, -0.00899071,
         (294): -4.44455e-09, 5.41455e-09, 0.00388374, 0.000567153,
         (298): 0.000305062, -0.0020886, -0.00130059, 0.000969229,
         (302): 0.000488678, -0.00334639, 0.00164619, -0.00122664,
         (306): 0.00243448, 0.00326717, -0.000751653, 0.000560184,
         (310): -0.00138781, -0.00020265, -0.00142467, -0.00191198,
         (314): 5.31379e-08, 3.00459e-08, 1.4063e-09, 2.74396e-08,
         (318): -1.86985e-05, 0.000128333, -0.000135487, -0.000181833,
         (322): -0.000369067, -0.000495307, 2.71488e-08, -1.16378e-08,
         (326): -5.38251e-05, 0.000368633, -0.00171975, -0.000251141,
         (330): 0.00016312, 0.00021892, -0.00151187, 0.00112654, 0.00204087,
         (335): 0.000298034, -0.00204087, -0.000298051, 0.00024263,
         (339): -0.00166131, -0.000242606, 0.0016613, 0.00129493,
         (343): -0.000964888, 2.16155e-05, -0.000147964, 0.000296985,
         (347): 0.000398551, 7.32315e-05, -0.0005014, -0.000968485,
         (351): -0.00014143, 0.000534229, -0.000398056, -0.00129357,
         (355): 0.000963899, -0.000687883, 0.000512577, -0.000263292,
         (359): -0.000353343, 0.000664726, -0.000495297, 0.000471392,
         (363): 6.88454e-05, 0, 0, 0, 0
         }
      }
   }
   GROUP "KPOINT9" {
      ATTRIBUTE "twfcollect" {
         DATATYPE  H5T_STD_I32LE
         DATASPACE  SIMPLE { ( 1 ) / ( 1 ) }
         DATA {
         (0): 0
         }
      }
      DATASET "BAND0" {
         DATATYPE  H5T_IEEE_F64LE
         DATASPACE  SIMPLE { ( 368 ) / ( 368 ) }
         DATA {
         (0): 0.0727027, 0.0897613, 0.00213117, -0.0202976, -0.0133577,
         (5): -0.00140255, -0.0153836, 0.01246, -0.00845209, -0.000887459,
         (10): -0.00648024, -0.00800074, -0.00922782, 0.00747413,
         (14): -0.00814434, 0.00659656, -4.93467e-05, 0.00047002, -0.0142151,
         (19): -0.00149257, -0.00581579, -0.00718038, -0.000232797,
         (23): 0.00221714, -0.00881959, 0.00714348, -0.0130959, -0.00137505,
         (28): -0.000183175, 0.00174458, -0.00431737, -0.00533038,
         (32): -0.0106587, -0.00111915, -2.1924e-05, 0.000208839,
         (36): -0.00637667, 0.00516482, -0.00821921, -0.000863011,
         (40): -0.00253672, -0.00313192, -0.00303532, -0.00374751,
         (44): -0.00367117, 0.00297348, -0.00357051, 0.00289196,
         (48): -0.000110637, 0.00105367, -0.0038591, -0.000405204,
         (52): -0.00267036, 0.00216288, -0.00267037, 0.00216288, -0.00350512,
         (57): -0.000368036, -0.00350512, -0.000368034, -2.13643e-05,
         (61): 0.000203524, -2.13703e-05, 0.000203526, -0.000864775,
         (65): -0.00106768, -0.000864775, -0.00106769, -0.00126641,
         (69): -0.00156355, -0.0012664, -0.00156355, 1.25952e-05,
         (73): -0.000119944, -1.01194e-05, 9.64152e-05, -0.000742268,
         (77): 0.000601204, -0.00051028, -0.000630012, -2.01094e-05,
         (81): 0.000191548, -2.01096e-05, 0.000191549, -0.00159802,
         (85): -0.000167791, -0.000797395, 0.000645855, -0.000797395,
         (89): 0.000645855, -0.000656269, -6.89085e-05, 0.0997985, 0.0024929,
         (94): 0.121887, 0.128132, 0.0150948, -0.014359, -0.000100871,
         (99): 0.00403859, 0.00790762, -0.00752221, -0.00958767,
         (103): -0.000239491, -0.000139079, 0.005568, 0.000389993,
         (107): -0.0156131, -0.00678489, -0.00713252, -0.00387963,
         (111): 0.00369055, -0.00436767, -0.000109095, -0.00682017,
         (115): -0.00716962, 0.000252488, -0.010108, 0.00172296, -0.00163898,
         (120): -0.00635032, -0.00667569, -0.00397074, -9.91811e-05,
         (124): 0.0021372, -0.00203303, -0.00452623, -0.00475815,
         (128): 0.000161432, -0.00646287, 0.000261026, -0.000248306,
         (132): -0.00409401, -0.000102267, -0.00245667, -6.13638e-05,
         (136): 0.000113522, -0.00454465, 5.56304e-05, -0.00222712,
         (140): -0.00318848, -0.00335186, 0.00070883, -0.00067428,
         (144): 5.94204e-05, -0.00237887, 5.94222e-05, -0.00237887,
         (148): 0.00090289, -0.00085888, 0.000902887, -0.00085888,
         (152): -0.00129716, -0.00136362, -0.00129716, -0.00136363,
         (156): -0.000963654, -2.40722e-05, -0.000963655, -2.40731e-05,
         (160): -0.00137493, -3.43417e-05, -0.00137493, -3.43444e-05,
         (164): -0.000773867, -0.000813521, -0.000794999, -0.000835731,
         (168): 4.3724e-05, -0.00175041, -0.000739117, -1.84605e-05,
         (172): -0.00120528, -0.00126704, -0.00120528, -0.00126704,
         (176): -0.000583417, 0.000554982, 6.02807e-06, -0.00024132,
         (180): 6.02921e-06, -0.000241319, 0.00022106, -0.000210285,
         (184): 0.262058, 0.0178639, -0.301289, 0.1653, 0.0195001,
         (189): -0.00301485, -0.0229602, -0.00221271, 0.00249144,
         (193): -0.00217348, -0.00934519, 0.0103904, 0.000100491, -0.0014746,
         (198): 0.00310192, 0.000903996, 0.00937683, 0.000640786,
         (202): 0.000840111, 0.00153116, 0.00603051, -0.00103176,
         (206): -0.00453963, 0.00280924, 0.0057023, 0.00367355, -0.00127301,
         (211): 0.00612057, -0.000603474, -4.79889e-05, 0.000164449,
         (215): 0.00079445, 0.00191503, -0.00167061, -0.000955198,
         (219): 7.23655e-05, -0.00285426, -0.000831886, -0.00129831,
         (223): -0.00394532, -0.000165381, 4.8431e-05, 0.00097, -0.0033282,
         (228): -0.00238223, -0.00125377, -0.000677785, -0.000970867,
         (232): -0.00135433, 0.000743049, 0.00011083, -0.00112461,
         (236): 0.00181343, 0.00138448, 0.000626648, -0.000673291,
         (240): 0.000368605, 0.00216145, -0.000911565, -0.000736731,
         (244): -0.00148842, -0.000195382, 0.00146516, -0.000494973,
         (248): -0.000520618, 0.000543493, 0.000176454, -0.000566938,
         (252): 0.000963277, 0.000193381, -0.00148805, 0.00160715,
         (256): 0.00046849, 0.000537035, -0.000424781, -0.00048693,
         (260): 3.18926e-05, -0.00046783, 0.000426332, 2.906e-05,
         (264): 0.000985799, -4.8819e-05, -0.000395403, -0.000331685,
         (268): 0.000264356, -0.000192183, 0.00031061, 6.35411e-05,
         (272): -0.00033624, -0.000301132, 3.98654e-05, -0.000148725,
         (276): -0.359299, 0.405463, -0.296939, 0.180985, 0.00804576,
         (281): 0.0484159, -0.0300066, -0.0116529, 0.000411043, 0.0068064,
         (286): 0.00580516, 0.00149208, 0.00228134, 0.00202162, 0.00317726,
         (291): 0.000770745, -0.00481209, -0.00293704, 0.000919791,
         (295): 0.00150907, -0.00735125, 0.00724355, -0.00524805, 0.00287545,
         (300): 0.00292682, -0.00125373, 0.00151883, -0.00521734, 0.00032607,
         (305): 0.000185915, -0.000723188, 0.00138744, 0.000315852,
         (309): 0.00523192, 0.000155777, 0.000363326, -0.00292359,
         (313): -0.000709305, -0.00196637, -0.00178402, 0.0001888,
         (317): -0.000169511, 0.00082711, -0.00340904, -0.00162964,
         (321): 0.000150889, 0.000425993, 0.000858413, -0.00133474,
         (325): 0.000813592, -0.000336449, 0.000659681, 0.000617551,
         (329): -0.000685801, 0.00188179, 0.00129221, 0.000917593,
         (333): 0.000144952, -0.00067897, -0.00195856, 0.000991366,
         (337): 0.000422584, 0.000693691, -0.000736199, 0.000345838,
         (341): 3.20163e-05, 0.000125973, -0.000564443, -0.00140189,
         (345): 0.00167515, 0.000954418, 0.000169112, -0.00146722,
         (349): 8.8563e-05, 0.00133033, -8.02842e-05, 0.000723822,
         (353): 0.000641398, -0.000584528, 0.000659631, -0.000223687,
         (357): -0.000362916, 0.000942989, -1.81156e-05, 5.68563e-05,
         (361): 0.000708875, 0.000357235, 0.000112994, -5.01424e-05,
         (365): 0.000186184, -3.27455e-05, 0.000148461
         }
      }
   }
}
}
