HDF5 "tempdir_hdf5/evc.hdf5_8" {
GROUP "/" {
   GROUP "KPOINT1" {
      ATTRIBUTE "twfcollect" {
         DATATYPE  H5T_STD_I32LE
         DATASPACE  SIMPLE { ( 1 ) / ( 1 ) }
         DATA {
         (0): 0
         }
      }
      DATASET "BAND0" {
         DATATYPE  H5T_IEEE_F64LE
         DATASPACE  SIMPLE { ( 352 ) / ( 352 ) }
         DATA {
         (0): -0.00792163, 0.00801179, 9.41693e-05, 0.0166411, -0.0153708,
         (5): 8.69803e-05, 8.68545e-05, 0.0153487, 0.00281131, 0.00277967,
         (10): 7.28226e-05, 0.0128689, 0.00104981, 0.00103799, -0.0141122,
         (15): 0.0142729, -0.0117707, 0.0119046, 6.00711e-05, 0.0106155,
         (20): -0.000174175, -0.000172214, -0.00975708, 5.52141e-05,
         (24): 0.000209597, 0.000207237, 0.000185735, 0.000183644,
         (28): -0.00884737, 5.00678e-05, -0.00813313, 0.0082257, -0.00620866,
         (33): 3.51346e-05, -0.00620866, 3.51357e-05, -0.00618427,
         (37): 0.00625467, -0.00535474, 3.03009e-05, -0.00516382, 2.922e-05,
         (42): 2.79016e-05, 0.00493066, -0.00375594, 0.00379869, -0.00348067,
         (47): 1.96969e-05, -0.00327212, 0.00330936, 1.83056e-05, 0.00323499,
         (52): 1.83058e-05, 0.00323499, 0.000254976, 0.000252105,
         (56): -0.00282261, 1.59729e-05, -0.00272067, 1.53956e-05,
         (60): -6.2055e-06, -6.13539e-06, -0.00017253, -0.000170587,
         (64): 4.0133e-05, 3.96804e-05, -0.00199213, 0.00201481, -0.00199213,
         (69): 0.00201481, -0.00163883, 0.00165748, 8.15937e-05, 8.06747e-05,
         (74): -0.00123035, 6.96295e-06, 6.51759e-06, 0.0011517, 9.46142e-05,
         (79): 9.35498e-05, -0.0010985, 6.21628e-06, 3.35314e-07,
         (83): 3.31564e-07, 0, 0, 0, 0, -0.00732247, 0.0295168, -0.00497662,
         (91): -0.00826046, -0.00698758, 0.00420977, 0.0164304, 0.0272721,
         (96): 0.00548829, 0.00136154, 0.0101349, 0.0168224, 0.024314,
         (101): 0.00603177, -4.51429e-05, 0.000181936, -0.000633301,
         (105): 0.00255281, -0.00577199, -0.00958067, 0.00368792,
         (109): 0.000914879, 0.000921164, -0.000554965, 0.00726931,
         (113): 0.00180336, 0.00969128, 0.0024042, 0.00804156, -0.00484475,
         (118): 0.00193987, -0.00781958, 0.00198702, -0.0011971, 0.00198705,
         (123): -0.00119711, 0.00130915, -0.00527712, 0.00142652,
         (127): -0.000859432, 0.00280874, -0.0016922, -0.00180614,
         (131): -0.00299795, -0.000677894, 0.00273254, 0.0031458,
         (135): -0.00189523, 0.000589257, -0.00237535, 0.00191785,
         (139): 0.00318334, 0.00191785, 0.00318335, 0.00272002, 0.00067478,
         (144): 0.000368886, -0.00022224, 0.000984634, -0.000593216,
         (148): 0.000798051, 0.000197986, 0.000670736, 0.000166405,
         (152): -0.000757101, -0.000187819, -0.000365066, 0.00147154,
         (156): -0.000365059, 0.00147153, 0.00027786, -0.00112005, 0.0016246,
         (161): 0.000403027, 4.59411e-05, -2.76761e-05, 0.000167875,
         (165): 0.000278638, 0.000852049, 0.000211373, 0.000644168,
         (169): -0.000388097, -0.000661351, -0.000164066, 0, 0, 0, 0,
         (176): -0.00270525, 0.0346494, 0.0130042, 0.00750077, 0.0236735,
         (181): 0.00678714, -0.00494685, -0.000465947, -0.0196942,
         (185): -0.0355258, 0.00359693, 0.0123485, -5.19286e-08,
         (189): -1.47534e-08, -0.000304065, -0.000367286, 0.000770257,
         (193): -0.0014034, -0.000700298, 0.0024426, -0.00518336,
         (197): -0.00428175, -0.00921967, -0.00455188, 0.00316373,
         (201): 0.00381129, -0.000647671, 0.00122625, 0.00351955,
         (205): -0.00102517, -0.000787227, -0.000950889, 0.00247392,
         (209): -8.70502e-05, -0.00124338, -0.00102551, -0.000903068,
         (213): 0.00164538, 0.000344418, -0.000100333, -0.00176548,
         (217): 0.000514248, -1.92211e-09, -2.76123e-09, -0.00085335,
         (221): -0.0018109, 0.000900879, -0.000294105, 0.00149029,
         (225): -0.00271531, -0.00105391, -0.00148746, 0.00113358,
         (229): 0.00120956, 0.000184226, -0.000764793, 0.00317603,
         (233): -0.000622609, -0.00290375, -0.000917367, -0.00121893,
         (237): -0.000669007, -0.000957393, -0.00172701, 0.00057164,
         (241): 0.000313744, -7.17007e-05, -0.00105522, -0.00109373,
         (245): 0.00129605, -0.000964312, 0.000406043, -0.000662577,
         (249): -0.000126996, -9.92936e-06, 0.000105421, -0.000263653,
         (253): 7.00543e-05, -0.00101617, -0.000557726, -0.000559464,
         (257): 0.000162961, -0.000544068, -0.000298609, 0, 0, 0, 0,
         (264): 0.0282984, 0.0350241, 0.0248718, 0.0065305, -0.0169804,
         (269): 0.0097277, -0.00917857, -0.00365803, 0.0311477, 0.00845802,
         (274): 0.00809002, -0.00324788, -1.35255e-08, -4.53916e-08,
         (278): -0.000374566, -0.000870998, -0.000997845, -0.000426206,
         (282): -0.00100359, -0.00175177, 0.000584208, 0.00336367,
         (286): 0.00811225, -0.00730829, -0.00215691, -0.00178407,
         (290): -0.00257211, 0.00081556, -0.000925921, -0.00230611,
         (294): -0.000969929, -0.00225539, -0.00114842, -0.000452443,
         (298): 0.00141756, -0.00174466, 0.00116997, 0.000499624,
         (302): -9.04821e-05, -0.000225221, 0.000464444, 0.00115703,
         (306): -5.23992e-08, -3.22965e-08, -0.00170211, -0.00332471,
         (310): -0.000211965, -0.000648838, -0.00193068, -0.000824542,
         (314): -0.00211932, -9.6513e-05, 0.00223351, 0.000295774,
         (318): 0.00135672, -0.000325301, -0.00107301, -0.00152313,
         (322): 0.00214948, -0.00134992, -0.000370122, 0.000866783,
         (326): 0.00151411, 0.000411179, 0.00017362, -0.000406455,
         (330): -0.000896347, -0.00129812, 0.000835776, -0.000180823,
         (334): 0.000122372, -0.00099044, -0.000556597, 0.000524191,
         (338): -7.78029e-05, 0.000195233, -0.00047809, -0.000241653,
         (342): -0.000308547, 0.000722611, 0.000147138, 0.0003666,
         (346): -0.000165203, 0.000386885, 0, 0, 0, 0
         }
      }
   }
   GROUP "KPOINT10" {
      ATTRIBUTE "twfcollect" {
         DATATYPE  H5T_STD_I32LE
         DATASPACE  SIMPLE { ( 1 ) / ( 1 ) }
         DATA {
         (0): 0
         }
      }
      DATASET "BAND0" {
         DATATYPE  H5T_IEEE_F64LE
         DATASPACE  SIMPLE { ( 352 ) / ( 352 ) }
         DATA {
         (0): -0.018179, 0.0127916, -0.0146672, -0.0025514, -0.0022006,
         (5): 0.0126506, -0.00732797, -0.0104143, -0.0286532, -0.0049843,
         (10): -0.00966885, 0.00680344, -0.0151544, 0.0106634, -0.00055543,
         (15): 0.00319305, -0.0100408, 0.00706516, -0.0147677, -0.00256887,
         (20): -0.000657254, 0.00377828, -0.00427854, -0.00608052,
         (24): -0.000861525, 0.00495259, -0.0134476, -0.00233924, -0.0039782,
         (29): -0.00565369, -0.00326855, -0.00464516, -0.000523503,
         (33): 0.0030094, -0.00225278, -0.00320157, -0.00195091, -0.00277257,
         (38): -0.00212551, -0.00302071, -0.00459606, -0.000799497,
         (42): -0.00561025, -0.000975919, -0.00428482, 0.00301499,
         (46): -0.0016075, -0.00228452, -0.00368117, 0.00259024, -0.0019384,
         (51): 0.00136395, -0.000226193, 0.00130029, -0.000212893,
         (55): 0.00122383, -0.00360654, -0.000627366, -0.00346232,
         (59): -0.000602283, -0.000982994, -0.001397, -0.00225439,
         (63): -0.000392156, -0.00125572, 0.000883579, -5.45035e-05,
         (67): 0.000313325, -0.000129214, 0.000742778, -2.44329e-05,
         (71): 0.000140432, -0.000122482, 0.000704111, -0.000725524,
         (75): -0.00103109, -0.000794633, -0.000138226, -9.51739e-05,
         (79): 0.000547111, -0.000514311, -0.000730919, 5.04473e-06,
         (83): -2.90166e-05, 0, 0, 0, 0, 0.00179566, 0.0149573, 0.00670942,
         (91): -0.00854017, -0.00718418, -0.00564412, -0.00689176,
         (95): 0.000827371, -0.0045499, 0.00579139, 0.000698955, 0.00582213,
         (100): -0.00184896, -0.0154013, -0.0096165, -0.00755503,
         (104): -0.00155753, -0.0129738, -0.0048111, 0.00612386, -0.0114928,
         (109): -0.00902912, -0.00674313, 0.000809523, -0.00770463,
         (113): -0.006053, -0.000832038, 0.00105907, -0.0064785, 0.000777758,
         (118): -0.00594355, 0.000713533, -0.00573796, -0.00450792,
         (122): -0.00644776, 0.000774067, -0.00561898, 0.000674572,
         (126): -0.00390736, 0.000469087, -0.00185408, 0.00235998,
         (130): 5.21776e-05, -6.64108e-05, -0.000327297, -0.00272628,
         (134): -0.00378945, 0.000454935, -0.000226691, -0.00188827,
         (138): 2.2981e-05, 0.000191416, -0.00163737, -0.00128637,
         (142): -0.00214716, -0.00168688, 0.000216435, -0.000275488,
         (146): 0.000131116, -0.000166893, -0.00124946, 0.000149999,
         (150): -0.000871264, 0.001109, -0.000263653, -0.00219614,
         (154): -0.00102785, -0.000807515, -0.00178139, -0.00139952,
         (158): -0.00085899, -0.000674849, -0.00161909, -0.00127201,
         (162): -0.0013516, 0.000162262, 0.00033085, -0.000421125,
         (166): -0.000695561, -0.000546453, -0.000561985, 6.74674e-05,
         (170): -0.000481491, -0.000378273, 0, 0, 0, 0, 0.0542164,
         (177): -0.0041446, 0.0188187, 0.0161458, 0.0103087, -0.0120152,
         (182): 0.00159861, 0.0209119, 0.00190369, 0.0016333, -0.0137148,
         (187): 0.00104844, -0.00195307, 0.000149306, -0.010552, 0.0122989,
         (192): -0.00214447, 0.000163932, -0.000253596, -0.00021758,
         (196): -0.00727048, 0.00847409, 7.49885e-05, 0.000980843,
         (200): -0.00605184, 0.00705371, 0.00125788, 0.00107922, 0.000187771,
         (205): 0.0024563, 0.000309663, 0.00405074, -0.00106543, 0.00124181,
         (210): 0.000330184, 0.00431918, 0.000329865, 0.00431508,
         (214): 0.000208814, 0.00273154, 0.000839809, 0.000720532,
         (218): -0.00140661, -0.00120682, -0.00294036, 0.000224772,
         (222): 0.000225848, 0.00295447, 0.00165534, -0.000126548,
         (226): -0.00153202, 0.000117115, 0.00104618, -0.00121936,
         (230): -0.00106365, 0.00123973, -0.000491841, -0.000421977,
         (234): 0.000353485, 0.000303279, -3.27821e-05, -0.000428852,
         (238): -0.000231088, -0.00019826, -0.000906536, 6.92994e-05,
         (242): -0.00127839, 0.00149002, -0.000991145, 0.00115522,
         (246): -0.000147312, 0.000171702, -0.000941617, 0.0010975,
         (250): -1.3424e-05, -0.000175585, 0.000447938, 0.000384313,
         (254): -0.000846614, 0.000986767, -3.92579e-05, -0.000513532,
         (258): -0.000561726, 0.000654713, 0, 0, 0, 0, -0.0129645,
         (265): 0.00534326, -0.0051796, -0.00215623, 0.0189616, -0.0455493,
         (270): 0.0104334, 0.0253151, -2.42342e-09, -1.09771e-08,
         (274): -0.00525092, 0.00216413, -5.98732e-10, 1.15204e-09,
         (278): 0.00259144, -0.00622516, -0.00318117, 0.00131109,
         (282): 1.48335e-08, -6.80848e-09, -2.65451e-08, 5.97449e-08,
         (286): -0.00389257, -0.00944469, -0.00195002, 0.00468429,
         (290): 0.00331186, 0.00137868, 0.000671042, 0.00162816, 0.000432469,
         (295): 0.00104935, -2.10916e-05, 5.06953e-05, 0.000423313,
         (299): 0.00102709, -9.6703e-05, -0.000234635, 0.000203828,
         (303): 0.00049458, -0.000562782, -0.000234289, 0.00113195,
         (307): 0.000471216, 0.00044554, -0.00018362, -0.000207663,
         (311): -0.00050386, -0.00138545, 0.00057101, -2.29814e-08,
         (315): 7.94016e-09, 0.000104742, -0.000251597, 0.000539431,
         (319): -0.0012958, 0.00179682, 0.000747993, -0.00227026,
         (323): -0.000945079, 0.000695015, 0.00168635, 0.00122378,
         (327): 0.000509448, -0.000902057, 0.000371785, 0.00023414,
         (331): -0.000562441, 0.000464543, -0.00111591, 0.000316884,
         (335): -0.000761222, -0.000543981, 0.00130676, -0.00051971,
         (339): -0.001261, -7.21129e-05, -3.0021e-05, 0.000329496,
         (343): -0.000791502, -3.42664e-09, -4.60102e-09, -7.09355e-05,
         (347): 0.000170393, 0, 0, 0, 0
         }
      }
   }
   GROUP "KPOINT2" {
      ATTRIBUTE "twfcollect" {
         DATATYPE  H5T_STD_I32LE
         DATASPACE  SIMPLE { ( 1 ) / ( 1 ) }
         DATA {
         (0): 0
         }
      }
      DATASET "BAND0" {
         DATATYPE  H5T_IEEE_F64LE
         DATASPACE  SIMPLE { ( 352 ) / ( 352 ) }
         DATA {
         (0): -0.0187838, 0.00698038, -0.00969911, -0.00444348, -0.002514,
         (5): 0.00548748, -0.00492614, -0.013256, -0.0111338, 0.00413752,
         (10): -0.0122752, 0.00456166, -0.0221078, -0.0101283, -0.000324328,
         (15): 0.000707931, -0.0108151, 0.00401908, -0.0152142, -0.00697011,
         (20): 7.16372e-05, -0.000156363, -0.00331987, -0.00893359,
         (24): -0.0003853, 0.000841022, -0.0119775, -0.00548729, -0.00272576,
         (29): -0.00733486, -0.000119333, 0.000260481, -0.00255806,
         (33): -0.00688359, -0.00218091, -0.0058687, -0.0073724, -0.00337754,
         (38): -0.00189748, -0.005106, -0.00176329, -0.00474491, -0.00138914,
         (43): -0.00373809, -0.00398363, 0.00148039, -0.00488324,
         (47): -0.00223717, -0.00329421, 0.00122419, -0.00281231, 0.0010451,
         (52): -0.00364463, -0.00166973, 9.10106e-06, -1.98627e-05,
         (56): -0.000118357, 0.000258348, -0.000827144, -0.0022258,
         (60): -0.00260636, -0.00119406, -0.000782959, -0.0021069,
         (64): 5.92084e-05, -0.000129239, -7.73257e-05, 0.000168791,
         (68): -0.0024833, -0.00113768, -2.48931e-06, 5.43563e-06,
         (72): -8.44584e-05, 0.000184354, -0.00168588, -0.000772358,
         (76): -0.000372469, -0.00100229, -0.00103336, 0.000384015,
         (80): -0.00063688, 0.000236677, 2.00374e-06, -4.37333e-06,
         (84): -0.000354114, -0.000952899, 0, 0, -0.00648354, 0.0166089,
         (90): 0.0115807, -0.00507778, -0.00223284, -0.00509235, -0.00223782,
         (95): -0.000873573, 0.00697128, -0.0178584, 0.00908867, -0.0232827,
         (100): 0.00127865, -0.000560662, -0.00920812, -0.0210003,
         (104): -0.0023014, 0.00589562, 0.00227492, -0.000997478, -0.0036731,
         (109): -0.00837694, -0.00204452, -0.00079811, -0.00433995,
         (113): -0.00989782, -0.0057339, 0.00251412, -0.00754716,
         (117): -0.00294616, -0.00365326, -0.00833154, -0.00315224,
         (121): -0.00123049, -0.00319546, -0.00124739, -0.00385798,
         (125): 0.00169159, -0.00278965, -0.00108893, -0.00392216,
         (129): -0.00153107, -0.00408947, -0.00159636, -0.000479259,
         (133): 0.0012277, 0.00277542, -0.00121694, 0.00167156, -0.00428199,
         (138): 0.0010647, -0.00272745, -0.00126565, 0.000554954,
         (142): -0.000676024, -0.00154175, -0.000881299, -0.00200988,
         (146): -0.000300218, -0.000117195, 0.00150001, -0.000657701,
         (150): -0.000744526, -0.000290631, -0.000361328, -0.000824057,
         (154): -0.00103653, -0.00236394, 0.00111515, -0.000488974,
         (158): -1.60522e-05, -3.65738e-05, -0.000542288, -0.00123678,
         (162): -0.000502887, 0.000220535, -7.05681e-05, -2.75562e-05,
         (166): 0.000201308, -0.000515696, 0.000407051, -0.00104276,
         (170): -0.000668847, -0.0015254, -0.000842801, -0.000328981, 0, 0,
         (176): -0.00349424, 0.00817421, -0.00816976, 0.00327617, -0.019,
         (181): -0.0473748, 0.0202745, 0.00866735, -0.00307555, 0.00719441,
         (186): -7.51551e-08, -1.22462e-07, 3.20802e-09, -1.16872e-08,
         (190): 1.55043e-07, 1.34539e-07, -0.00122047, 0.00285506,
         (194): 0.00260846, -0.00104616, -0.00232213, -0.00578996,
         (198): -0.0102718, -0.00439113, 0.0014095, 0.00351476, 5.5571e-08,
         (203): -9.81896e-08, 0.00252496, 0.00107933, 0.000445484,
         (207): 0.00111079, 0.00253376, 0.0010831, -5.84179e-05,
         (211): -2.49791e-05, -0.00144065, 0.000577748, 0.000276065,
         (215): 0.000118039, -0.00151885, -0.000649334, 0.000589066,
         (219): 0.000251797, 5.09428e-09, 1.94606e-08, 0.00108137,
         (223): -0.000433694, 0.00029439, -0.000688668, -0.000375085,
         (227): 0.000877424, 0.0022589, -0.000905949, -0.000393563,
         (231): -0.000981324, -0.000199503, -0.000497487, 0.00248867,
         (235): 0.00106389, 0.00122014, -0.000489337, -0.00230025,
         (239): -0.000983365, -0.000657967, -0.00164059, -0.000212325,
         (243): -0.000529442, -0.00184253, 0.000738951, 0.000186389,
         (247): 0.000464713, -0.000340873, -0.000849942, -0.000747175,
         (251): 0.000299649, 1.17568e-08, -5.2527e-10, -7.37054e-05,
         (255): 0.00017239, -0.000241639, 0.000565255, -0.000166086,
         (259): -0.00041418, -0.000444738, -0.00019013, 0, 0, 0.00689344,
         (265): -0.0334141, 0.0227201, -0.014949, -0.00994374, -0.0151129,
         (270): 0.0187616, 0.00387057, 0.00107879, -0.00522916, -0.000587791,
         (275): 0.00284903, 0.0019829, -0.00130466, 0.00614832, 0.00934453,
         (280): -0.00272136, 0.0131912, 0.00246456, -0.00162158, 0.00619568,
         (285): 0.00941654, -0.00244417, -0.000504211, 0.00353871,
         (289): 0.00537837, -0.00198204, 0.0013041, 0.00371311, 0.00076602,
         (294): 0.0012715, 0.00193249, 0.00231643, 0.000477867, 0.00220237,
         (299): 0.000454341, 0.000441349, -0.000290389, 0.00221665,
         (303): 0.000457301, 0.00307932, 0.000635258, 0.00188499,
         (307): 0.000388864, -0.000626563, 0.0030371, -0.00190018,
         (311): 0.00125025, -0.000427872, 0.00207401, 0.000482295,
         (315): -0.00233781, -0.00115244, 0.000758247, 0.00123986,
         (319): 0.00188441, -0.00070655, -0.00107385, -0.000215404,
         (323): -4.44486e-05, -0.000365472, 0.000240471, -0.000578147,
         (327): -0.000119279, 8.52418e-05, 0.000129571, 0.000612029,
         (331): 0.000930189, 0.000958756, -0.000630829, 0.0007739, 0.0011762,
         (336): 0.000644462, 0.000979483, -0.000483024, 0.000317805,
         (340): 0.000190152, 3.92212e-05, -0.000152746, 0.000740355,
         (344): -0.000107788, 0.000522478, 0.000356044, 0.00054113,
         (348): 0.000566742, 0.000116924, 0, 0
         }
      }
   }
   GROUP "KPOINT3" {
      ATTRIBUTE "twfcollect" {
         DATATYPE  H5T_STD_I32LE
         DATASPACE  SIMPLE { ( 1 ) / ( 1 ) }
         DATA {
         (0): 0
         }
      }
      DATASET "BAND0" {
         DATATYPE  H5T_IEEE_F64LE
         DATASPACE  SIMPLE { ( 352 ) / ( 352 ) }
         DATA {
         (0): 0.0207714, 0.0127636, 0.00883944, -0.00211076, 0.00227248,
         (5): 0.00951671, 0.00692178, 0.0289871, -0.00670634, 0.0109138,
         (10): 0.00933858, 0.00573837, 0.00950813, 0.00584256, 0.010527,
         (15): 0.0064686, 0.00031179, -7.44496e-05, -3.1825e-05, 7.59446e-06,
         (20): 0.00387141, 0.0162127, -0.00477052, 0.00776352, 0.00347967,
         (25): 0.0145722, 0.00164173, -0.000392027, -0.00449785, 0.00731974,
         (30): -0.00353375, 0.00575078, 0.000335603, -8.01442e-05,
         (34): -0.0032839, 0.00534421, -0.00287897, 0.0046852, -0.00235603,
         (39): 0.00383418, 0.00170269, 0.00713053, -0.00256163, 0.00416876,
         (44): 0.00125157, 0.00524134, 0.00303268, 0.00186353, 0.00328559,
         (49): 0.00201893, 0.000286881, -6.85044e-05, 0.00236621, 0.00145399,
         (54): -3.005e-05, 7.17359e-06, 0.000767244, 0.00321307, 0.0006756,
         (59): 0.00282928, 0.000245242, -5.8562e-05, -0.00100089, 0.00162884,
         (64): 0.000610636, 0.00255722, -9.94737e-05, 2.37527e-05,
         (68): -0.000913119, 0.00148599, -3.46038e-05, 8.26327e-06,
         (72): 0.000282797, -6.75291e-05, 0.000655961, 0.000403073,
         (76): 4.04911e-05, -9.66978e-06, 4.41739e-05, -1.05501e-05,
         (80): 0.000146341, 0.000612852, 0, 0, 0, 0, 0, 0, 0.0322631,
         (89): 0.0111432, -0.00514362, 0.00250266, -0.00191722, -0.00394032,
         (94): -0.000297099, -0.000610557, -0.00337305, 0.00976604,
         (98): -0.0168614, -0.00582372, -0.0179077, -0.00618505,
         (102): -0.000953678, -0.000329407, -0.0203428, 0.00989805,
         (106): -0.0138534, 0.0067405, -0.000520789, -0.00107036, -0.0015949,
         (111): 0.00461777, 0.00192226, 0.00395079, -0.0121693, 0.00592113,
         (116): -0.00166797, 0.00482927, -0.00251449, 0.00728012,
         (120): -0.00690458, 0.0033595, -0.00171374, 0.00496191, -0.00149723,
         (125): 0.00433488, -0.00186133, 0.00538917, 0.00132306, 0.0027192,
         (130): -0.0016132, 0.00467067, -0.00113867, -0.00234029,
         (134): -0.000522889, -0.000180589, -0.00467573, -0.00161493,
         (138): -0.00328892, 0.00160025, -0.00177619, -0.000613468,
         (142): -0.00231544, 0.00112659, 0.000290217, 0.000596424,
         (146): -0.000564427, -0.00116002, -0.00130763, 0.000636241,
         (150): -0.000108346, 0.000313676, -0.000276475, -0.000568246,
         (154): -0.000895605, 0.000435765, -0.000203979, 0.000590594,
         (158): -0.000602823, 0.000293322, -0.00172542, 0.000839513,
         (162): -0.0017265, -0.00059631, -0.00217564, 0.00105857,
         (166): -0.00187032, 0.000910009, 9.45579e-06, 1.94399e-05, 0, 0, 0,
         (173): 0, 0, 0, -0.0250924, -0.0244127, -0.0131702, 0.00018077,
         (180): -0.000240215, -0.0175009, -5.3803e-05, -0.00392017,
         (184): 0.0106598, -0.0109566, -0.00545462, -0.00530687, -0.0026721,
         (189): -0.00259972, 0.0120315, 0.0117056, 0.00432138, -5.93146e-05,
         (194): 0.00978367, -0.000134332, -4.80293e-05, -0.00349944,
         (198): 0.000323905, -0.000332932, 5.18986e-05, 0.00377967,
         (202): 0.00429493, -5.8975e-05, 0.00124095, -0.0012755, 0.00109173,
         (207): -0.00112212, -0.000473819, 6.51701e-06, 0.00158801,
         (211): -0.00163222, 0.00140922, -0.00144846, 0.000839405,
         (215): -0.000862769, 1.23841e-05, 0.000901153, 0.00116043,
         (219): -0.00119274, 7.86909e-06, 0.000573471, 0.00200113,
         (223): 0.00194693, 0.000445132, 0.000433079, 0.000536351,
         (227): -7.36004e-06, -0.00162111, -0.0015772, 0.00190389,
         (231): -2.61405e-05, 1.55441e-05, 0.00113206, -5.33093e-06,
         (235): -0.000388467, -0.00128493, 1.76438e-05, -5.85517e-05,
         (239): 6.01858e-05, -1.76943e-05, -0.00128905, -3.26397e-05,
         (243): 4.48226e-07, -0.000318131, 0.000326989, 0.000986815,
         (247): -1.35457e-05, 0.00106177, -1.45777e-05, -5.40194e-05,
         (251): -5.25591e-05, 0.000126234, -1.73198e-06, 0.000168643,
         (255): -2.31586e-06, -4.59397e-06, -0.000334625, 0, 0, 0, 0, 0, 0,
         (264): -0.0091297, 0.00831397, 0.00245126, -0.0524108, -0.00296882,
         (269): -0.000139021, 9.25235e-09, -4.73786e-08, 0.0126727,
         (273): 0.0139164, -0.00415577, 0.00378437, 3.46342e-08,
         (277): -5.67456e-08, -0.0029988, 0.00273085, 5.89181e-08,
         (281): -5.47446e-09, 0.00021283, -0.00455038, 0.00304368,
         (285): 0.000142371, -0.00707951, -0.00777419, 5.1103e-09,
         (289): -5.45269e-08, -0.000141054, 0.00301484, 0.00143697,
         (293): 0.00157793, 0.00115553, 0.00126887, -3.5619e-05, 0.000762099,
         (298): 0.000575789, 0.000632304, 6.57152e-05, 7.21599e-05,
         (302): 5.60784e-05, 6.15672e-05, -0.00120151, -5.62163e-05,
         (306): -0.000839335, -0.000921731, 0.0013977, 6.5383e-05,
         (310): -5.72483e-09, -8.31035e-09, 0.000286244, -0.000260674,
         (314): 4.58845e-05, -0.000980962, -0.000589581, 0.000536908,
         (318): 3.63234e-05, -0.00077652, 0.00177323, 8.29284e-05,
         (322): 0.00149119, 6.97461e-05, 1.80662e-05, -0.000385929,
         (326): 0.00125565, 0.00137886, -0.00176805, -8.26941e-05,
         (330): 5.2199e-05, -0.00111599, -0.00112013, -0.00123006,
         (334): -1.32163e-05, 0.000282697, 4.11302e-05, -0.000879404,
         (338): -0.000462343, 0.000421024, 3.48655e-05, -0.000745336,
         (342): -4.0187e-05, 0.000859283, -7.97321e-05, -3.73757e-06, 0, 0,
         (348): 0, 0, 0, 0
         }
      }
   }
   GROUP "KPOINT4" {
      ATTRIBUTE "twfcollect" {
         DATATYPE  H5T_STD_I32LE
         DATASPACE  SIMPLE { ( 1 ) / ( 1 ) }
         DATA {
         (0): 0
         }
      }
      DATASET "BAND0" {
         DATATYPE  H5T_IEEE_F64LE
         DATASPACE  SIMPLE { ( 352 ) / ( 352 ) }
         DATA {
         (0): 0.0206622, -0.0209615, -0.000100798, -0.0140186, 0.0378878,
         (5): -0.000272425, 0.00889957, -6.39829e-05, 0.00779299, 0.00768173,
         (10): 0.00924333, -0.00937723, 0.00748524, -0.00759368,
         (14): -4.93211e-06, -0.00068529, 0.00694394, -0.00704453, 0.0172258,
         (19): -0.00012386, -3.99571e-06, -0.000555838, 0.016516,
         (23): -0.000118753, 0.00577209, 0.00568966, 0.00715226, 0.00705014,
         (28): -2.1907e-05, -0.0030471, 0.0042965, 0.00423515, 0.00399138,
         (33): 0.0039344, 0.00350879, 0.00345871, 0.00377681, 0.0037229,
         (38): -4.22145e-06, -0.000587142, 0.00654452, -4.70601e-05,
         (42): 0.00325949, 0.00321296, 0.00543414, -3.90776e-05, 0.00310331,
         (47): -0.00314825, -4.43273e-06, -0.000615894, 0.00207652,
         (51): -0.00210659, -2.91645e-07, -4.13934e-05, 0.00180075,
         (55): -0.00182683, 0.00297236, -2.13726e-05, 0.00269311,
         (59): -1.93649e-05, -1.71736e-06, -0.000238455, 0.000694459,
         (63): -0.00070452, -1.52919e-06, -0.000212241, -3.43583e-06,
         (67): -0.000478076, 0.00251715, -1.81018e-05, 0.00104111,
         (71): 0.00102625, -1.44943e-07, -2.00686e-05, -1.46683e-06,
         (75): -0.000203703, 0.000725655, -5.21632e-06, 0.000929978,
         (79): 0.0009167, 5.20294e-07, 7.24359e-05, 0, 0, 0, 0, 0, 0,
         (88): 0.0349381, -0.037727, 0.000237987, 0.00620096, 0.00182323,
         (93): -6.99675e-05, -0.000423525, 1.62705e-05, 0.0103902,
         (97): 0.00962212, -0.00470259, 0.00507791, -0.0103593, 0.0111862,
         (102): 0.000724444, 0.0188759, -0.00913106, 0.00985996, 0.00290051,
         (107): -0.000111309, 0.000763083, 0.0198826, 0.000322241,
         (111): -1.23729e-05, 0.00559178, 0.00517839, 0.00519315, 0.00480927,
         (116): 0.000535054, 0.0139409, 0.00477322, 0.00442034, 0.00496013,
         (121): 0.0045935, 0.00503908, 0.0046666, 0.00418424, 0.00387499,
         (126): 0.000230445, 0.00600533, 0.00209157, -8.02869e-05,
         (130): 0.00365018, 0.00338039, -0.00161611, 6.20201e-05,
         (134): -0.00301522, 0.00325592, 0.00017865, 0.00465544,
         (138): -0.000943844, 0.00101919, 0.000115456, 0.00300785,
         (142): -0.000711831, 0.00076866, -0.000689548, 2.64689e-05,
         (146): 0.000348059, -1.33594e-05, 0.000117082, 0.00305095,
         (150): -0.00150527, 0.00162542, 3.62524e-05, 0.00094493,
         (154): 8.80011e-05, 0.00229265, -9.88044e-05, 3.78855e-06,
         (158): 0.000285935, 0.000264791, 3.51902e-05, 0.000916854,
         (162): 9.07358e-05, 0.0023642, -9.67764e-05, 3.71315e-06,
         (166): 0.000388375, 0.000359664, 3.36105e-05, 0.000875691, 0, 0, 0,
         (173): 0, 0, 0, -0.0148631, -0.0255728, -0.00997933, -0.00264314,
         (180): 0.000677952, -0.00255963, 0.00298871, -0.0112841, 0.00837099,
         (185): -0.00486527, 0.00846277, 0.0145608, -0.00538581, -0.00926665,
         (190): 0.00490674, 0.0012996, -0.00304447, -0.00523822, -0.00143706,
         (195): 0.0054258, -0.00289016, -0.000765456, 0.000715925,
         (199): -0.00270308, 0.000313624, -0.000182283, -0.000220374,
         (203): 0.000128095, 0.00105268, 0.000278809, 0.000655486,
         (207): -0.000380971, -0.000875351, 0.000508765, -0.000563624,
         (211): 0.000327587, 0.00058239, -0.000338488, -0.00195959,
         (215): -0.000518998, -0.000438479, 0.00165553, -0.000217154,
         (219): 0.000126217, 4.54772e-05, -0.000171718, -0.00027623,
         (223): -0.000475277, -0.000372608, -9.86842e-05, 0.000843533,
         (227): 0.00145134, 0.00104321, 0.000276305, -0.000905436,
         (231): -0.00155786, 0.000165404, -0.000624505, -0.000238991,
         (235): 0.000902353, -0.000756341, -0.000200322, -0.000507902,
         (239): -0.000873877, -0.00104375, -0.000276443, 0.000714053,
         (243): 0.000189123, 0.000264629, -0.000999137, -0.000144656,
         (247): 8.40756e-05, -0.000349536, -9.25767e-05, -0.000513006,
         (251): -0.000135871, 0.000178826, -0.000675173, -0.000476844,
         (255): 0.000277147, 0.000276641, 7.32748e-05, 0, 0, 0, 0, 0, 0,
         (264): -0.0177942, 0.000454038, 0.0367736, -0.0386988, 4.38249e-08,
         (269): 1.07308e-08, -0.000132682, -0.000126171, 0.000446968,
         (273): 0.0175237, -0.00536544, 0.000136888, -0.00443557,
         (277): 0.000113119, 0.00226961, -0.00238842, 1.63597e-08,
         (281): 1.34392e-08, 3.18849e-08, 6.7345e-09, -1.72142e-09,
         (285): 5.75456e-08, 0.0023363, 0.00222008, -0.00025709, -0.0100782,
         (290): 3.0183e-05, 0.00118182, -0.00204943, 0.00215671, 3.23174e-05,
         (295): 0.00126671, 2.29103e-05, 0.000897165, -1.52541e-05,
         (299): -0.000598581, -1.64842e-06, -6.46678e-05, -0.000157361,
         (303): 0.000165643, -0.000661511, -0.000628619, -2.16057e-05,
         (307): -0.00084752, 0.00104929, 0.000997101, 0.000128041,
         (311): -3.2621e-06, 0.00112864, -0.00118771, 7.34442e-09,
         (315): -6.13691e-09, 0.000391268, -0.000411746, -0.000706469,
         (319): 1.80211e-05, 0.00108558, 0.00103158, 0.000920082,
         (323): 0.000874308, 0.000803301, -0.000845352, -0.000665682,
         (327): 1.6978e-05, 0.00014957, -0.000157386, 0.000638216,
         (331): -0.00067162, -0.0010706, -0.00101734, 2.98391e-05,
         (335): 0.00116959, 0.000385342, -0.000405511, -0.000802665,
         (339): 0.000844687, 3.47643e-05, 3.30272e-05, -2.59761e-05,
         (343): -0.00101862, -7.96236e-05, 8.38017e-05, 0, 0, 0, 0, 0, 0
         }
      }
   }
   GROUP "KPOINT5" {
      ATTRIBUTE "twfcollect" {
         DATATYPE  H5T_STD_I32LE
         DATASPACE  SIMPLE { ( 1 ) / ( 1 ) }
         DATA {
         (0): 0
         }
      }
      DATASET "BAND0" {
         DATATYPE  H5T_IEEE_F64LE
         DATASPACE  SIMPLE { ( 352 ) / ( 352 ) }
         DATA {
         (0): -0.0213051, 0.00335621, -0.00869439, -0.0063279, -0.0055221,
         (5): 0.00758722, -0.0020326, -0.0129029, -0.0146842, 0.00231322,
         (10): -0.0197722, -0.0143905, -0.0100009, 0.00157544, -0.0120798,
         (15): 0.00190294, -0.000329514, 0.000452744, -4.71878e-05,
         (19): 6.48372e-05, -0.00160231, -0.0101714, -0.0112652, -0.00819897,
         (24): -0.0111508, -0.00811574, -0.000657149, 0.000902904,
         (28): -0.000293227, 0.000402896, -0.00118624, -0.00753022,
         (32): -0.00114072, -0.00724127, -0.00113338, -0.00719471,
         (36): -0.00539334, -0.00392535, -0.000704113, -0.00446971,
         (40): -0.000643029, -0.00408195, -0.00498353, -0.0036271,
         (44): -0.000628694, -0.00399095, -0.00352061, 0.000554606,
         (48): -0.00330795, 0.000521106, -0.00330795, 0.000521105,
         (52): -0.00319769, -0.00232733, -0.00285618, -0.00207878,
         (56): -0.000342215, 0.000470194, -0.000423298, -0.00268708,
         (60): -0.00222731, -0.00162107, -1.24266e-05, 1.70735e-05,
         (64): -0.000113668, 0.000156182, -0.000295202, -0.00187393,
         (68): 6.59544e-05, -9.06196e-05, 4.56027e-05, -6.26541e-05,
         (72): -0.000735438, 0.000115854, -0.000178282, -0.00113173,
         (76): -3.00309e-05, 4.12604e-05, -0.001334, -0.00097091,
         (80): -0.000116668, 0.000160299, 7.85123e-06, -1.07825e-05, 0, 0, 0,
         (87): 0, 0.00496403, -0.000603602, -0.0122972, -0.0096308,
         (92): -0.00255468, 0.003262, 0.00065563, 0.00539178, -0.0248807,
         (97): 0.00302553, -0.000835633, -0.000654443, -0.017364, 0.00211148,
         (102): 0.00464113, -0.000564376, -0.0118847, 0.0151753, -0.00602813,
         (107): 0.00769715, 0.000264531, 0.00217532, -0.00182326, -0.0014279,
         (112): 0.00446442, 0.00349639, -0.00611344, 0.0078061, -0.00618519,
         (117): 0.0078977, 0.000957083, 0.00787057, 0.000489733, 0.00402737,
         (122): 0.000472994, 0.00388971, 0.00208623, 0.00163388, 0.000264297,
         (127): 0.00217349, 0.000509517, 0.00419009, -0.00172193,
         (131): -0.00134853, 0.000351789, 0.00289295, 0.000629304,
         (135): -7.65351e-05, -0.00349096, 0.0004245, -0.00349096,
         (139): 0.000424508, 0.0015199, 0.00119033, -0.00116205,
         (143): -0.000910064, -0.00167619, 0.00214028, 0.000142353,
         (147): 0.00117062, -0.00115177, -0.000902033, -0.000697384,
         (151): 0.000890453, -0.00129731, 0.00165648, 9.85967e-05,
         (155): 0.000810772, -0.000213023, 0.00027201, -0.000569051,
         (159): 0.00072662, -0.00179769, 0.000218603, 3.35308e-05,
         (163): 0.000275724, -0.00132342, 0.00168985, 0.00038328,
         (167): 0.000300173, -0.000477081, 0.000609162, -0.000889109,
         (171): 0.00113527, 0, 0, 0, 0, 0.00143264, 0.00278965, 0.00661542,
         (179): -0.020584, -0.0542689, -0.0174412, 0.0219243, -0.0112595,
         (184): -0.000942318, -0.00183477, 0.000826399, -0.00257133,
         (188): 0.000687399, 0.00133844, 0.00593252, 0.0115517, 0.00896881,
         (193): 0.00288245, 0.0024757, 0.000795652, -0.00960583, 0.00493316,
         (198): 0.00155416, -0.0048358, 0.000448298, -0.00139488, 0.00423596,
         (203): 0.00136136, 0.00393576, 0.0012649, 0.00587154, -0.0030154,
         (208): 0.00255013, -0.00130967, 0.00537278, -0.00275926,
         (212): 0.000119163, -0.000370738, 0.00149587, -0.000768235,
         (216): 0.00312496, -0.00160486, 0.000133672, -0.000415894,
         (220): 0.0012285, -0.000630916, 0.000788705, 0.00153577,
         (224): 2.24582e-05, 4.37393e-05, 2.24645e-05, 4.37423e-05,
         (228): 0.00038333, -0.00119277, 0.000485454, -0.0015105,
         (232): -0.000477981, -0.000153607, 0.00210777, -0.00108247,
         (236): -0.000344683, 0.00107249, 0.000320313, 0.000102943,
         (240): 0.000292509, 9.40219e-05, -0.00119805, 0.000615271,
         (244): 0.00144836, 0.000465481, -0.000660084, -0.000212145,
         (248): 0.000301859, 0.000587778, 0.000101672, -5.22164e-05,
         (252): 0.00110845, 0.000356237, -0.000253914, 0.000790069,
         (256): -0.000259907, -8.3529e-05, 0.000166676, 5.35736e-05, 0, 0, 0,
         (263): 0, -0.0532886, -0.0129402, -0.01674, -0.0274777, 6.58081e-08,
         (269): -1.16334e-07, -7.30367e-09, 8.24408e-09, 0.00379183,
         (273): 0.000920778, 2.99322e-05, 4.91148e-05, -0.00530212,
         (277): -0.00128752, 6.45932e-09, 1.02673e-08, 6.99297e-08,
         (281): -8.83667e-08, 0.0101398, -0.00617745, -0.000228095,
         (285): 0.000939282, 0.000555201, 0.000911355, 0.00144181,
         (289): 0.00236662, 0.000485427, -0.000295746, -0.00075658,
         (293): 0.000460935, -0.000709351, 0.00292107, 0.00031151,
         (297): -0.00128279, -0.000688402, 0.00283493, -0.000539242,
         (301): -0.000885101, 0.000270333, -0.0011132, -0.00031621,
         (305): 0.00130213, 0.00178867, 0.00293596, 0.000466163, -0.00191968,
         (310): 7.84395e-09, -2.0729e-10, 0.00273019, 0.000662985,
         (314): -0.00273018, -0.000662977, 0.00106422, 0.00174683,
         (318): 0.000898537, 0.00147488, -0.00177951, 0.00108414,
         (322): -0.000597152, 0.00245906, -0.000456152, -0.000748741,
         (326): 0.00162369, -0.000989193, 0.000891829, -0.000543329,
         (330): -7.45666e-05, 0.000307045, -0.000552815, 0.00033679,
         (334): -2.75115e-09, 3.08099e-10, -4.29054e-09, -2.07328e-09,
         (338): -9.80448e-05, 0.00040376, 5.11697e-05, -3.11723e-05,
         (342): 5.69159e-06, 9.34981e-06, 0.00137361, -0.000836834,
         (346): 0.000497441, -0.000303057, 0, 0, 0, 0
         }
      }
   }
   GROUP "KPOINT6" {
      ATTRIBUTE "twfcollect" {
         DATATYPE  H5T_STD_I32LE
         DATASPACE  SIMPLE { ( 1 ) / ( 1 ) }
         DATA {
         (0): 0
         }
      }
      DATASET "BAND0" {
         DATATYPE  H5T_IEEE_F64LE
         DATASPACE  SIMPLE { ( 352 ) / ( 352 ) }
         DATA {
         (0): -0.0253485, -0.00509611, -0.0122869, 0.00817346, -0.00577736,
         (5): -0.00868487, -0.0166436, -0.0250197, 0.00233253, -0.0116023,
         (10): -0.0124722, -0.00250744, -0.0131644, -0.00264661, -0.00067405,
         (15): 0.000448389, -0.00971685, -0.00195349, 0.00185497,
         (19): -0.00922681, -0.000677766, 0.000450865, -0.0085916,
         (23): -0.0129154, -0.0076904, -0.0115607, -0.00184078, 0.00122452,
         (28): 0.00166331, -0.00827349, 0.00141819, -0.00705424,
         (32): -0.000679692, 0.000452142, 0.00125187, -0.00622696,
         (36): 0.000880489, -0.00437963, 0.000869428, -0.00432464,
         (40): -0.00323012, -0.00485571, -0.00348147, -0.00523356,
         (44): 0.000727783, -0.00362007, -0.0028369, -0.000570338,
         (48): -0.00373637, -0.000751168, -0.00204076, -0.00306779,
         (52): -0.00312055, -0.000627362, -0.000370841, 0.000246691,
         (56): -0.00179143, -0.00269299, -0.000498895, 0.00033187,
         (60): 0.00044011, -0.00218915, -6.24573e-05, 4.15497e-05,
         (64): -0.000928848, -0.000186737, -0.00145582, -0.00218848,
         (68): -0.000164743, 0.000109592, 0.000263769, -0.00131201,
         (72): 0.000131674, -8.75922e-05, -4.25424e-05, 2.83022e-05,
         (76): -0.000132028, 8.78281e-05, -0.000361741, -0.000543792,
         (80): -0.00027801, 0.000184939, 0.000186808, -0.000929185, 0, 0, 0,
         (87): 0, 0.0151019, 0.00715093, -0.00240634, 0.000859781,
         (92): -0.00264648, -0.00740682, 0.000190522, 0.000533169,
         (96): -0.00411909, 0.00869907, 0.000934623, 0.00044255, -0.0173814,
         (101): -0.00823027, -0.0141603, 0.00505954, -0.0150836, -0.00714225,
         (106): -0.00179513, 0.0037911, -0.0178456, 0.00637629, 0.00181269,
         (111): 0.00507331, -0.00033351, -0.000933342, -0.0103879,
         (115): 0.00371161, -0.00231047, 0.00487943, -0.00254484, 0.00537439,
         (120): -0.00791868, 0.00282939, -0.00322853, 0.00681827,
         (124): -0.00228472, 0.00482511, -0.001422, 0.00300316, 0.000823572,
         (129): 0.00230498, -0.000553647, -0.00154953, -0.00157132,
         (133): 0.00331849, -0.000228205, -0.000108061, -0.00332024,
         (137): -0.00157217, -0.000365002, -0.00102154, -0.00221611,
         (141): -0.00104936, -0.00266388, 0.000951802, 0.000473312,
         (145): 0.00132468, -0.00181704, 0.000649238, -0.000421957,
         (149): 0.000891129, -0.00155376, 0.000555158, -0.0022854,
         (153): -0.00108217, -0.000324699, -0.000908738, -0.0025729,
         (157): 0.00091931, -0.000334074, 0.000705531, -0.000654734,
         (161): 0.000233945, -0.000974804, 0.000348296, -0.00194442,
         (165): 0.000694742, -9.73106e-05, -0.000272343, -0.00100858,
         (169): 0.000360362, -9.2984e-05, 0.00019638, 0, 0, 0, 0, -0.0102941,
         (177): -0.0041245, -0.0467884, 0.0200202, -0.00809206, -0.0189116,
         (182): -0.0015269, -0.00356846, 0.00789854, -0.0197134, 0.0159096,
         (187): 0.00637447, -0.00248618, -0.000996135, 0.00731369,
         (191): -0.00312945, -0.000423783, -0.000169803, -0.00274956,
         (195): 0.00686239, 0.00768296, -0.00328746, -0.000321104,
         (199): -0.000750441, -0.00193259, -0.00451657, 0.0044503,
         (203): -0.00190425, 0.00203587, -0.00508118, 0.0015682, -0.00391396,
         (208): 0.00210915, -0.000902479, 0.00183545, -0.00458096,
         (212): 0.00129347, -0.00322824, 0.000745463, -0.00186053,
         (216): -0.000130971, -0.000306086, -0.000108907, -0.000254526,
         (220): 0.000669366, -0.00167061, 0.00162521, 0.000651173,
         (224): 0.000636695, 0.000255105, -0.000600422, -0.0014032,
         (228): -0.000411076, -0.000164706, 0.000319049, -0.000136519,
         (232): -0.00020488, -0.000478816, -0.000642005, 0.000274708,
         (236): 0.000486453, -0.0012141, 0.000914165, -0.000391164,
         (240): 0.000314279, 0.000125921, 0.000249604, 0.000583346,
         (244): 0.00119367, -0.000510762, -0.000259338, 0.000647259,
         (248): 0.00106347, -0.000455049, -0.000216631, 9.26905e-05,
         (252): 0.000114436, -4.89708e-05, -0.000324062, -0.000757347,
         (256): 0.000188936, -8.0846e-05, 1.49287e-05, -3.72673e-05, 0, 0, 0,
         (263): 0, -0.0651959, -0.0262749, 0.029037, -0.0123553, -0.00273903,
         (269): -0.00643715, 8.0038e-05, 0.000188129, -0.000460934,
         (273): 0.00114371, 0.00358007, 0.00144282, 0.00213236, 0.000859358,
         (278): 0.0138361, -0.0058873, -0.00137481, -0.000554063, 0.00380775,
         (283): -0.00944816, 0.00328197, -0.00139648, 0.00155206, 0.0036476,
         (288): 0.000534733, 0.00125673, 0.00354361, -0.0015078, -0.00161339,
         (293): 0.00400334, 0.000851514, -0.00211289, -0.00202145,
         (297): 0.000860139, -0.000462238, 0.00114695, -0.000169074,
         (301): 0.000419519, 0.000623316, -0.00154663, -0.000120486,
         (305): -0.000283167, 0.000884474, 0.00207866, 0.000718256,
         (309): -0.0017822, 0.00086522, 0.000348692, 0.00207244, 0.000835218,
         (314): 0.000568916, 0.00133703, -0.00184807, -0.000744799,
         (318): 0.000972042, -0.000413613, 0.000706144, 0.00165956,
         (322): -0.00126139, 0.000536726, -0.000846585, 0.00210063,
         (326): 0.00171928, -0.000731555, 5.97643e-05, 2.40846e-05,
         (330): -0.000611599, -0.00143735, -1.81718e-05, 7.73551e-06,
         (334): 9.51236e-05, -0.000236037, -0.000133801, 5.6934e-05,
         (338): 0.000389337, -0.000165662, 0.000892299, -0.000379675,
         (342): 4.12206e-05, 9.68725e-05, 0.00146169, -0.000621954,
         (346): -0.00017827, 0.00044235, 0, 0, 0, 0
         }
      }
   }
   GROUP "KPOINT7" {
      ATTRIBUTE "twfcollect" {
         DATATYPE  H5T_STD_I32LE
         DATASPACE  SIMPLE { ( 1 ) / ( 1 ) }
         DATA {
         (0): 0
         }
      }
      DATASET "BAND0" {
         DATATYPE  H5T_IEEE_F64LE
         DATASPACE  SIMPLE { ( 352 ) / ( 352 ) }
         DATA {
         (0): -0.0238448, 0.0101372, -0.00874723, 0.0216849, -0.0341647,
         (5): -0.0137813, -0.00977646, -0.00394363, -0.0119841, 0.00509479,
         (10): -0.00342964, -0.00806725, -0.00170789, 0.00423395, -0.0155878,
         (15): -0.00628778, -0.0111034, 0.0047204, -0.0130091, 0.00553059,
         (20): -0.00262419, -0.00617265, -0.00142693, 0.00353744,
         (24): -0.00339759, -0.0079919, -0.0126046, -0.00508443, -0.00188156,
         (29): 0.0046645, -0.00228331, -0.00537085, -0.00147682, -0.00347382,
         (34): -0.000779254, 0.00193184, -0.00160737, -0.00378089,
         (38): -0.00136977, -0.00322199, -0.00594691, -0.00239886,
         (42): -0.0043528, -0.00175583, -0.00105796, -0.00248857,
         (46): -0.00438253, 0.00186314, -0.000527324, 0.00130725,
         (50): -0.00224963, 0.000956392, -0.00364234, -0.00146924,
         (54): -0.00289855, 0.00123227, -0.00160074, 0.000680521,
         (58): -0.00226843, -0.000915035, -0.000165215, 0.000409562,
         (62): -0.000291978, 0.000723824, -0.000319164, 0.000791228,
         (66): -0.000339719, 0.000842174, -0.000638097, -0.00150093,
         (70): -0.00230971, -0.00093169, -0.000841345, -0.000339376,
         (74): -0.000261458, 0.000648171, 1.29539e-05, -3.21159e-05,
         (78): -0.000125248, 0.000310488, -0.000307641, -0.000723641, 0, 0,
         (84): 0, 0, 0, 0, 0.037484, -0.0237511, 0.000769045, -0.00342914,
         (92): 0.00929417, 0.00208436, -5.66486e-05, -1.27073e-05,
         (96): -0.00313121, 0.00198404, 0.00843512, 0.0133123, -0.00453042,
         (101): 0.0202012, 0.00708045, 0.00158789, -0.0115758, 0.0073348,
         (106): -0.0104636, 0.00663011, 0.00430426, 0.006793, -0.00406143,
         (111): 0.01811, 0.00476028, 0.00751269, 0.00262494, 0.000588696,
         (116): -0.00256341, 0.0114303, 0.00483985, 0.00763828, 0.00408086,
         (121): 0.00644042, -0.00145256, 0.00647699, 0.00424596, 0.006701,
         (126): 0.00279141, 0.00440541, -4.99518e-05, -1.11996e-05,
         (130): 0.00273666, 0.000613736, 0.00256696, 0.00405117, -0.00254199,
         (135): 0.00161069, -0.000798613, 0.00356101, -0.000678755,
         (139): 0.000430079, 0.000101789, 2.28196e-05, -0.000823104,
         (143): 0.000521546, -0.00246457, 0.00156164, 0.00123263, 0.00027643,
         (148): -0.000484903, 0.00216219, -0.000248334, 0.00110733,
         (152): -0.000706086, 0.00314844, -0.000597587, 0.00266464,
         (156): 0.00056569, 0.000892774, -1.83057e-05, -4.10051e-06,
         (160): -0.0002386, -5.3516e-05, -0.000304291, 0.00135683,
         (164): -0.000216041, 0.00096332, -0.000222776, 0.000993344,
         (168): 0.000445704, 0.000703413, 0, 0, 0, 0, 0, 0, 0.0302956,
         (177): -0.012948, 0.0091436, -0.0227929, -0.000656272, -0.00026327,
         (182): 0.0145502, 0.00583696, -0.0191847, 0.00819933, 0.00534845,
         (187): 0.0125142, -0.00340661, 0.00849189, -0.00415013, -0.00166487,
         (192): 0.00384042, -0.00164135, 0.00389867, -0.00166625,
         (196): -0.000730689, -0.00170967, -0.000936085, 0.00233344,
         (200): 0.000337287, 0.000789186, 0.00227767, 0.000913706,
         (204): -0.00145757, 0.00363339, 0.000941368, 0.0022026, 0.000482934,
         (209): 0.00112996, 0.000344684, -0.000859222, 0.000349387,
         (213): 0.000817486, 0.000451805, 0.00105713, -0.000386782,
         (217): -0.00015516, -0.000750514, -0.000301078, 0.000264774,
         (221): 0.000619517, -0.000821269, 0.000351002, -3.90162e-05,
         (225): 9.72565e-05, -0.00140362, 0.000599893, 0.000701362,
         (229): 0.00028136, 0.000828679, -0.000354167, 0.00057684,
         (233): -0.000246534, -0.000579273, -0.000232381, -0.000413441,
         (237): 0.00103061, 0.000367867, -0.000917006, -0.000158974,
         (241): 0.000396288, 6.70833e-05, -0.000167224, -5.72233e-05,
         (245): -0.00013389, 4.74303e-05, 1.90273e-05, 0.00109349,
         (249): 0.000438666, -0.000244952, 0.000610609, -0.00015634,
         (253): 0.00038972, 6.72563e-05, -0.000167652, -0.000199748,
         (257): -0.00046737, 0, 0, 0, 0, 0, 0, 0.0645765, -0.0233177,
         (266): -0.0238323, 0.0507703, -0.00151195, -0.000709728,
         (270): -0.00628459, -0.00295009, 0.00488484, -0.00176385,
         (274): -0.00335208, -0.00928334, -0.00290298, 0.00618425,
         (278): -0.00427264, -0.00200564, 0.00090922, -0.0003283,
         (282): -0.00126394, 0.00045639, 0.00477757, 0.0132311, 0.000568161,
         (287): -0.00121038, -0.00218826, -0.00606024, -0.00261996,
         (291): -0.00122985, -0.000326194, 0.000694895, -0.000130918,
         (295): -0.000362563, -0.00055609, -0.00154005, 0.00121875,
         (299): -0.0025963, -0.000906574, -0.00251069, 0.000213455,
         (303): 0.000591164, -0.00116469, -0.000546718, -0.000252136,
         (307): -0.000118362, 0.000100719, 0.000278927, -0.000685636,
         (311): 0.000247571, -0.000439897, 0.000937118, -0.000113969,
         (315): 4.1153e-05, -0.00139365, -0.0006542, 0.00128068,
         (319): -0.000462434, 0.000200343, -7.23418e-05, -0.00124755,
         (323): -0.000585617, -0.000322997, 0.000688085, 0.000358788,
         (327): -0.000764331, 0.000443983, -0.00094582, -0.000459391,
         (331): 0.000978646, -0.000631883, -0.00174995, 0.00143355,
         (335): 0.00067293, -0.000594205, -0.00027893, -0.000477961,
         (339): 0.00101821, 0.000190669, -0.000406187, -2.87457e-05,
         (343): 6.12321e-05, 5.85718e-05, 0.000162209, 0, 0, 0, 0, 0, 0
         }
      }
   }
   GROUP "KPOINT8" {
      ATTRIBUTE "twfcollect" {
         DATATYPE  H5T_STD_I32LE
         DATASPACE  SIMPLE { ( 1 ) / ( 1 ) }
         DATA {
         (0): 0
         }
      }
      DATASET "BAND0" {
         DATATYPE  H5T_IEEE_F64LE
         DATASPACE  SIMPLE { ( 352 ) / ( 352 ) }
         DATA {
         (0): -0.0103348, -0.0240621, -0.0218311, -0.0087125, 0.00462386,
         (5): -0.0115861, 0.0109546, -0.0274493, -0.0048859, -0.0113756,
         (10): -0.00315706, -0.00125994, 0.00925589, -0.00397544,
         (14): -0.00695185, -0.0161857, 0.00800435, -0.0034379, 0.00578062,
         (19): -0.0144846, -0.00413443, -0.00962605, -0.00259705,
         (23): -0.00103645, 0.00699527, -0.0030045, 0.00426783, -0.0106941,
         (28): -0.00312158, -0.00124578, 0.00718359, -0.00308538,
         (32): -0.00203289, -0.000811303, 0.00477527, -0.00205101, 0.0037621,
         (37): -0.00161584, 0.00266261, -0.00667178, 0.00291115, -0.00125035,
         (42): 0.0016156, -0.00404825, 0.00171714, -0.0043027, 0.00220683,
         (47): -0.000947842, -0.000920386, -0.00214289, -0.00150574,
         (51): -0.00350576, -0.00150574, -0.00350576, -0.00118971,
         (55): -0.000474796, 0.00218201, -0.000937179, 0.00107716,
         (59): -0.00269907, -0.000620421, -0.00144451, -0.000696243,
         (63): -0.000277862, -0.000682206, -0.000272256, 0.000974312,
         (67): -0.00244135, 0.000321034, -0.000804423, -0.000231594,
         (71): -9.24234e-05, -0.000394985, -0.000157633, 0.000168826,
         (75): 6.73767e-05, 0.000801137, -0.000344091, 0.000812042,
         (79): -0.000348777, -0.000266349, -0.000106298, 0, 0, 0, 0, 0, 0,
         (88): 0.004404, 0.00809278, 0.00450969, 0.00133117, 0.00156293,
         (93): -0.00529488, -0.0018549, 0.00628398, 0.000280705, 0.000515834,
         (98): -0.0159951, -0.00472142, -0.0108605, 0.00591016, -0.00777159,
         (103): -0.0142811, -0.00509159, 0.00277079, -0.00227742, 0.00771539,
         (108): -0.00653313, -0.0120053, -0.0166312, -0.00490919, -0.0075809,
         (113): 0.00412544, -0.000283754, 0.0009613, -0.00885624,
         (117): -0.00261417, -0.00649084, 0.00353224, -0.00878898,
         (121): -0.00259433, -0.00757902, 0.00412441, -0.00542254,
         (125): 0.00295088, -0.000105435, 0.000357212, -0.00278832,
         (129): 0.00151737, -0.00066989, 0.00226944, 3.06817e-07,
         (133): -1.03496e-06, -0.00293315, 0.00159619, -0.000181023,
         (137): -0.000332643, -0.00101998, -0.00187431, -0.00101998,
         (141): -0.00187431, -0.0020811, -0.000614297, -0.00177149,
         (145): 0.000964021, -0.000594089, 0.00201264, -0.00149166,
         (149): -0.00274108, -0.00213007, -0.000628754, -0.00334636,
         (153): -0.000987778, 0.000161578, -0.000547394, 0.000110522,
         (157): -0.000374418, -0.00119171, -0.000351766, -0.00169269,
         (161): -0.000499647, -0.000954571, -0.00028177, -0.000887197,
         (165): 0.000482801, -0.000500974, 0.000272623, -0.00101162,
         (169): -0.000298608, 0, 0, 0, 0, 0, 0, -0.00252022, -0.0149672,
         (178): 0.0439622, 0.0312908, -0.0122034, 0.0171452, -0.000103411,
         (183): 0.000145289, -0.00337332, -0.0200334, -0.00478523,
         (187): -0.00340596, -0.0176334, 0.0029692, 0.000478225, 0.00284007,
         (192): 0.00892179, -0.00150228, -0.000457233, 0.000642391,
         (196): 0.000153608, 0.000912283, -0.00558077, -0.00397219,
         (200): -0.00453211, 0.000763141, -0.00242814, 0.00341144,
         (204): -0.00304007, -0.00216381, -0.0054325, 0.000914745,
         (208): -0.00264135, -0.00188003, -0.00443637, 0.000747017,
         (212): -0.00347942, 0.000585879, -0.000356603, 0.000501021,
         (216): -0.00130731, 0.00022013, -0.000197899, 0.000278039,
         (220): -0.00125471, 0.00176281, -0.00119475, 0.000201177,
         (224): -0.000235605, -0.0013992, -8.26244e-05, -0.000490689,
         (228): -8.26239e-05, -0.000490689, 0.00015343, 0.000109206,
         (232): -0.00146252, 0.000246265, -0.000223682, 0.000314267,
         (236): -7.14227e-06, -4.24093e-05, -0.000131631, -9.36931e-05,
         (240): -0.00125927, -0.000896304, 0.000687815, -0.000966349,
         (244): -0.000717587, 0.00100818, -0.000365783, -0.000260352,
         (248): 2.5159e-05, 1.7906e-05, -0.000871253, -0.000620127,
         (252): 0.00040966, -6.89803e-05, 5.15035e-05, -8.67244e-06,
         (256): 3.56931e-06, 2.54112e-06, 0, 0, 0, 0, 0, 0, -0.0752434,
         (265): -0.0109887, 2.1941e-07, 1.4468e-07, -0.00853275, -0.0114511,
         (270): 0.000100905, 0.000135441, 1.69206e-08, 1.14464e-07,
         (274): 0.0144238, -0.0107477, 9.14771e-08, -8.93387e-11, 0.00200637,
         (279): 0.000293021, 0.000198248, -0.00135678, 0.00192723,
         (283): 0.00258642, -0.00175544, -0.000256316, 1.08856e-07,
         (287): 6.47186e-08, 0.000479791, -0.00328542, 0.000216015,
         (291): 0.00028992, 0.00130072, -0.000969139, -0.000488704,
         (295): 0.00334639, -0.00164622, 0.00122665, -0.000286121,
         (299): 0.00195952, -0.000173655, 0.00118929, 0.00145477, 0.00195234,
         (304): 0.00023874, -0.00163479, -0.000295535, -0.000396623,
         (308): 0.000729831, 0.000979456, 0.000225652, -0.00154506,
         (312): 4.11314e-09, 2.53098e-08, 0.00221401, 0.00032334, -0.002214,
         (317): -0.000323326, -0.00184364, 0.00137378, -0.000286456,
         (321): 0.00196147, 0.000638227, 0.00085652, -3.34207e-09,
         (325): 1.70509e-08, 0.000998679, -0.000744172, 3.42832e-05,
         (329): -2.55327e-05, -0.000296976, -0.000398566, 7.39835e-05,
         (333): 9.92846e-05, 0.00129358, -0.000963896, 0.000687901,
         (337): -0.000512574, -0.000404823, 0.000301672, -4.53735e-05,
         (341): 0.000310786, -0.000112983, 0.000773647, 6.60146e-09,
         (345): 6.01995e-09, 0, 0, 0, 0, 0, 0
         }
      }
   }
   GROUP "KPOINT9" {
      ATTRIBUTE "twfcollect" {
         DATATYPE  H5T_STD_I32LE
         DATASPACE  SIMPLE { ( 1 ) / ( 1 ) }
         DATA {
         (0): 0
         }
      }
      DATASET "BAND0" {
         DATATYPE  H5T_IEEE_F64LE
         DATASPACE  SIMPLE { ( 352 ) / ( 352 ) }
         DATA {
         (0): -0.0133577, -0.00140256, -0.0153835, 0.01246, -0.00973599,
         (5): -0.0120204, -0.000783697, 0.0074639, -0.0140538, 0.0113829,
         (10): -0.0243347, -0.00255513, -0.00922781, 0.00747413, -0.00814435,
         (15): 0.00659656, -4.93563e-05, 0.000470022, -0.000143345,
         (19): 0.00136525, -0.0142151, -0.00149258, -0.0058158, -0.00718038,
         (24): -0.000232806, 0.00221714, -0.0139158, -0.00146115,
         (28): -0.000183167, 0.00174458, -0.00431737, -0.00533038,
         (32): -0.00431738, -0.00533038, -0.00384179, -0.00474322,
         (36): -0.00253672, -0.00313192, -0.00277365, -0.00342446,
         (40): -0.00584113, -0.00061331, -0.00566326, -0.000594636,
         (44): -0.00232625, -0.00287207, -0.0033496, 0.00271303, -0.0033496,
         (49): 0.00271303, -0.00230435, 0.00186642, -0.000104263,
         (53): 0.000993035, -0.00350512, -0.000368034, -0.00350512,
         (57): -0.000368036, -0.00151093, -0.00186545, -0.00319472,
         (61): -0.000335444, -5.673e-05, 0.000540306, -0.0012664,
         (65): -0.00156355, -1.01236e-05, 9.64136e-05, 1.25948e-05,
         (69): -0.000119944, -0.000726421, -0.000896869, -0.000742266,
         (73): 0.000601205, 1.18746e-05, -0.000113067, -2.0113e-05,
         (77): 0.000191549, -2.01129e-05, 0.00019155, -3.35559e-05,
         (81): 0.000319574, -0.00159802, -0.000167792, -0.000797395,
         (85): 0.000645855, -0.000656267, -6.89072e-05, 0.0150948, -0.014359,
         (90): -0.00010089, 0.00403861, -0.000417346, -1.04323e-05,
         (94): -0.00837744, -0.00880669, 0.000591229, -0.0236692,
         (98): -0.00055804, 0.000530841, -0.000139079, 0.005568, 0.000389993,
         (103): -0.0156131, -0.00678489, -0.00713253, -0.0108216, -0.011376,
         (108): -0.00387963, 0.00369054, -0.00436767, -0.000109106,
         (112): -0.00682016, -0.00716962, 0.00131445, -0.00125037,
         (116): -0.00635032, -0.00667569, -0.00397074, -9.91799e-05,
         (120): -0.00397074, -9.91841e-05, -0.00623356, -0.000155711,
         (124): -0.00409402, -0.00010226, -0.00258942, -6.46835e-05,
         (128): -0.00178355, 0.00169662, 0.0010472, -0.000996162,
         (132): -0.00300309, -7.50148e-05, 9.13095e-05, -0.00365555,
         (136): 9.13116e-05, -0.00365555, -1.01255e-05, 0.0004053,
         (140): -0.00213497, -0.00224436, 0.000902889, -0.000858881,
         (144): 0.000902888, -0.00085888, -0.00113243, -2.82853e-05,
         (148): -0.00102969, 0.000979506, -0.00156483, -0.00164501,
         (152): -0.00137493, -3.43432e-05, -0.000794997, -0.000835733,
         (156): -0.00077387, -0.000813523, -0.000533313, -1.33197e-05,
         (160): 4.37252e-05, -0.00175041, -0.000256899, -0.000270063,
         (164): -0.00120528, -0.00126704, -0.00120528, -0.00126704,
         (168): -0.000588617, -0.000618777, -0.000583416, 0.000554982,
         (172): 6.02883e-06, -0.000241319, 0.00022106, -0.000210285,
         (176): 0.0141632, -0.0263519, -0.00551344, -0.0209924, -0.00815263,
         (181): 0.027972, 0.0310663, -0.0170443, -5.29724e-05, 0.000776813,
         (186): -0.000125196, 0.000109223, -0.00228609, -0.000666284,
         (190): -0.00296551, -0.00290481, 0.0101096, -0.000842431,
         (194): 5.82488e-08, -2.65031e-08, -0.000816839, 0.000712584,
         (198): 0.0012138, -0.00735789, -0.00531953, 0.00259987, 3.01753e-05,
         (203): 0.00291202, 0.000324369, 0.000201112, -0.000787598,
         (207): 0.00134353, -0.000319903, -0.000635782, -0.00149863,
         (211): 0.00152998, -0.000104786, 0.000227379, 0.000170979,
         (215): -0.000174571, -8.80426e-06, -0.000853098, -0.000939877,
         (219): 0.0017325, 0.000935264, -0.000954841, 0.000617776,
         (223): 0.00159612, -0.00134563, -0.00180825, 8.04607e-10,
         (227): -8.27081e-09, -0.000432256, -0.000742673, -0.000327421,
         (231): 0.00181759, -0.000578186, -0.00197862, -0.00166529,
         (235): 0.00176817, 1.87039e-05, 0.00180731, 0.00130558, 6.89781e-05,
         (240): 0.000370993, -0.00155557, 0.00133755, -1.38494e-05,
         (244): 0.00100669, -0.000552305, -0.000212961, -1.45188e-05,
         (248): -0.000725301, -0.000211392, -0.000435971, 4.50861e-06,
         (252): -0.000728882, 0.000343317, 0.000947461, 2.8805e-05,
         (256): 0.00130644, -1.35248e-05, -0.000271065, -0.000456696,
         (260): -5.45785e-05, 0.000187237, -4.33654e-05, -0.00018984,
         (264): -0.00249388, 0.0435543, 0.022435, 0.0243691, -0.0069514,
         (269): 0.0286516, 0.0306179, -0.0186616, -0.00120193, -0.0010649,
         (274): -2.06493e-05, -0.000342051, -0.00234168, -0.00056794,
         (278): -8.16783e-05, 0.00197225, -0.0014634, -0.00388093,
         (282): -2.03164e-08, -2.37712e-08, -0.000134773, -0.00223167,
         (286): 0.00306419, -0.00888475, -0.00446868, 0.00304702, 0.00101891,
         (291): -0.000937789, -0.000601111, -1.81433e-05, 0.000191976,
         (295): 0.00080253, 0.000828767, -0.00138302, 0.00101752,
         (299): 4.21604e-05, -5.36112e-06, 0.000177129, -0.000116076,
         (303): -4.80561e-06, -0.000298503, 0.00027475, 0.00015988,
         (307): -0.0028846, -0.000635015, -2.63154e-05, -0.00141855,
         (311): -0.00172661, 0.00067301, 0.00154575, -1.64545e-08,
         (315): 1.83972e-08, 0.00195415, -0.000196877, 0.000474617,
         (319): -0.0014264, -0.000952157, -0.000717569, 0.00108744,
         (323): 0.000145293, 0.00063234, -0.000582048, -0.000620819,
         (327): -0.000418356, 0.000495958, -0.0017127, -0.000430747,
         (331): -0.000467987, 0.000992154, -0.000604705, 0.000291986,
         (335): -0.000329493, -0.000742928, -0.000180226, 0.000140399,
         (339): 0.00015254, -0.000580907, 0.000411487, -0.00039892,
         (343): -0.000313507, -0.000420735, -0.000457102, -0.00028391,
         (347): -0.000499897, -0.000350182, -0.000283252, -8.57286e-05,
         (351): -3.94276e-05
         }
      }
   }
}
}
