HDF5 "tempdir_hdf5/evc.hdf5_3" {
GROUP "/" {
   GROUP "KPOINT1" {
      ATTRIBUTE "twfcollect" {
         DATATYPE  H5T_STD_I32LE
         DATASPACE  SIMPLE { ( 1 ) / ( 1 ) }
         DATA {
         (0): 0
         }
      }
      DATASET "BAND0" {
         DATATYPE  H5T_IEEE_F64LE
         DATASPACE  SIMPLE { ( 376 ) / ( 376 ) }
         DATA {
         (0): 0.0810364, -0.000458572, 0.000397851, 0.000393372, -0.00805435,
         (5): 0.00814602, -0.0071631, 0.00724463, -0.0180874, 0.000102354,
         (10): 9.41684e-05, 0.0166411, 8.68552e-05, 0.0153487, -0.0108093,
         (15): 6.11664e-05, -0.000174173, -0.000172212, -0.000174171,
         (19): -0.000172211, 5.60252e-05, 0.00990079, 0.000209595,
         (23): 0.000207237, 4.98519e-05, 0.00880969, 0.000185734,
         (27): 0.000183644, -0.00770614, 0.00779386, -0.00717857, 0.00726027,
         (32): -0.00721845, 0.00730061, 3.57637e-05, 0.00632035, -0.00535474,
         (37): 3.03022e-05, -0.00418766, 0.00423533, -0.00348067,
         (41): 1.96966e-05, -0.00348067, 1.96957e-05, 1.87685e-05,
         (45): 0.00331671, 1.87682e-05, 0.0033167, -0.000319117,
         (49): -0.000315526, 1.8306e-05, 0.00323499, -0.00299741,
         (53): 1.69613e-05, -0.00299741, 1.69615e-05, 1.41484e-05,
         (57): 0.00250026, -0.000172529, -0.000170588, -0.00208116,
         (61): 0.00210485, -0.00208116, 0.00210485, 4.01327e-05, 3.96807e-05,
         (66): 7.67184e-06, 0.00135588, -0.0017518, 0.00177174, -0.000110199,
         (71): -0.000108958, -0.00132404, 7.49242e-06, -0.00163883,
         (75): 0.00165748, 8.15931e-05, 8.0674e-05, 8.15925e-05, 8.06737e-05,
         (80): -0.00123035, 6.96273e-06, -0.0010985, 6.21621e-06,
         (84): -0.000864276, 0.000874113, 0, 0, 0, 0, 0, 0, 0, 0, 0.094014,
         (95): -0.0566401, 0.102722, 0.0254832, 0.0177468, -0.0715367,
         (100): -0.000865843, 0.00349008, 0.00148229, -0.000893021,
         (104): -0.0049766, -0.00826047, 0.0164305, 0.0272721, 0.00478584,
         (109): -0.0028833, 0.00368794, 0.00091489, 0.00368792, 0.000914891,
         (114): 0.00648449, 0.0107633, 0.00726931, 0.00180336, 0.00309576,
         (119): 0.00513851, 0.00969127, 0.00240421, -0.000733638, 0.00295728,
         (124): -0.00130902, 0.00527655, -0.00126468, 0.00509788, 0.00119424,
         (129): 0.00198228, 0.00142651, -0.000859422, 0.000361253,
         (133): -0.00145623, 0.0031458, -0.00189524, 0.00314581, -0.00189524,
         (138): 0.00140594, 0.00233363, 0.00140592, 0.00233362, 0.00307781,
         (143): 0.000763535, 0.00191785, 0.00318334, 6.32207e-05,
         (147): -3.80896e-05, 6.3221e-05, -3.80849e-05, -0.00105607,
         (151): -0.00175294, 0.000670734, 0.000166396, -1.15869e-05,
         (155): 4.6702e-05, -1.15898e-05, 4.66931e-05, -0.000757104,
         (159): -0.000187816, 0.000200432, 0.000332697, -0.000129307,
         (163): 0.000521238, 0.00187631, 0.000465473, 0.000481707,
         (167): -0.000290212, 0.000277858, -0.00112005, 0.00162459,
         (171): 0.00040303, 0.00162459, 0.000403021, 4.59487e-05,
         (175): -2.76745e-05, 0.000644167, -0.000388095, -0.000210823,
         (179): 0.000849805, 0, 0, 0, 0, 0, 0, 0, 0, -3.36293e-07,
         (189): 2.46585e-07, 0.157542, 0.0864665, -0.0536552, 0.0297445,
         (194): 0.0102222, -0.0186249, 0.0019214, -0.0204013, -0.00938944,
         (199): -0.020109, 0.00256036, 0.00878989, -0.000824671, 0.00875589,
         (204): 0.00411446, -0.000393123, 0.00106889, 0.00467487,
         (208): -0.000454445, 0.00814412, -0.00395053, -0.00315989,
         (212): -0.00186053, -0.00638736, -0.00141113, 0.000478136,
         (216): 0.00450658, 0.0013188, 0.00297145, -0.00541397, -0.00512447,
         (221): 0.00284081, -9.9216e-05, 0.000346072, -1.82601e-05,
         (225): 0.000193847, -0.00287273, 0.00159255, -0.000847182,
         (229): -0.000276345, -0.000105515, 0.000522154, -0.000834923,
         (233): 0.0019762, -0.00048937, -0.00255247, 8.70385e-05,
         (237): -7.20637e-05, 0.00111116, -0.000998147, 0.00265462,
         (241): -0.00117977, -0.00243726, -0.00112804, 0.000229493,
         (245): 4.68936e-06, 0.00183017, 0.00100448, 0.000649382,
         (249): 4.77612e-05, 0.000146771, -0.00079732, -0.00027261,
         (253): 0.000225675, 9.47225e-05, -0.000330395, 0.00083508,
         (257): -0.000690766, -0.00011883, 9.83725e-05, -0.000859808,
         (261): 0.000122298, 0.000271514, 0.00063523, 8.47725e-05,
         (265): 0.000605317, 0.000617149, 0.000660852, 0.000187315,
         (269): -5.45649e-05, 0.000529793, 0.000151898, -0.00106877,
         (273): 0.000592491, 0, 0, 0, 0, 0, 0, 0, 0, -7.21701e-07,
         (283): 1.30093e-07, 0.0478411, -0.112021, 0.0127742, -0.0470423,
         (288): -0.0132445, -0.00565616, 0.0150879, -0.0378568, -0.0196904,
         (293): 0.00251421, 0.00575852, -0.00231183, -0.00647518, 0.0162468,
         (298): 0.00523273, -0.0035207, -0.00581704, 0.000156982,
         (302): 0.000122327, -0.00436371, 0.0002895, 0.0025871, -0.00418479,
         (307): 0.00168012, -0.00230984, 0.00128429, 0.00211133, 0.0082574,
         (312): -0.00384969, -0.00164414, 0.00122002, -0.00449275,
         (316): -0.000142293, -0.000248427, -0.000143056, 0.000358906,
         (320): 0.000683924, -0.00251863, 0.000633988, -0.000409937,
         (324): -0.000358448, 0.000975586, -0.00130706, -0.00162829,
         (328): -0.00120345, 0.000871208, 0.00020648, -8.88213e-05,
         (332): 0.00193183, 0.00136427, -0.00037878, -0.00248887, 0.00208533,
         (337): -0.00179315, 0.00042362, 0.000178069, 0.000555745,
         (341): -0.00130133, 0.00018558, 0.00102933, -0.000632191,
         (345): -0.00067895, -0.000646462, 0.000277993, 0.000135729,
         (349): 0.000236957, -0.000388859, 0.000475199, -0.00028187,
         (353): 0.000121204, 0.000326744, 0.000327013, 0.000590849,
         (357): 0.00112448, -0.000813531, 6.50724e-05, -0.000296501,
         (361): -0.000366509, -4.92038e-05, -0.000122508, -0.000380063,
         (365): 0.000217735, 0.00025449, -0.000937217, 0, 0, 0, 0, 0, 0, 0, 0
         }
      }
   }
   GROUP "KPOINT10" {
      ATTRIBUTE "twfcollect" {
         DATATYPE  H5T_STD_I32LE
         DATASPACE  SIMPLE { ( 1 ) / ( 1 ) }
         DATA {
         (0): 0
         }
      }
      DATASET "BAND0" {
         DATATYPE  H5T_IEEE_F64LE
         DATASPACE  SIMPLE { ( 376 ) / ( 376 ) }
         DATA {
         (0): 0.0207888, 0.00361627, -0.00272285, 0.0156527, 0.0300918,
         (5): 0.0427655, -0.0151245, -0.0214945, -0.0167152, 0.0117616,
         (10): -0.0192897, 0.0135731, -0.00881478, -0.00153335, -0.000547739,
         (15): 0.00314873, -0.000337154, 0.00193817, -0.00583773,
         (19): -0.00829641, -0.000861505, 0.00495256, -0.00952709, 0.0067037,
         (24): -0.00830494, 0.00584373, -0.0123302, -0.00214488, -0.0113892,
         (29): -0.00198119, -0.000523507, 0.00300941, -0.00813181,
         (33): -0.00141455, -0.00615262, 0.00432926, -0.0102115, -0.00177633,
         (38): -0.00195091, -0.00277257, -0.00534331, 0.00375982,
         (42): -0.000174223, 0.00100153, -0.00194843, -0.00276905,
         (46): -0.00507711, 0.00357248, -0.00176283, -0.00250529,
         (50): -0.00414391, -0.000720841, -0.00227148, 0.00159832,
         (54): -0.00019655, 0.00112989, -0.00401536, -0.000698478,
         (58): -0.00368117, 0.00259023, -0.00136286, -0.00193685,
         (62): -0.00136285, -0.00193684, -0.000212894, 0.00122384,
         (66): -0.000677148, -0.000962336, -0.000210192, 0.00120832,
         (70): -0.000566711, -0.000805391, -0.000979825, 0.000689449,
         (74): -0.00136428, 0.000959969, -2.44297e-05, 0.000140435,
         (78): -0.00170966, -0.000297402, 1.81682e-05, -0.000104469,
         (82): -8.13091e-05, 0.00046742, -0.000325775, -0.000462981,
         (86): -0.000779007, -0.00013551, -0.00131219, -0.000228259,
         (90): -0.00165028, -0.000287071, -0.00111912, 0.000787465,
         (94): -0.0550594, 0.070083, -0.0265899, -0.0208899, 0.015655,
         (99): -0.00187941, -0.0159067, 0.00190964, 0.000611897, 0.00509695,
         (104): -0.00221899, -0.0184836, 0.00557575, -0.00709714, -0.0090583,
         (109): -0.00711649, -0.00838135, -0.00658466, -0.0126986, 0.0015245,
         (114): -0.00770465, -0.00605301, -0.000752286, -0.00626634,
         (118): -0.000557778, -0.0046461, -0.000922029, 0.00117361,
         (122): 8.63183e-05, -0.000109876, -0.00573796, -0.00450792,
         (126): -0.000608325, 0.000774313, -0.000498132, -0.00414928,
         (130): 8.14404e-05, -0.000103664, -0.00561898, 0.000674571,
         (134): -0.000543626, -0.00452829, -0.00496615, -0.00390156,
         (138): -0.00489273, 0.000587383, -0.000504194, -0.00419977,
         (142): -0.00273977, 0.000328915, 0.000150091, -0.00019104,
         (146): -0.000374424, -0.00311886, -0.00343248, -0.00269666,
         (150): 4.10972e-06, -5.23013e-06, -0.000226691, -0.00188827,
         (154): -0.00166651, 0.000200067, -0.00166651, 0.000200069,
         (158): -0.00214716, -0.00168687, -0.00160938, 0.000193209,
         (162): -0.00184576, -0.00145009, -0.00100909, 0.000121142,
         (166): 6.42726e-05, 0.000535383, -0.000176663, -0.00147155,
         (170): -0.000858991, -0.000674851, 0.000151564, -0.000192921,
         (174): -0.000539162, -0.000423581, -0.00116084, -0.000911991,
         (178): -0.000881129, 0.000105782, 0.000256013, -0.000325869,
         (182): -0.000723987, 0.000921534, -0.000181543, 0.000231079,
         (186): -0.000105917, -0.000882259, -0.0615498, -0.0528077,
         (190): 0.0223569, -0.026058, 0.00325745, 0.0426115, -0.00648385,
         (195): -0.0848164, -0.0319689, 0.00244388, -0.00146969, 0.000112355,
         (200): 0.00674883, 0.00579028, 0.00280982, -0.00327498, -0.00994584,
         (205): 0.0115924, 0.00127483, 0.0166766, -0.00605182, 0.00705369,
         (210): -0.000991724, 7.5809e-05, -0.00404044, 0.000308864,
         (214): 0.0042788, 0.00367107, -0.00102865, -0.000882547,
         (218): -0.00106543, 0.00124181, 0.00034916, 0.000299565,
         (222): -0.00294964, 0.000225476, -0.000395782, -0.000339563,
         (226): 0.000329859, 0.00431508, -0.00149994, 0.00011467,
         (230): -0.00270615, 0.00315415, 0.000325382, 0.00425647,
         (234): -0.00350103, 0.000267633, 3.44556e-05, 0.000450739,
         (238): 0.000216371, 0.000185646, -0.000845662, 6.46494e-05,
         (242): -0.00167944, 0.00195746, 0.00113822, 0.00097656, 0.00165534,
         (247): -0.000126544, 9.51055e-06, 0.000124383, 9.50843e-06,
         (251): 0.000124377, -0.00106365, 0.00123974, 0.000133738, 0.0017495,
         (256): -0.00110064, 0.00128285, 6.69295e-05, 0.000875482,
         (260): -0.000954209, 7.2941e-05, 0.000163744, -1.25141e-05,
         (264): -0.00014731, 0.0001717, -0.000155798, -0.000133672,
         (268): -0.00104982, 0.00122361, 0.000192758, -0.000224664,
         (272): 1.58428e-05, 0.000207296, 0.000366308, 0.000314276,
         (276): 0.000313667, 0.000269115, 0.000193689, 0.000166176,
         (280): 0.000472093, -3.60906e-05, -0.118603, -0.049373, -0.0361264,
         (285): 0.0867824, 1.68795e-07, 2.62841e-07, 1.0067e-07, 1.33747e-07,
         (290): 0.0140459, -0.00578891, -0.000529952, 0.000218424, 0.001509,
         (295): 0.000628169, -0.000605566, 0.0014547, -0.00180705,
         (299): 0.00434084, 1.94726e-08, 2.95969e-08, 0.00195003,
         (303): -0.00468434, -0.00488903, 0.00201498, -0.00112389,
         (307): 0.000463196, 0.00293412, 0.00122142, 0.00447472, 0.00186277,
         (312): 2.10896e-05, -5.06275e-05, -0.00220035, -0.000915997,
         (316): 0.0024565, -0.00101242, -0.00440196, -0.00183247,
         (320): 9.67243e-05, 0.000234699, 0.00295148, -0.00121643,
         (324): -9.52461e-09, 2.97872e-08, 0.000375391, 0.000910862,
         (328): -0.00186386, 0.000768174, 3.19108e-09, -1.63546e-09,
         (332): -0.00102691, -0.000427486, 0.000374521, -0.000154353,
         (336): -5.35228e-09, 1.76487e-08, 0.00157421, 0.000655321,
         (340): 0.00138545, -0.000571009, 0.0010373, 0.00251686, -0.00103732,
         (345): -0.0025169, -0.000539427, 0.00129581, 0.000171848,
         (349): 0.000416981, -0.000672612, 0.00161575, -0.000200487,
         (353): -0.000486445, -1.02359e-05, 4.22338e-06, -0.000551585,
         (357): 0.000227335, -0.000316887, 0.000761228, -0.000320965,
         (361): -0.000133616, -4.44139e-09, 6.21128e-09, 9.61969e-05,
         (365): -0.000231075, -6.26232e-09, -2.06368e-09, -0.000163586,
         (369): -6.80965e-05, -5.46195e-05, -2.27364e-05, 0.000618728,
         (373): 0.00025757, 0.000398099, -0.000164072
         }
      }
   }
   GROUP "KPOINT2" {
      ATTRIBUTE "twfcollect" {
         DATATYPE  H5T_STD_I32LE
         DATASPACE  SIMPLE { ( 1 ) / ( 1 ) }
         DATA {
         (0): 0
         }
      }
      DATASET "BAND0" {
         DATATYPE  H5T_IEEE_F64LE
         DATASPACE  SIMPLE { ( 376 ) / ( 376 ) }
         DATA {
         (0): 0.0251983, 0.0678073, -0.00077195, 0.00168498, -0.00979354,
         (5): -0.00448674, -0.00752573, -0.0202513, -0.0168433, 0.00625927,
         (10): -0.00826118, -0.00378472, -0.015862, 0.00589457, 8.42625e-05,
         (15): -0.00018392, -0.00381469, -0.0102651, 0.0003134, -0.000684083,
         (20): -0.000385298, 0.000841023, -0.00850595, 0.00316096,
         (24): -0.00745642, 0.00277093, -0.000119336, 0.000260482,
         (28): -0.00996278, -0.00456428, -0.00943056, -0.00432045,
         (32): -0.00608281, 0.00226048, -0.00879494, -0.00402926,
         (36): -0.00607681, -0.00278399, -0.00155921, -0.00419574,
         (40): -0.00138914, -0.00373809, -0.00366588, 0.00136231,
         (44): -0.00347037, 0.00128965, -0.00128431, -0.00345601,
         (48): 0.000258186, -0.000563564, -0.00097323, -0.00261891,
         (52): -0.00097323, -0.00261891, -0.00281231, 0.0010451, -0.00284682,
         (57): -0.00130423, -0.00214405, 0.000796764, -0.0027226,
         (61): -0.00124732, 7.29798e-05, -0.000159298, -0.00132478,
         (65): 0.000492311, -0.000512905, -0.0013802, 3.99821e-05,
         (69): -8.72719e-05, 5.92086e-05, -0.000129238, -7.73277e-05,
         (73): 0.00016879, -0.000443448, -0.00119329, -9.25112e-05,
         (77): 0.000201933, -0.00212024, -0.000971354, -0.00185508,
         (81): -0.000849873, -0.00125139, -0.000573303, -0.00082808,
         (85): 0.000307728, -0.000354113, -0.000952899, 0, 0, 0, 0, 0, 0,
         (94): -0.0532788, -0.020798, -0.0251216, -0.0572933, -0.0612958,
         (99): 0.0268765, 0.00960206, 0.00374831, 0.000666313, -0.00170698,
         (104): 0.00584593, -0.00256329, 0.0116165, -0.0297583, -0.00227511,
         (109): -0.00518861, -0.00954286, -0.00372519, -0.00346904,
         (113): -0.00791152, -0.0043399, -0.00989781, 0.00406255, -0.010407,
         (118): 0.00257005, -0.00658362, -0.00365322, -0.00833163,
         (122): 0.00508389, -0.00222911, 0.00103053, -0.000451853,
         (126): 0.00160878, -0.00412126, 0.00422276, -0.00185161,
         (130): -0.000412042, 0.000180667, -0.00147223, -0.000574726,
         (134): -0.00408946, -0.00159635, 0.00159304, -0.00408099,
         (138): 0.00158529, -0.00406104, -0.00380799, -0.00148648,
         (142): -0.00171125, -0.00390273, -0.000313484, -0.000122378,
         (146): -0.000313448, -0.000122334, 0.00106468, -0.00272744,
         (150): 0.000440461, -0.000193122, -0.000427826, 0.00109601,
         (154): 4.96727e-05, -2.17912e-05, -0.00123286, -0.00281168,
         (158): 0.000466244, -0.00119434, -0.00102642, -0.00040068,
         (162): -0.000129867, -0.000296191, -0.000361329, -0.000824033,
         (166): -0.00103652, -0.00236393, -0.000465316, -0.000181658,
         (170): -0.000892338, -0.00203512, -0.00126656, 0.00055536,
         (174): 0.000397231, -0.00017419, 0.000887912, -0.000389326,
         (178): 0.000501375, -0.00128436, -0.000842802, -0.000328995, 0, 0,
         (184): 0, 0, 0, 0, 1.03084e-06, -3.01879e-07, 0.056152, 0.140011,
         (192): -0.0827763, 0.0331979, 2.61659e-07, 2.131e-08, 0.00443209,
         (197): -0.0103678, 0.00605512, -0.00242872, -0.00175829, 0.00411288,
         (202): 0.00123767, 0.00308589, 4.00912e-08, -3.3848e-08, 0.00105297,
         (207): 0.00262542, -0.0014097, -0.00351477, -0.00187124, 0.00437705,
         (212): 0.00139904, -0.00327278, -0.000445442, -0.0011107,
         (216): 0.00507769, -0.00203643, 0.00238234, -0.000955443,
         (220): -0.000187793, 0.000439348, -0.0048451, 0.00194311,
         (224): -0.00253172, 0.00101533, 3.18461e-08, -6.93083e-09,
         (228): -0.000588953, -0.000251814, 0.000882775, -0.00206502,
         (232): -0.000610454, 0.00142798, 0.000384671, 0.000164421,
         (236): 4.85105e-08, 2.58625e-08, 0.00273343, 0.00116855,
         (240): -0.00273344, -0.00116854, 0.000375104, -0.000877405,
         (244): -0.000158898, 6.37259e-05, -4.62604e-05, 0.000108257,
         (248): 0.00088753, -0.000355943, 4.78781e-08, 2.85195e-08,
         (252): 0.000106235, -0.00024849, -0.000501033, -0.000214213,
         (256): 2.62252e-08, 8.92241e-09, 0.000657984, 0.00164063,
         (260): 0.000212359, 0.000529469, -0.000103778, -4.43541e-05,
         (264): 0.000389737, 0.000971828, -0.000386513, 0.000155013,
         (268): 0.000823877, -0.000330426, -0.00067151, 0.000269313,
         (272): -0.000175396, 0.000410296, 0.000444768, 0.000190133, 0, 0, 0,
         (279): 0, 0, 0, 0.0387784, 0.00799999, -0.0589899, -0.0896558,
         (286): -0.068754, 0.0452374, -0.0473342, -0.00976517, -0.0064215,
         (291): 0.0311267, 0.00678406, -0.00446365, 0.00168132, -0.00814993,
         (296): -0.000421676, -0.000640889, 0.01645, 0.00339364, 0.00699645,
         (301): 0.0106336, 0.00353871, 0.00537835, -4.29918e-05, 0.000208317,
         (306): -0.000856702, 0.00415267, 0.0012715, 0.00193252, -0.00128472,
         (311): 0.000845302, 0.00644968, -0.00424362, -0.000491519,
         (315): 0.00238252, -0.000174229, 0.000114617, -0.000604927,
         (319): 0.000398009, 0.00119191, 0.000245882, 0.00188499, 0.00038887,
         (324): -0.000249216, 0.00120805, -0.000465304, 0.00225541,
         (328): 0.00335488, 0.000692117, 0.00147584, 0.00224307,
         (332): -0.000366459, -7.56102e-05, -0.000366454, -7.55997e-05,
         (336): 0.000482299, -0.00233781, 0.000139364, -9.16959e-05,
         (340): -0.000327018, 0.00158518, 0.00152868, -0.00100582,
         (344): 0.000709327, 0.00107806, -8.68465e-05, 0.000420935,
         (348): 0.000940758, 0.00019407, 0.001399, 0.00212628, 8.52406e-05,
         (353): 0.000129544, 0.000612034, 0.000930198, 0.000435853,
         (357): 8.99089e-05, 0.000403757, 0.00061367, 0.000414853,
         (361): -0.00027296, 0.000433569, -0.000285271, -0.000341873,
         (365): 0.000224931, 1.97864e-05, -9.59184e-05, 0.000566743,
         (369): 0.000116916, 0, 0, 0, 0, 0, 0
         }
      }
   }
   GROUP "KPOINT3" {
      ATTRIBUTE "twfcollect" {
         DATATYPE  H5T_STD_I32LE
         DATASPACE  SIMPLE { ( 1 ) / ( 1 ) }
         DATA {
         (0): 0
         }
      }
      DATASET "BAND0" {
         DATATYPE  H5T_IEEE_F64LE
         DATASPACE  SIMPLE { ( 376 ) / ( 376 ) }
         DATA {
         (0): 0.0037058, -0.000884908, 0.0340323, -0.0553838, 0.00185853,
         (5): 0.00778311, -0.013751, 0.0223782, 0.0164542, 0.0101108,
         (10): 0.0160851, 0.00988398, 0.00182879, 0.00765863, -9.82074e-05,
         (15): 2.34524e-05, -0.00127656, 0.000304821, -0.00579362,
         (19): 0.00942848, 0.00164173, -0.000392033, 0.00273743, 0.0114638,
         (24): 0.00702163, 0.00431466, 0.00600306, 0.00368876, 0.00570881,
         (29): 0.00350795, 0.0003356, -8.01388e-05, 0.00227995, 0.009548,
         (34): 0.00210238, 0.00880436, 0.00172755, 0.00723467, -0.00235603,
         (39): 0.00383418, 0.00391607, 0.00240635, 0.0035543, 0.00218405,
         (44): -0.000807332, 0.000192779, -0.00206013, 0.00335264,
         (48): -0.00187782, 0.00305594, -0.000163129, 3.8954e-05,
         (52): -0.00134592, 0.00219034, -0.00134592, 0.00219034, 0.000771979,
         (57): 0.0032329, 0.000286883, -6.85047e-05, -0.000825706,
         (61): 0.00134375, 0.00236621, 0.00145399, 0.00125573, 0.000771621,
         (66): 0.000709646, 0.00297186, 0.00173756, 0.0010677, -0.000678501,
         (71): 0.00110419, -0.00019912, 4.75468e-05, 0.000367463,
         (75): -8.77486e-05, -9.94726e-05, 2.37531e-05, 0.00053325,
         (79): 0.00223314, 0.000887619, 0.000545423, 0.000354612, 0.00148505,
         (84): 0.000359166, 0.00150411, 0, 0, 0, 0, 0, 0, 0, 0, -0.0295297,
         (95): 0.014368, -0.0137677, 0.039862, 0.0198306, 0.0407564,
         (100): 0.00958036, -0.0277381, -0.0121615, -0.0042004, -0.0271905,
         (105): -0.00939124, -0.00173497, -0.00356586, -0.0067775,
         (109): 0.00329769, -0.0116029, 0.00564559, -0.00416398, 0.012056,
         (114): -0.0121694, 0.00592107, -0.0019912, -0.00409246, -0.00853448,
         (119): -0.00294769, -0.00680441, -0.00235012, -0.00570768,
         (123): -0.00197137, -0.00690459, 0.0033595, 0.000272551,
         (127): 0.000560148, -0.00137423, -0.00282427, -8.26452e-07,
         (131): -1.71856e-06, -0.00186136, 0.00538919, -0.0054616,
         (135): -0.00188638, -0.00535685, -0.00185013, -0.00506865,
         (139): 0.00246621, -0.00156999, 0.00454574, -0.000508955, 0.0014736,
         (144): -0.00398007, 0.00193656, -0.000285001, 0.00082524,
         (148): -0.000285005, 0.000825235, -0.000185808, -0.000381866,
         (152): -0.00328894, 0.00160024, -0.00065583, 0.00189891,
         (156): -0.00177619, -0.000613484, -0.00202354, -0.000698908,
         (160): 0.000120753, 0.00024819, 5.74834e-05, 1.98582e-05,
         (164): -0.000382707, 0.00110804, -0.00114285, 0.000556051,
         (168): -0.00249518, 0.00121404, -0.000895592, 0.000435745,
         (172): 0.000541936, 0.00111378, -0.00167751, -0.00057938,
         (176): -0.000369202, -0.000758837, -9.09675e-05, -0.000186974, 0, 0,
         (182): 0, 0, 0, 0, 0, 0, -0.0873218, 0.00119881, 0.0199463,
         (191): -0.0205016, 0.00148756, 0.108354, -0.0366033, 0.0376223,
         (196): 0.0211342, 0.0205618, -0.0105843, -0.0102976, -0.000152407,
         (201): -0.0111038, -0.00264203, 3.62849e-05, 0.0100916,
         (205): -0.000138541, 0.00687183, -0.00706312, 0.00429492,
         (209): -5.89798e-05, -1.10398e-05, -0.000804476, -0.00166279,
         (213): -0.00161777, 0.000868082, 0.000844566, 0.00113761,
         (217): 0.00110681, -0.000473819, 6.5142e-06, -7.39715e-05,
         (221): -0.00538892, -2.14648e-05, -0.00156394, 1.68508e-07,
         (225): 1.21134e-05, 0.000839414, -0.000862762, -0.000292608,
         (229): -0.000284691, 0.000558066, 0.000542948, 0.00180423,
         (233): -2.47697e-05, 0.00160801, -0.00165277, 0.00041078,
         (237): -0.00042221, 0.000290085, -3.98302e-06, 0.000142664,
         (241): -0.000146636, 0.000142658, -0.000146634, -9.32147e-06,
         (245): -0.000679105, 0.000536354, -7.36453e-06, 0.000735575,
         (249): -0.000756054, -0.00162111, -0.00157719, -1.99676e-05,
         (253): -1.94195e-05, -2.19481e-05, -0.00159901, 0.00153619,
         (257): 0.00149458, 0.000468144, -0.000481177, 0.00200695,
         (261): -2.75508e-05, 0.000286281, -3.93165e-06, -3.26393e-05,
         (265): 4.48627e-07, 5.6239e-06, 0.000409283, -0.000408025,
         (269): -0.000396983, -1.48052e-06, -0.000108405, -7.71106e-06,
         (273): -0.000561749, 0, 0, 0, 0, 0, 0, 0, 0, -0.00587831, 0.125678,
         (284): 3.10599e-07, -4.60045e-08, -0.104549, -0.0048898,
         (288): 7.25095e-09, -1.02617e-07, 0.00407172, -0.00370793,
         (292): -0.00159996, 0.00145699, 0.00165385, 7.72189e-05,
         (296): -0.000126038, 0.00269541, -8.02015e-05, 0.00171523,
         (300): 3.04035e-08, -4.62721e-08, 0.000140977, -0.00301488,
         (304): 0.00450098, 0.000210536, -0.00246071, 0.0022408, 0.0019501,
         (309): -0.00177586, -0.000187523, 0.000170786, 3.56795e-05,
         (313): -0.000762157, 0.00208654, 9.75638e-05, -0.00412034,
         (317): -0.000192718, -0.00199228, -9.32067e-05, -5.60385e-05,
         (321): -6.15557e-05, 0.00164316, -0.00149636, -0.00104016,
         (325): 0.000947197, 1.69775e-08, -2.22283e-09, 0.000454492,
         (329): 0.00049907, 9.95652e-09, -2.15141e-08, 5.97493e-09,
         (333): -6.1383e-09, 0.0017773, 0.00195172, -0.00177731, -0.00195172,
         (338): -0.000647149, -3.02719e-05, -4.58748e-05, 0.000980942,
         (342): 0.000156839, 0.000172226, 0.000589603, -0.000536894,
         (346): 0.00020483, -0.000186515, 0.00104626, 4.89331e-05,
         (350): -0.000128172, 0.00011672, -0.00040867, -0.000448772,
         (354): 1.24624e-08, -6.1343e-09, -5.84026e-05, 0.00124864,
         (358): -5.21942e-05, 0.00111597, -0.000465326, -2.1762e-05,
         (362): -0.000330185, 0.000300662, -0.000187738, -8.78666e-06,
         (366): 0.000614765, 2.875e-05, 0, 0, 0, 0, 0, 0, 0, 0
         }
      }
   }
   GROUP "KPOINT4" {
      ATTRIBUTE "twfcollect" {
         DATATYPE  H5T_STD_I32LE
         DATASPACE  SIMPLE { ( 1 ) / ( 1 ) }
         DATA {
         (0): 0
         }
      }
      DATASET "BAND0" {
         DATATYPE  H5T_IEEE_F64LE
         DATASPACE  SIMPLE { ( 376 ) / ( 376 ) }
         DATA {
         (0): 0.000154331, -1.12918e-06, -5.50079e-05, -0.00764806,
         (4): -0.0417773, -0.0411807, 0.0242085, 0.0238628, 0.0146598,
         (9): -0.0148721, 0.0154886, -0.015713, 0.00707125, -5.08444e-05,
         (14): -3.13662e-06, -0.000435137, 1.22968e-05, 0.00170878,
         (18): 0.00774453, 0.00763396, -2.19125e-05, -0.0030471, 0.0127452,
         (23): -9.16426e-05, 0.00538489, -0.0054629, 0.00498343, -0.00505561,
         (28): 0.00840959, -6.04572e-05, 0.00455778, -0.00462378, 0.0035088,
         (33): 0.0034587, 0.004075, -0.004134, 0.00919153, -6.60913e-05,
         (38): -4.22183e-06, -0.000587144, 0.00843906, -6.06818e-05,
         (42): 0.00350633, -0.00355712, 6.77775e-06, 0.000941532, 0.00293537,
         (47): 0.00289345, -5.87257e-07, -8.12514e-05, -4.42725e-06,
         (51): -0.000615894, 0.00114832, 0.00113192, 0.00357918,
         (55): -2.57375e-05, 0.00194845, 0.00192064, 0.00115497, -0.0011717,
         (60): 0.0016102, 0.00158721, 0.0016102, 0.00158721, 0.00312311,
         (65): -2.24543e-05, 0.000873784, 0.000861309, 0.00123345,
         (69): -0.00125133, 0.00180075, -0.00182683, 0.000937321,
         (73): -0.000950898, -4.96088e-06, -0.000689517, 0.00174189,
         (77): -1.25254e-05, 2.43134e-06, 0.000337839, 0.00220607,
         (81): -1.58591e-05, -1.45917e-07, -2.00681e-05, 0.000769356,
         (85): -5.52918e-06, 0.000769358, -5.53502e-06, 0.000289536,
         (89): -0.000293725, 0.000167385, 0.000164994, 0, 0, 0.0219421,
         (95): -0.000842181, 0.000681471, 0.0177573, 0.022891, 0.0211989,
         (100): -0.0349911, -0.0324044, -0.0121716, 0.0131432, -0.0156812,
         (105): 0.0169328, -0.00142995, 5.48814e-05, 0.000317553, 0.00827511,
         (110): 0.000557117, 0.0145155, 0.00940112, 0.00870617, 0.00053505,
         (115): 0.0139409, -0.00254513, 9.76796e-05, -0.00441996, 0.00477279,
         (120): -0.00433152, 0.00467729, 0.000189378, -7.22894e-06,
         (124): -0.00409546, 0.00442237, 0.00503907, 0.00466657, -0.00433002,
         (129): 0.00467572, 0.00162278, -6.22754e-05, 0.000230462,
         (133): 0.00600533, -0.00141957, 5.44771e-05, -0.003995, 0.00431389,
         (138): 0.000240055, 0.00625419, 0.00367115, 0.00339976, 0.000214375,
         (143): 0.00558547, 0.000178668, 0.00465542, 0.00218465, 0.00202312,
         (148): -8.74293e-05, 3.34804e-06, 0.00109255, 0.00101179,
         (152): -0.0017444, 0.00188365, 0.000982052, 0.000909462,
         (156): 0.000982057, 0.000909471, 0.000564218, -2.16482e-05,
         (160): 0.00134624, 0.00124672, -0.000490717, 0.000529873,
         (164): -0.000711838, 0.000768663, -0.00145546, 0.00157164,
         (168): 0.000112272, 0.00292543, -0.000486327, 1.86717e-05,
         (172): 6.47592e-05, 0.00168718, 0.000935809, -3.59052e-05,
         (176): 3.51896e-05, 0.00091686, -0.00016466, 6.32751e-06,
         (180): -0.000164662, 6.3111e-06, -0.000969365, 0.00104675,
         (184): 0.000814631, 0.000754408, 0, 0, -0.0328528, 0.124039,
         (190): -0.0691141, -0.0183055, 0.0179415, -0.0104276, -0.049769,
         (195): 0.0289261, 0.0126374, 0.0217434, -0.00989872, -0.0170314,
         (200): 0.00278311, -0.0105078, -0.00678603, -0.00179731, 0.00576089,
         (205): 0.00152583, 0.00341982, -0.0019876, 0.0010527, 0.000278801,
         (210): 0.000436788, -0.00164919, -0.00167576, -0.00288325,
         (214): 0.000172618, 0.000297001, 6.535e-05, -0.000246695,
         (218): -0.000533356, -0.000917668, -0.000563632, 0.000327596,
         (222): -0.00122706, -0.00211126, 0.000782883, -0.0029558,
         (226): -0.00195959, -0.000518997, 0.000453613, -0.00171267,
         (230): -0.000469943, -0.000808564, 3.51197e-05, 9.30345e-06,
         (234): 0.000578527, -0.000336238, -0.00147483, -0.000390621,
         (238): -0.000372609, -9.86835e-05, 0.000609412, -0.000354192,
         (242): 0.000206092, -0.000778125, -4.17211e-05, 2.42559e-05,
         (246): -0.000452303, -0.000778212, 8.21482e-05, -4.77415e-05,
         (250): 8.21516e-05, -4.77481e-05, 0.00028815, -0.00108793,
         (254): 0.000439355, -0.000255353, 0.000961404, 0.00165415,
         (258): -0.000905439, -0.00155786, -0.000563089, -0.000968837,
         (262): -0.000373867, -9.90214e-05, 0.000103611, -0.000391169,
         (266): 0.000993287, 0.000263082, -0.000263176, 0.000993644,
         (270): -0.000349535, -9.25789e-05, 0.000152746, -0.000576698,
         (274): 0.000152743, -0.000576699, -0.00048682, -0.000837607,
         (278): 0.000201296, -0.000116992, 0, 0, -0.0886557, -0.0842452,
         (284): -0.0745685, 0.0784718, 1.0255e-07, 1.68737e-07, 1.38047e-07,
         (289): 9.34199e-08, 0.00165982, -4.23439e-05, -0.000663377,
         (293): 1.69414e-05, -0.000410364, -0.00039002, -0.00106999,
         (297): 0.00112611, -0.000850657, 0.000895224, 4.22895e-08,
         (301): 3.09001e-08, 0.00204944, -0.00215674, 0.00267334, 0.00254035,
         (306): -0.00270129, 6.89101e-05, -7.08925e-05, 1.81392e-06,
         (310): -0.000978019, -0.000929373, 0.00227808, -5.81019e-05,
         (314): 1.52823e-05, 0.000598615, 0.00239469, -6.10917e-05,
         (318): 0.00117495, 0.00111647, 0.00015737, -0.00016556, -0.0022475,
         (323): -0.00213568, -0.00137469, 3.50658e-05, -2.32679e-09,
         (327): 7.62706e-09, 1.99393e-05, 0.000781123, 1.42811e-09,
         (331): 4.82561e-09, -0.00112864, 0.00118774, 3.13556e-05,
         (335): 0.00122867, -0.00069248, -0.000658035, 1.863e-08,
         (339): 1.40808e-08, 0.000301671, -7.68799e-06, 5.46516e-05,
         (343): 0.00214278, -5.46614e-05, -0.00214278, 0.000736333,
         (347): 0.000699695, -2.93604e-05, -0.00115106, -0.000200525,
         (351): 5.12055e-06, 0.000706467, -1.80181e-05, -0.000478984,
         (355): 1.22133e-05, -0.000971738, 0.00102261, 0.00025161,
         (359): 0.000239087, -1.00942e-09, 7.83471e-09, -0.000340679,
         (363): -0.000323734, -0.000385339, 0.000405515, 0.000116561,
         (367): 0.000110759, -0.000116551, -0.000110757, 0.000291446,
         (371): -7.43373e-06, 1.57139e-05, 0.000615893, 0, 0
         }
      }
   }
   GROUP "KPOINT5" {
      ATTRIBUTE "twfcollect" {
         DATATYPE  H5T_STD_I32LE
         DATASPACE  SIMPLE { ( 1 ) / ( 1 ) }
         DATA {
         (0): 0
         }
      }
      DATASET "BAND0" {
         DATATYPE  H5T_IEEE_F64LE
         DATASPACE  SIMPLE { ( 376 ) / ( 376 ) }
         DATA {
         (0): 0.0102229, 0.0648943, -0.0053508, -0.00389441, -0.00118392,
         (5): 0.00162664, -0.00360316, -0.0228728, -0.0213051, 0.00335622,
         (10): -0.00743856, -0.00541388, -0.0146842, 0.00231321, 0.000362779,
         (15): -0.000498437, -0.00185568, -0.0117797, -0.000772285,
         (19): 0.00106111, 0.000303209, -0.000416612, -0.00792643,
         (23): 0.00124867, -0.00912718, 0.00143781, -0.00990798, -0.00721118,
         (28): -0.000537661, 0.000738732, -0.00672271, 0.00105904,
         (32): -0.00791451, -0.0057603, -0.00727893, -0.00529772,
         (36): -0.00589979, -0.00429396, -0.000646547, -0.00410427,
         (40): -0.00428635, 0.000675233, -0.000704119, -0.00446971,
         (44): -0.000643036, -0.00408194, 0.000347357, -0.000477266,
         (48): -0.00386545, 0.00060893, -0.000527376, -0.00334776,
         (52): -0.00368699, 0.000580816, -0.00294309, -0.00214203,
         (56): -0.000380972, -0.00241841, -0.00256852, -0.00186941,
         (60): -0.00150097, 0.000236448, 8.92567e-05, -0.00012263,
         (64): -0.000226931, -0.00144056, 0.000199795, -0.00027451,
         (68): -0.000196713, 0.00027028, -0.000196723, 0.000270286,
         (72): -0.00180099, 0.000283708, 6.59555e-05, -9.06197e-05,
         (76): -0.00179284, -0.00130485, -0.0012155, -0.00088466,
         (80): -0.000178282, -0.00113173, -0.00147559, -0.00107396,
         (84): -0.000958114, 0.000150937, -0.000924209, 0.000145588,
         (88): -0.000111551, -0.000708108, 0, 0, 0, 0, 0.00320776, 0.0263793,
         (96): 0.0558091, 0.0437077, -0.0372843, 0.0476071, 0.000596731,
         (101): 0.00490731, 0.00496393, -0.000603639, -0.00657246,
         (105): -0.00514734, -0.0248807, 0.00302552, -0.00535417, 0.00683659,
         (110): 0.00112838, 0.00927937, -0.00659723, 0.00842379, -0.0058005,
         (115): 0.00740653, -0.00625111, 0.000760142, -0.0111803, 0.00135953,
         (120): -0.00166849, -0.00130674, -0.00584068, 0.00745784,
         (124): -0.00486307, 0.000591341, -0.00274384, -0.00214887,
         (128): -0.00332803, -0.00260639, -0.000272717, -0.000213581,
         (132): 0.000568157, 0.0046723, -0.00560658, 0.000681769,
         (136): 0.000264297, 0.00217345, 0.000509532, 0.00419005,
         (140): -0.00312215, 0.00398658, -0.00380774, 0.000463029,
         (144): 0.00015526, 0.00127682, -0.00356425, 0.000433417,
         (148): -0.000482988, -0.000378256, 2.78752e-05, 0.000229277,
         (152): -0.000490578, -0.000384196, -0.00184766, 0.000224677,
         (156): -0.00207828, 0.00265368, 0.000160279, 0.00131812,
         (160): -0.000850683, 0.0010862, -0.00183922, 0.00234844, -0.0018392,
         (165): 0.00234843, 0.00066693, -8.1104e-05, -0.000213028,
         (169): 0.000272016, -0.000141542, -0.000110856, -0.000731761,
         (173): -0.000573098, 3.3529e-05, 0.000275738, 0.000630484,
         (177): 0.000493775, -0.0015744, 0.000191448, -0.0012773,
         (181): 0.000155325, 9.41505e-05, 0.00077424, 0, 0, 0, 0, 0.0382147,
         (189): -0.0196256, -0.0464378, 0.144493, 0.0379256, 0.0121886,
         (194): -0.0145221, 0.00745808, 0.00143262, 0.00278956, 0.00638394,
         (199): -0.019864, -0.000942285, -0.00183485, 0.00631339, 0.00202905,
         (204): 0.0106952, -0.00549267, -0.000814148, -0.000261652,
         (208): 0.0104614, 0.00336211, -0.000358257, -0.00069757, 0.00136254,
         (213): 0.00265314, 0.00228328, -0.00710449, 0.00226017, 0.00072639,
         (218): 0.000847127, 0.00164954, 0.00111846, -0.00348015,
         (222): -0.000873063, 0.0027166, -0.000160972, 0.000500908,
         (226): 0.00287324, -0.00147558, 0.000903532, 0.00175933, 0.00149592,
         (231): -0.000768239, 0.00312495, -0.00160487, 0.00243001,
         (235): 0.000780968, -0.000641274, -0.00124866, 0.00247349,
         (239): -0.0012703, -0.000887422, -0.00172796, 0.000742616,
         (243): -0.00231067, -0.00186416, 0.000957362, 2.06524e-05,
         (247): -6.42624e-05, 5.29619e-05, 0.000103126, 0.00144251,
         (251): 0.000463606, 0.000877556, -0.000450683, 0.00176945,
         (255): 0.000568687, 0.00144395, 0.000464067, 0.00144393,
         (259): 0.000464052, 0.000360013, 0.000701008, 0.00144837,
         (263): 0.000465481, 0.000218984, -0.000681396, -7.52734e-05,
         (267): 0.000234199, 0.000101661, -5.22146e-05, 6.25816e-05,
         (271): -0.000194728, -5.49665e-07, -1.05714e-06, -0.00029304,
         (275): -0.000570606, 0.000309872, -0.000159141, 0, 0, 0, 0,
         (282): -1.05102e-07, -6.3838e-07, -7.42486e-08, -3.00158e-08,
         (286): -0.0849005, 0.0517235, -0.0150966, 0.0621685, 0.0532884,
         (291): 0.0129403, 0.00852678, 0.0139961, -0.00379182, -0.000920774,
         (296): -0.0106303, 0.00647622, 0.00330856, -0.0136247, 0.00925466,
         (301): -0.00563816, 0.00132622, -0.000807976, 0.00431435,
         (305): 0.00104765, -0.00348645, -0.000846633, -0.00261014,
         (309): -0.00428438, -0.00131167, 0.000799108, 1.46626e-08,
         (313): -6.22557e-09, 0.00238315, 0.00391179, 1.16668e-10,
         (317): -2.10436e-09, -4.52238e-09, -6.40044e-09, -0.000163072,
         (321): 0.000671513, 0.00113569, 0.000275786, -0.00027032,
         (325): 0.00111321, 0.000316197, -0.00130217, -0.000185597,
         (329): 0.000113058, 0.00208647, 0.000506666, -0.000600961,
         (333): 0.00247478, -0.00143402, -0.000348217, -0.000374267,
         (337): -0.000614328, -4.40796e-05, 0.000181529, 0.000530294,
         (341): 0.000870443, 5.54774e-09, -2.17941e-09, -8.47298e-06,
         (345): 5.15773e-06, 0.000115787, -0.000476797, -0.00165551,
         (349): 0.00100857, -9.74782e-05, 5.93814e-05, 9.74766e-05,
         (353): -5.93871e-05, 0.000182037, 4.42045e-05, 0.000552818,
         (357): -0.000336788, 4.32216e-05, 7.09457e-05, -1.12963e-08,
         (361): -2.88988e-09, 9.80476e-05, -0.000403745, -0.000370366,
         (365): -0.000607918, -0.000322966, -7.84269e-05, -0.000328578,
         (369): -7.97829e-05, 2.18239e-05, -8.99115e-05, 0, 0, 0, 0
         }
      }
   }
   GROUP "KPOINT6" {
      ATTRIBUTE "twfcollect" {
         DATATYPE  H5T_STD_I32LE
         DATASPACE  SIMPLE { ( 1 ) / ( 1 ) }
         DATA {
         (0): 0
         }
      }
      DATASET "BAND0" {
         DATATYPE  H5T_IEEE_F64LE
         DATASPACE  SIMPLE { ( 376 ) / ( 376 ) }
         DATA {
         (0): 0.00238312, 0.00358246, -0.0116785, 0.0580901, -0.00383332,
         (5): 0.00255002, 0.00546923, -0.0272044, -0.0226527, -0.00455415,
         (10): -0.00477598, -0.00717955, -0.0171405, -0.00344596,
         (14): 0.000126144, -8.39187e-05, 0.00232479, -0.0115637,
         (18): -0.00225381, 0.00149927, 0.000625284, -0.000415958,
         (22): -0.00728839, -0.00146528, -0.0084308, -0.00169495,
         (26): -0.00654386, -0.00983713, -0.00713887, -0.00143522,
         (30): -0.0059193, -0.00889824, -0.00448864, -0.00674758,
         (34): -0.000980372, 0.000652166, 0.000881686, -0.00438558,
         (38): -0.00462214, -0.00694828, -0.00499294, -0.00100379,
         (42): -0.00482868, -0.000970776, 0.000839386, -0.00417518,
         (46): 0.00043845, -0.000291671, 0.000697284, -0.00346837,
         (50): 0.000621518, -0.0030915, -5.444e-05, 3.62151e-05, -0.00358975,
         (55): -0.000721691, -0.00211316, -0.00317662, 0.000301405,
         (59): -0.00149921, -0.000465156, 0.000309434, -0.00171149,
         (63): -0.000344081, -0.00187465, -0.00281809, 0.000417692,
         (67): -0.00207765, -0.000510708, 0.000339733, 0.000188738,
         (71): -0.000125552, -0.00151118, -0.000303809, -0.00093119,
         (75): -0.00139982, -0.00120285, -0.000241823, 0.000222271,
         (79): -0.00110559, 0.000205281, -0.000136556, -0.000951025,
         (83): -0.00142964, -0.000948281, -0.00142551, -0.000380457,
         (87): -0.000571923, -0.00101204, -0.000203463, 0, 0, 0, 0,
         (94): 0.0218261, 0.0610856, -0.00683519, 0.0144352, -0.044684,
         (99): 0.0159657, 0.00176888, -0.00373564, -0.00291419, -0.00137992,
         (104): -0.00246808, -0.00690754, -0.0214028, -0.0101344,
         (108): -0.00973659, 0.00347891, -0.00492831, 0.0104081, -0.0120191,
         (113): 0.00429447, -0.0105628, 0.0037741, -0.00548006, -0.00259489,
         (118): -0.008164, -0.00386572, -4.39677e-05, -0.000123071,
         (122): -0.00488966, -0.00231532, -0.000902579, -0.00252603,
         (126): -0.000111495, -0.00031202, -0.00753043, 0.00269064,
         (130): -0.00262923, 0.00555265, -0.000982863, -0.00275082,
         (134): -0.0059814, -0.00283226, -0.0044565, -0.00211018,
         (138): -0.00208524, 0.00440376, -0.00565839, 0.00202177,
         (142): -0.000867014, 0.00183104, -0.000709282, 0.00149791,
         (146): -0.00440562, 0.00157415, -0.00225902, -0.00106968,
         (150): -6.55191e-05, -0.000183418, -0.000934531, 0.00197361,
         (154): -0.00373012, 0.00133278, -0.00229572, -0.00108705,
         (158): -0.000212578, -0.000594941, -0.00025852, 0.000545944,
         (162): -0.00325591, 0.00116335, -0.00122451, 0.000437526,
         (166): 0.000226785, 0.000107385, -0.000238665, -0.000667983,
         (170): -0.00179478, -0.000849842, -0.000275522, 0.000581894,
         (174): -0.000838033, 0.000299437, 0.00031578, 0.00088381,
         (178): -2.23858e-05, -6.26453e-05, -0.000147769, -0.000413581,
         (182): -0.000921651, -0.000436408, 0, 0, 0, 0, 0.0700396, 0.163686,
         (190): 0.0173771, -0.04337, 0.0134581, -0.0057586, -0.0138945,
         (195): 0.0346782, 0.0188145, 0.00753841, -0.00653179, -0.0152652,
         (200): -0.00413261, -0.0016558, 0.00326407, -0.00139666, 0.00418111,
         (205): -0.0104353, 0.00222793, -0.000953312, 0.00999177,
         (209): -0.00427537, -0.000102648, -4.11365e-05, 0.00117382,
         (213): 0.000470317, -0.00252657, -0.00590475, 0.00199966,
         (217): 0.000801189, -0.000980312, -0.00229103, -0.000274175,
         (221): -0.000640768, 0.00133262, -0.000570222, 0.00154513,
         (225): -0.00385636, 0.000614209, 0.00143544, 0.0016763, 0.000671641,
         (230): -0.00119025, -0.000476886, 0.001434, -0.00357901, 0.0025176,
         (235): -0.00107725, 0.000469966, -0.00117295, 0.000806465,
         (239): -0.00201281, 0.00139317, -0.000596121, -0.00182339,
         (243): -0.000730575, -0.000993287, -0.00232137, 0.000750732,
         (247): -0.0018737, 0.00175259, -0.000749915, 3.87704e-05,
         (251): 1.5528e-05, 4.36436e-05, 0.000102007, -0.000519093,
         (255): 0.00129555, 0.00148896, -0.000637114, 0.000900046,
         (259): -0.00038512, 0.0011153, 0.000446861, -0.000111975,
         (263): -0.000261694, -0.000255879, -0.000102521, 4.10544e-05,
         (267): -0.000102472, 0.00146844, -0.000628327, 9.23692e-06,
         (271): 2.16003e-05, -0.000248772, -0.000581385, -0.000227231,
         (275): -0.000531053, -0.0006843, -0.000274176, 0, 0, 0, 0,
         (282): -0.0161714, -0.0380055, 0.0041786, -0.0103684, -0.0772211,
         (287): 0.0328578, -0.0268143, 0.0665344, 0.038152, 0.0153758,
         (292): 0.0020284, 0.00476709, -0.00166157, -0.000669647, -0.011038,
         (297): 0.00469668, 0.00268563, -0.00666385, 0.0105244, -0.00447817,
         (302): 0.00485129, -0.00206425, 0.00345962, 0.00139426, -0.00206407,
         (307): -0.000831852, -0.000526671, -0.00123774, 0.00187427,
         (311): 0.000755359, 0.00136783, 0.00321465, -0.000175518,
         (315): -0.000412496, -0.00119658, 0.000509154, -0.000111215,
         (319): 0.000275946, -0.000778055, -0.00182856, 0.00117432,
         (323): 0.000473265, 0.00232262, 0.000936042, 0.000491053,
         (327): -0.00121845, 0.00138489, -0.000589279, -0.000458452,
         (331): 0.00113754, -0.000698077, 0.00173213, 0.000260421,
         (335): -0.000110807, -0.000909746, -0.000366649, -5.50767e-05,
         (339): -0.000129448, 0.000221874, -0.000550533, -0.000207739,
         (343): 8.83893e-05, 0.000687868, 0.000277224, -8.99399e-05,
         (347): -0.000211372, 0.000653034, -0.00162038, 0.000109842,
         (351): -4.6735e-05, -0.00117543, 0.000500156, 0.000718404,
         (355): 0.000289533, 2.33328e-05, 5.48316e-05, -0.000246525,
         (359): -9.9352e-05, 0.000344048, -0.000853675, 0.000815804,
         (363): -0.000347126, -9.92728e-05, -0.000233309, 8.10815e-05,
         (367): 0.000190552, -4.79139e-05, -0.000112605, -0.000279603,
         (371): -0.000112683, 0, 0, 0, 0
         }
      }
   }
   GROUP "KPOINT7" {
      ATTRIBUTE "twfcollect" {
         DATATYPE  H5T_STD_I32LE
         DATASPACE  SIMPLE { ( 1 ) / ( 1 ) }
         DATA {
         (0): 0
         }
      }
      DATASET "BAND0" {
         DATATYPE  H5T_IEEE_F64LE
         DATASPACE  SIMPLE { ( 376 ) / ( 376 ) }
         DATA {
         (0): 0.0318378, 0.0128427, -0.0139127, -0.0327257, -0.00451795,
         (5): 0.0112002, 0.0203809, 0.0479402, -0.0229083, 0.00973904,
         (10): -0.0213754, 0.00908736, -0.00853137, -0.00344138,
         (14): -0.000892605, 0.00221281, -0.00234599, 0.00581585,
         (18): -0.000222768, 0.000552246, -0.00380364, -0.00894702,
         (22): -0.00840529, -0.00339051, -0.0107675, -0.0043434, -0.00778575,
         (27): 0.00330996, -0.00143595, -0.0033777, -0.0101552, -0.0040964,
         (32): -0.00708143, 0.00301053, -0.00814883, 0.00346433, -0.00649799,
         (37): 0.00276249, -0.00663038, 0.00281879, -0.00086965, 0.00215591,
         (42): -0.0071865, -0.0028989, -0.000192968, 0.000478356, -0.0014386,
         (47): -0.00338392, -0.000529073, 0.00131161, -0.000590647,
         (51): 0.00146424, -0.000450198, -0.00105894, -0.00101229,
         (55): -0.00238114, -0.00235388, 0.00100071, -0.000941685,
         (59): -0.00221503, -0.00366066, -0.00147664, -0.00336503,
         (63): -0.00135738, -0.00340657, 0.00144823, -0.000545123,
         (67): 0.00135141, -0.000605867, -0.00142512, -0.00178355,
         (71): 0.000758241, -0.00181865, -0.000733609, -0.000337777,
         (75): -0.000794515, -0.00117056, 0.000497646, -2.85073e-05,
         (79): 7.06724e-05, -0.000829956, -0.000334788, 6.26592e-05,
         (83): -0.000155343, -2.03339e-05, -4.78447e-05, -0.00133715,
         (87): -0.00053938, -0.000812327, 0.000345343, -0.000879617,
         (91): -0.000354822, -0.000727884, -0.000293619, 0.0318867,
         (95): 0.00715108, -0.0116262, -0.0183485, -0.00701663, 0.0312872,
         (100): 0.00452827, 0.00714653, -0.00776229, 0.00491844, -0.014431,
         (105): 0.00914397, -0.00284954, -0.000639053, -0.00239126,
         (109): 0.0106626, -0.00299866, 0.0133711, -0.00308212, 0.0137432,
         (114): 0.00816779, 0.0128905, 0.00159176, 0.000356958, 0.000329375,
         (119): 7.38609e-05, -0.00405227, 0.00256767, 0.00478081, 0.00754511,
         (124): 0.00342729, 0.000768614, -0.0038737, 0.00245451, -0.00479546,
         (129): 0.00303857, -0.00530321, 0.0033603, -0.00411381, 0.00260665,
         (134): -0.00140173, 0.00625029, -0.000349366, -7.83471e-05,
         (138): -0.00156816, 0.00699246, 0.00343196, 0.00541635, -0.00136332,
         (143): 0.00607906, -0.00112905, 0.00503442, 0.00202953, 0.00320299,
         (148): 0.00129918, 0.00205038, -0.00233893, 0.00148203, 0.00122102,
         (153): 0.00192702, 0.00109907, 0.000246471, 0.000151825,
         (157): 3.40394e-05, -0.000655368, 0.000415268, -0.000802222,
         (161): 0.0035771, 0.000686212, 0.00108298, -0.00180128, 0.00114135,
         (166): -4.15419e-06, -9.221e-07, 0.000708668, 0.00111842,
         (170): -0.000183193, 0.000116076, -0.000253195, 0.00112899,
         (174): -7.3269e-05, -1.64292e-05, -0.000331613, 0.00147868,
         (178): 0.000730596, 0.00115303, 0.00110154, 0.00024704, -0.00130801,
         (183): 0.000828796, -0.000205716, -4.61383e-05, -9.91548e-05,
         (187): -2.22414e-05, -0.166556, -0.0668156, -0.0308741, -0.072239,
         (192): 0.00813929, -0.0202893, 0.0178011, 0.0416508, -0.0314535,
         (197): 0.0134429, 0.00777193, -0.00332163, 0.0124507, 0.00499472,
         (202): 0.00213461, -0.0053211, -0.00130831, 0.00326131, -0.00317593,
         (207): 0.00791688, 0.00234173, 0.00547916, 0.000606883, 0.000243455,
         (212): 0.000551246, 0.000221137, -0.00215796, 0.000922287,
         (216): 0.000776677, 0.00181725, 0.00302716, 0.00121438, 0.000207449,
         (221): -8.86651e-05, 0.000721889, -0.00030853, -0.000603985,
         (225): 0.000258135, 0.00126442, -0.000540398, 0.00025965,
         (229): -0.000647248, -0.000170004, -6.81998e-05, -0.000498886,
         (233): 0.0012436, 0.000751981, 0.00175948, -1.20603e-05, 3.0064e-05,
         (238): -0.00043336, 0.00108026, 0.000811666, 0.00189913, 0.00020931,
         (243): 0.000489739, 0.000357397, -0.000152746, -1.53583e-05,
         (247): -3.59349e-05, 0.00148248, 0.000594716, 1.00521e-05,
         (251): 4.03336e-06, 0.00161995, -0.000692349, -0.000261354,
         (255): 0.000651496, -0.000155058, -0.000362807, 0.000734362,
         (259): -0.000313858, 0.000492018, 0.000197378, 0.000114576,
         (263): 0.000268082, -0.00138456, 0.000591746, 5.53183e-05,
         (267): -0.000137896, 0.000924905, 0.000371036, -0.000409433,
         (271): 0.00102062, 0.000400803, 0.000937793, -0.000544002,
         (275): -0.000218231, 0.000701973, -0.000300015, 0.000436458,
         (279): 0.00017509, 0.000398984, 0.000160057, 0.126567, 0.0594126,
         (284): -0.0170487, -0.047215, 0.0278321, -0.0592911, -0.00422238,
         (289): -0.0116935, -0.0133696, 0.0048276, 0.000794757, -0.000286973,
         (294): -0.00652862, -0.00306463, 0.00526376, -0.0112135,
         (298): -0.00287536, 0.00612542, -8.23983e-05, 0.000175533,
         (302): -0.000297322, -0.000823422, -0.000153677, -7.21356e-05,
         (306): -0.00211081, -0.000990846, -0.000803666, 0.000290191,
         (310): -0.00105738, -0.00292832, -0.00166132, -0.000779848,
         (314): -0.00208396, 0.00075249, 0.00240429, -0.000868151,
         (318): 0.000383096, -0.000138332, -0.0023541, 0.000850036,
         (322): 0.000959789, -0.00204464, 0.00229325, 0.00107648,
         (326): -2.98979e-05, 6.36937e-05, -0.000355102, -0.00098341,
         (330): 0.000253583, -0.000540213, 0.000735106, -0.001566,
         (334): -0.000408135, -0.0011303, -0.000665623, -0.0018434,
         (338): -0.000633298, 0.000228675, -0.000523893, -0.00145088,
         (342): -0.000915356, -0.000429685, 0.000819867, 0.000384858,
         (346): 0.000122656, -4.42879e-05, 0.000440988, -0.000939437,
         (350): 0.000718884, 0.00199089, 3.5935e-05, -1.29742e-05,
         (354): -0.000436104, -0.000204714, 0.000417337, 0.00115579,
         (358): -0.000160947, 5.81188e-05, 0.00041747, -0.000889344,
         (362): -0.00047669, -0.000223763, 2.25804e-06, -4.80976e-06,
         (366): -0.00031698, -0.000877852, 9.7906e-05, 4.59588e-05,
         (370): -0.000566521, 0.000204562, -0.000138739, -6.51261e-05,
         (374): 7.98574e-05, 3.74851e-05
         }
      }
   }
   GROUP "KPOINT8" {
      ATTRIBUTE "twfcollect" {
         DATATYPE  H5T_STD_I32LE
         DATASPACE  SIMPLE { ( 1 ) / ( 1 ) }
         DATA {
         (0): 0
         }
      }
      DATASET "BAND0" {
         DATATYPE  H5T_IEEE_F64LE
         DATASPACE  SIMPLE { ( 376 ) / ( 376 ) }
         DATA {
         (0): -0.0133624, 0.0334826, -0.0466312, 0.0200283, 0.0241004,
         (5): -0.0103512, -0.0103348, -0.0240621, -0.00838765, -0.0033474,
         (10): 0.00397918, -0.00997074, -0.00695185, -0.0161857,
         (14): -0.000744102, -0.000296962, -0.00463792, -0.00185092,
         (18): 0.010398, -0.00446599, -0.000807046, -0.000322082, 0.0052107,
         (23): -0.0130566, 0.00334051, -0.0083704, -0.00321666, -0.00748925,
         (28): -0.00378341, -0.00880876, -0.00324569, -0.00755681,
         (32): -0.00260134, -0.00103816, 0.00362505, -0.00155697,
         (36): -0.00273811, -0.00637504, 0.00352483, -0.00883225, 0.0037621,
         (41): -0.00161584, -0.000523946, -0.0002091, 0.00285482,
         (45): -0.00715339, -0.00220004, -0.00512228, 0.00331995,
         (49): -0.00142593, 0.00291115, -0.00125036, 0.00177149, -0.00443887,
         (54): -0.00195048, -0.00454125, -0.000736681, -0.000294002,
         (58): 0.00119106, -0.000511565, -0.000958787, -0.0022323,
         (62): -0.00113348, -0.000452356, -0.00113348, -0.000452351,
         (66): 0.00127474, -0.00319415, 0.00146354, -0.000628598,
         (70): 0.000711039, -0.00178166, 0.000239302, 9.5503e-05,
         (74): -0.000663409, -0.00154459, -0.000430923, -0.0010033,
         (78): -0.000616527, -0.00143544, 0.000317059, -0.000794463,
         (82): 0.000168825, 6.73749e-05, 0.000812044, -0.000348776,
         (86): 0.000554405, -0.000238118, 0.000681148, -0.00170677,
         (90): -0.000370954, -0.000148043, 0, 0, -0.0170034, 0.0576036,
         (96): 8.02806e-05, -4.36819e-05, -0.0134188, 0.00730234, 0.00440399,
         (101): 0.00809278, -0.0406049, -0.0119857, 0.00150789, -0.00510839,
         (106): -0.00777159, -0.0142811, -0.0123308, -0.00363981, -0.0116137,
         (111): -0.00342811, -0.0124983, 0.00680143, -0.0117917, -0.00348065,
         (116): -0.000594557, 0.00201421, -0.00022865, 0.000774617,
         (120): -0.00218567, -0.0040164, -0.00350631, -0.00644319,
         (124): -0.0020245, -0.00372022, -0.00786738, -0.00232229,
         (128): -0.0068489, 0.00372708, -0.00330233, -0.00606835,
         (132): -1.29496e-05, 4.38813e-05, -0.00542254, 0.00295088,
         (136): -0.00685694, -0.00202402, 0.000337802, -0.00114439,
         (140): -0.00157706, -0.00289801, -0.00286537, 0.0015593,
         (144): -0.00278832, 0.00151737, -5.6322e-05, 0.000190808,
         (148): -0.00103661, -0.00190489, -0.00482027, -0.00142284,
         (152): -0.00251976, 0.00137122, -0.00131433, -0.00241521,
         (156): -0.00402927, -0.00118936, -0.00402927, -0.00118936,
         (160): 1.64829e-05, -5.58352e-05, -0.000698873, 0.000380317,
         (164): 5.55083e-05, -0.000188048, -0.00168356, -0.000496951,
         (168): -0.000849153, -0.0015604, 4.81417e-05, 8.84653e-05,
         (172): -0.000569039, -0.00104566, 9.20237e-05, -0.000311758,
         (176): -0.000954571, -0.00028177, -0.000500975, 0.000272626,
         (180): -0.0008078, 0.000439596, -0.000106618, 0.0003612,
         (184): -0.00126616, -0.000373742, 0, 0, 0.128094, -0.179966,
         (190): -0.0504514, 0.00849525, 0.0229451, -0.00386363, -0.00252023,
         (195): -0.0149672, -0.016455, -0.0117121, -0.011131, 0.0156385,
         (200): 0.000478222, 0.00284007, -0.0055893, -0.00397829,
         (204): -0.000637668, -0.000453862, -0.00845424, 0.00142356,
         (208): -0.00742381, -0.005284, -0.00306831, 0.00431085,
         (212): -0.000690265, 0.00096979, -7.01258e-06, -4.16366e-05,
         (216): -0.000382007, -0.00226865, -0.000370268, -0.00219892,
         (220): -0.00202352, -0.00144027, -0.00487739, 0.000821275,
         (224): -0.000257824, -0.00153113, -0.0012377, 0.00173892,
         (228): -0.00347942, 0.00058588, -0.00179578, -0.00127817,
         (232): 0.00110701, -0.00155529, 0.000207527, 0.00123246,
         (236): -0.00287642, 0.000484343, -0.00130731, 0.00022013,
         (240): -0.00157154, 0.00220794, 0.000235429, 0.00139815,
         (244): -0.00128852, -0.000917129, -0.00239665, 0.000403558,
         (248): 3.54424e-05, 0.000210495, -0.00172949, -0.00123099,
         (252): -0.00172949, -0.00123099, 0.000245999, -0.000345613,
         (256): 0.00128776, -0.000216839, -0.000384663, 0.000540436,
         (260): -0.00109761, -0.00078124, 4.90805e-05, 0.00029147,
         (264): -0.000121384, -0.000720873, 0.000127545, 0.000757465,
         (268): -0.000540956, 0.000760021, -0.000871252, -0.000620127,
         (272): 5.15031e-05, -8.67172e-06, -7.13351e-05, 1.20121e-05,
         (276): -0.000166711, 0.000234222, 0.000266739, 0.000189857, 0, 0,
         (282): 1.15753e-07, -1.34637e-07, 3.06953e-07, -7.61483e-08,
         (286): -0.0123255, 0.0843975, 0.0752433, 0.0109883, -0.039785,
         (291): 0.0296454, 0.00546961, 0.0073402, -0.00200634, -0.00029301,
         (296): -0.0120658, 0.0089907, 0.0119298, -0.00888938, 0.00137089,
         (301): -0.00938693, 0.000321534, -0.000239401, -0.00181144,
         (305): -0.002431, 1.2643e-08, -6.1917e-09, 0.00198207, 0.000289491,
         (310): -0.00257328, -0.000375773, 1.1351e-08, 5.75628e-08,
         (314): -0.00222338, 0.00165677, -0.000164371, 0.00112578,
         (318): 0.00138779, 0.000202703, 0.00142466, 0.00191197, 0.000173714,
         (323): -0.00118929, -0.000336073, 0.000250509, -5.96007e-10,
         (327): -1.00943e-08, 0.00201103, 0.000293695, -0.000232664,
         (331): 0.0015931, -0.000238735, 0.00163478, -0.000452727,
         (335): -0.000607567, -0.00139033, -0.000203058, 5.95167e-05,
         (339): -4.43135e-05, 5.38608e-05, -0.000368645, 4.69994e-09,
         (343): 2.70721e-08, -0.000170337, 0.000126941, 0.000170362,
         (347): -0.000126927, 0.000402346, 0.000539946, 2.89685e-05,
         (351): -0.000198233, 3.48785e-09, -6.07383e-10, -0.00129492,
         (355): 0.0009649, -0.000162453, -2.37213e-05, 0.000386826,
         (359): 5.6501e-05, -0.000495856, -7.24214e-05, -0.000117717,
         (363): -0.000157989, 0.000404852, -0.000301653, 0.000112982,
         (367): -0.000773645, -4.44175e-05, 0.000304248, 1.15776e-05,
         (371): 1.55346e-05, -0.000664697, 0.000495314, 0, 0
         }
      }
   }
   GROUP "KPOINT9" {
      ATTRIBUTE "twfcollect" {
         DATATYPE  H5T_STD_I32LE
         DATASPACE  SIMPLE { ( 1 ) / ( 1 ) }
         DATA {
         (0): 0
         }
      }
      DATASET "BAND0" {
         DATATYPE  H5T_IEEE_F64LE
         DATASPACE  SIMPLE { ( 376 ) / ( 376 ) }
         DATA {
         (0): -0.00115639, -0.000121391, 0.0379967, 0.046912, -0.000737151,
         (5): 0.00702045, -0.0152772, -0.0188617, -0.0153835, 0.01246,
         (10): -0.00845209, -0.000887469, -0.0140538, 0.0113829, -0.00757655,
         (15): -0.00935429, -4.93415e-05, 0.000470023, -4.93483e-05,
         (19): 0.000470025, -0.000232797, 0.00221714, -0.00881959,
         (23): 0.00714348, -0.0130959, -0.00137505, -0.00018317, 0.00174458,
         (28): -0.00674664, 0.00546448, -0.00589892, 0.00477787, -0.0106587,
         (33): -0.00111915, -0.0109253, -0.00114714, -0.00748766,
         (37): -0.000786197, -0.00253671, -0.00313192, -0.00253671,
         (41): -0.00313192, 1.44093e-05, -0.000137157, -0.00277366,
         (45): -0.00342446, -0.00367117, 0.00297349, -0.00367116, 0.00297348,
         (50): -0.0033496, 0.00271302, -0.0038591, -0.000405205, -0.0038591,
         (55): -0.000405201, -0.00185564, -0.00229104, -0.00185564,
         (59): -0.00229104, -0.00152405, 0.00123441, -1.66437e-05,
         (63): 0.000158503, -0.000864772, -0.00106768, -5.67307e-05,
         (67): 0.000540308, -5.67333e-05, 0.000540308, 1.2596e-05,
         (71): -0.000119945, -0.00118172, 0.000957145, -0.000726421,
         (75): -0.00089687, -0.0021938, -0.000230349, 1.18733e-05,
         (79): -0.000113066, -0.000420377, -0.000519015, -2.01101e-05,
         (83): 0.000191548, -0.00151375, -0.000158939, -0.000879388,
         (87): 0.000712264, -0.000879388, 0.000712266, -0.00159802,
         (91): -0.000167791, -0.000656268, -6.89084e-05, -0.0632497,
         (95): 0.0601669, -0.00121824, -3.04394e-05, -0.0309527, -0.0325386,
         (100): -0.013699, -0.000342176, -0.000100878, 0.00403861,
         (104): 0.00790763, -0.00752221, 0.000591225, -0.0236692,
         (108): -0.00963755, -0.00024073, -0.00678488, -0.00713252,
         (112): -0.00678489, -0.00713253, -0.00682016, -0.00716962,
         (116): 0.000252488, -0.010108, 0.00172295, -0.00163898, -0.00635033,
         (121): -0.0066757, 0.000153209, -0.00613375, 0.000139876,
         (125): -0.00559988, 0.0021372, -0.00203303, 0.00208427, -0.00198269,
         (130): 0.000119857, -0.000114021, -0.00409401, -0.000102263,
         (134): -0.00409401, -0.000102266, -0.00400747, -0.0042128,
         (138): -0.00258943, -6.46784e-05, 0.000113523, -0.00454465,
         (142): 0.000113522, -0.00454466, 9.13125e-05, -0.00365555,
         (146): 0.000708831, -0.000674283, 0.000708831, -0.000674281,
         (150): -0.00102657, -2.56442e-05, -0.00102657, -2.56412e-05,
         (154): 7.2189e-05, -0.00289006, -0.00229355, -0.00241107,
         (158): -0.000963656, -2.40692e-05, -0.00156483, -0.00164501,
         (162): -0.00156483, -0.00164501, -0.000773868, -0.000813521,
         (166): -1.30513e-05, 0.000522512, -0.00053331, -1.33216e-05,
         (170): -1.04604e-05, 9.95099e-06, -0.000256898, -0.000270062,
         (174): -0.000909058, -2.27072e-05, -0.00120528, -0.00126704,
         (178): 0.00045416, -0.000432023, 3.41063e-05, -0.0013654,
         (182): 3.41046e-05, -0.00136539, -0.000583417, 0.000554982,
         (186): 0.000221062, -0.000210285, -0.0358063, -0.0652635,
         (190): 2.39764e-07, -2.51997e-07, -0.104028, 0.00107649, -0.0309257,
         (195): -0.00210812, 0.0213651, 0.0256126, 7.08434e-05, 0.00684333,
         (200): -0.00115135, -0.00112774, 0.00861065, 0.000586959,
         (204): -0.00478392, -0.0031606, -0.00532572, 0.00400306, 0.00733163,
         (209): -0.000293313, -0.00571459, -0.00349343, 0.00316964,
         (213): 0.00090565, 7.60085e-05, 0.000257912, -0.00170876,
         (217): -0.000498049, 0.00238448, 0.00233564, 5.44457e-05,
         (221): 0.00526034, -0.0020706, -0.00377403, -0.00113361,
         (225): -0.00206623, 0.000177582, -0.000222418, -1.21883e-05,
         (229): 0.00017396, -0.000235499, -0.000269979, -0.000117783,
         (233): -8.03305e-06, -0.00160649, 9.12601e-05, 0.00235062,
         (237): 0.00171728, 0.00147159, -3.97299e-05, 0.000384876,
         (241): 0.00102857, -0.000495685, 9.60258e-05, -0.00209891,
         (245): 0.0019635, 0.000437353, -0.00207674, 0.000270655,
         (249): 7.88661e-05, 0.000187783, 0.000215239, 0.00035016,
         (253): 4.12869e-05, -0.000770971, 0.000543859, -0.00106682,
         (257): 0.000464439, -0.00147518, 1.52636e-05, 0.000118312,
         (261): 5.82815e-06, 0.000309164, -0.000315643, 0.000240039,
         (265): 0.000699992, 0.000138464, 0.000158713, -0.000185286,
         (269): -1.26366e-05, -0.000218569, -0.000372136, -0.00030326,
         (273): -0.000552747, -0.000449142, -0.000370625, 0.000368861,
         (277): 4.12402e-05, 0.000249704, -0.000256264, -3.99427e-05,
         (281): 0.00014857, -0.0392046, -0.0643208, -2.26985e-07,
         (285): -1.68985e-08, 0.033502, 0.0363979, 0.0424012, -0.0478492,
         (290): -0.0061981, -0.0204293, 0.00239442, -0.00220391,
         (294): -3.16934e-05, 0.000765747, -0.0118057, 0.0133226, 0.00933867,
         (299): 0.000178232, -0.00787523, 0.00370292, -0.00183291,
         (303): -0.00266651, -0.00320547, 0.00100696, 0.00178944, 0.00738507,
         (308): -0.000652833, 9.40249e-05, -0.00175028, -0.000424682,
         (312): 6.56653e-05, -0.00158581, 0.00184054, -0.00169409,
         (316): -0.00226709, -0.0037195, -0.00124124, -0.00203634,
         (320): -9.44387e-05, -6.44572e-05, -9.43635e-05, 0.000234001,
         (324): 0.000737564, -4.45322e-05, 0.000161526, -0.000182221,
         (328): -0.00245599, -0.00114201, 0.000912469, -0.000786283,
         (332): 0.00218621, 0.000987929, 0.000534256, 0.000577787,
         (336): -0.000197833, -0.00123746, 0.00153901, -0.000200293,
         (340): 0.000739019, -0.00237041, 0.000277219, 6.72534e-05,
         (344): -0.000588045, 3.55203e-05, -0.000491177, 0.000566999,
         (348): -0.00105344, 0.000519471, -0.000757792, 0.000584539,
         (352): 0.000475073, 0.000516157, 0.000162676, 6.74298e-05,
         (356): -0.00020992, -8.69752e-06, 0.000353381, 0.000340069,
         (360): -0.000433634, 2.61616e-05, 0.000254037, -0.000286686,
         (364): 0.00097983, -9.79832e-05, -0.000332061, -0.000544759,
         (368): -0.000112791, 0.000206696, 0.00047381, 0.000179645,
         (372): 2.79132e-05, 0.00069552, 3.26466e-05, -0.000148613
         }
      }
   }
}
}
