 (0.106489382647097,-6.026044254782634E-004)
 (-5.692664876476549E-004,-5.628596057207669E-004)
 (-7.921627379513912E-003,8.011792521816531E-003)
 (-7.163098441774256E-003,7.244632183411742E-003)
 (9.416727830805372E-005,1.664109113369606E-002)
 (-1.393223897610759E-002,7.883973293857250E-005)
 (7.282255604084764E-005,1.286892760717599E-002)
 (6.006961683903932E-005,1.061549178877481E-002)
 (-1.741720394267696E-004,-1.722115474864438E-004)
 (-9.757081743861914E-003,5.521349851055589E-005)
 (5.602518218723136E-005,9.900796698825992E-003)
 (2.095975776280568E-004,2.072373856175892E-004)
 (1.857323446756776E-004,1.836429301167576E-004)
 (-1.581445476346591E-004,-1.563676821239564E-004)
 (-8.133128676828173E-003,8.225703769988071E-003)
 (-7.706145626976832E-003,7.793854925608733E-003)
 (-7.178566485197752E-003,7.260273087898534E-003)
 (-6.674074787584201E-003,6.750040955832886E-003)
 (-6.208661165815877E-003,3.513291742665852E-005)
 (3.496373125859626E-005,6.178729434950855E-003)
 (-5.682800543599160E-003,3.215727305060112E-005)
 (2.972071127780055E-005,5.252381671552242E-003)
 (-3.480665466297417E-003,1.969650349778755E-005)
 (1.876808967539141E-005,3.316704264598077E-003)
 (2.108331764193753E-004,2.084616235440735E-004)
 (1.721438104713795E-005,3.042061924116479E-003)
 (1.721442628241170E-005,3.042061250331202E-003)
 (-1.150627363550890E-004,-1.137680003906994E-004)
 (-1.150628515115910E-004,-1.137672223405843E-004)
 (-2.720666507644377E-003,1.539591853063564E-005)
 (-2.720666073115666E-003,1.539653224620380E-005)
 (-1.725284267086271E-004,-1.705866638067404E-004)
 (-6.205791073915840E-006,-6.137097406491439E-006)
 (-2.081163942909720E-003,2.104851861581037E-003)
 (-1.992131032758756E-003,2.014805874803616E-003)
 (-1.992132067738454E-003,2.014806085843902E-003)
 (-1.324039028095515E-003,7.492557823170361E-006)
 (-1.324038637918471E-003,7.492759554394589E-006)
 (-1.638827780185978E-003,1.657480928150163E-003)
 (6.517356718773490E-006,1.151700010316444E-003)
 (6.516871952003036E-006,1.151700257113762E-003)
 (-5.383771006803850E-005,-5.323206661322231E-005)
 (0.000000000000000E+000,0.000000000000000E+000)
 (0.000000000000000E+000,0.000000000000000E+000)
 (0.000000000000000E+000,0.000000000000000E+000)
 (0.000000000000000E+000,0.000000000000000E+000)
 (-0.112417078716440,6.772725657947364E-002)
 (-0.223156568855824,-5.536028739199642E-002)
 (-7.322473948400927E-003,2.951674093646250E-002)
 (-8.658410467935887E-004,3.490061269336852E-003)
 (-4.976632591904500E-003,-8.260459418492339E-003)
 (1.268229681659143E-002,-7.640651685881830E-003)
 (1.013486185686756E-002,1.682238084628161E-002)
 (-5.772004167331357E-003,-9.580682064260038E-003)
 (3.687929806076946E-003,9.148782564088898E-004)
 (9.211637353503523E-004,-5.549665187954028E-004)
 (6.484484651909367E-003,1.076329633499757E-002)
 (7.269310836598219E-003,1.803369859532016E-003)
 (9.691252674528049E-003,2.404193413125922E-003)
 (6.881670669054575E-003,1.707191562498011E-003)
 (1.939878223664523E-003,-7.819572698990855E-003)
 (-7.336573456015045E-004,2.957271207683986E-003)
 (-1.309001921326332E-003,5.276549940609464E-003)
 (-3.397762811555325E-004,1.369599228637285E-003)
 (1.987039469687844E-003,-1.197123543006759E-003)
 (3.142493817640339E-003,5.216085258328744E-003)
 (1.181136108830733E-003,-7.115979128386753E-004)
 (1.260993528518721E-003,2.093048521792521E-003)
 (3.145804718521777E-003,-1.895230947595819E-003)
 (1.405929130032786E-003,2.333620147821855E-003)
 (3.287005406622085E-003,8.154435735351483E-004)
 (1.636706472246973E-003,2.716679338025457E-003)
 (1.636690842831225E-003,2.716667801315942E-003)
 (1.700056403305290E-003,4.217469064135082E-004)
 (1.700062068037102E-003,4.217522823053001E-004)
 (9.846409524896919E-004,-5.932076854647448E-004)
 (9.846469024094571E-004,-5.932022633844832E-004)
 (6.707402795265687E-004,1.663977467981070E-004)
 (7.980511937357127E-004,1.979808585761231E-004)
 (-1.158590142972049E-005,4.669737514086652E-005)
 (-3.650626084614763E-004,1.471537566955460E-003)
 (-3.650629152418598E-004,1.471536818231453E-003)
 (4.817067574878730E-004,-2.902093313386920E-004)
 (4.817135581004460E-004,-2.902073920975399E-004)
 (2.778537401951121E-004,-1.120055432325008E-003)
 (1.678705031932656E-004,2.786365136812156E-004)
 (1.678742114478373E-004,2.786408020169922E-004)
 (1.312689633930355E-004,3.256876445293246E-005)
 (0.000000000000000E+000,0.000000000000000E+000)
 (0.000000000000000E+000,0.000000000000000E+000)
 (0.000000000000000E+000,0.000000000000000E+000)
 (0.000000000000000E+000,0.000000000000000E+000)
 (-2.583128502057282E-002,0.274266333834386)
 (0.142864545331167,0.257708576288204)
 (3.132446900555839E-002,-7.883546099119408E-005)
 (7.352859027739536E-003,8.882025575055266E-003)
 (-8.998454136525266E-003,1.837710907442709E-002)
 (2.017990639897243E-002,-2.849618488336593E-003)
 (3.352662700598561E-003,-1.169396405089369E-002)
 (1.451602004735688E-003,1.367195169385179E-004)
 (-5.082181720022272E-003,-1.352480781008828E-003)
 (-3.827997923713252E-003,6.544998611265724E-003)
 (-6.209390801076923E-004,-8.245412312463240E-003)
 (9.329657984854104E-004,3.578576954638401E-003)
 (2.170216970827911E-003,1.520191651677977E-003)
 (4.906935224541812E-004,-3.100976527116610E-004)
 (1.881606466952692E-003,-1.043096526582648E-003)
 (2.031961875949883E-003,-6.669280401984187E-003)
 (2.137355367730533E-003,2.581820838779883E-003)
 (-5.467031138507284E-003,4.213824264878790E-003)
 (1.023126642276949E-003,1.089651961915374E-003)
 (-5.270256971482550E-004,1.838241397340167E-003)
 (-5.585535476611313E-003,-1.601372612504472E-003)
 (2.765806927135688E-004,1.309228163101222E-003)
 (9.526501365146478E-004,-2.457942664793942E-004)
 (-4.383941608164658E-004,2.465095267521659E-003)
 (3.783331186824748E-004,6.824609723287303E-004)
 (-3.380140245679950E-004,-2.375079965732527E-003)
 (1.167662251156568E-003,-5.187006232437606E-004)
 (1.875947704837871E-003,8.070630590133424E-004)
 (-1.235750864110422E-003,-1.803716036063145E-003)
 (-2.391519878298403E-005,1.770144060597011E-003)
 (3.213541889867391E-003,-8.556791372811233E-004)
 (-8.727860250271087E-004,7.225252035484245E-004)
 (5.812832299739738E-004,-4.812167124440545E-004)
 (-7.961659584650666E-004,7.495659012365153E-004)
 (1.255158174653989E-003,-1.101049891035266E-003)
 (-9.409985302794541E-004,-1.680798979336218E-004)
 (-1.878876253350826E-004,-4.226805551291316E-004)
 (2.679333124277686E-004,-4.273062497760277E-004)
 (5.472557117590658E-004,3.538287645816764E-004)
 (1.693275243240892E-004,-3.938952126168605E-004)
 (9.625112473044201E-005,5.137920031868981E-004)
 (-2.270325138894959E-004,-9.698933045278232E-004)
 (0.000000000000000E+000,0.000000000000000E+000)
 (0.000000000000000E+000,0.000000000000000E+000)
 (0.000000000000000E+000,0.000000000000000E+000)
 (0.000000000000000E+000,0.000000000000000E+000)
 (-0.202822580996383,0.508906861165392)
 (-0.225956363258736,-6.135904784351819E-002)
 (6.961585055133248E-003,4.696488990029336E-002)
 (9.059690485772260E-003,2.106650305561708E-002)
 (-1.443099123614317E-002,-1.611334431893996E-002)
 (-7.687494438718080E-003,-7.634549659244660E-003)
 (4.804791426744191E-003,8.387002871649986E-003)
 (2.693379739624401E-003,1.073403820662823E-003)
 (-3.701779454360896E-003,3.936518622590457E-003)
 (-3.260230654257640E-003,1.252264841170199E-002)
 (-2.117371828920119E-003,3.568561273007040E-003)
 (-4.323498958672621E-003,2.429026013411130E-005)
 (1.650183619573903E-004,-1.469073414422866E-003)
 (1.019119519425400E-003,-4.789987756479508E-004)
 (-4.480091185894113E-004,1.649777318478123E-003)
 (-5.107628772234723E-003,-4.471530766540254E-003)
 (2.633419939332740E-003,6.123441021546501E-003)
 (2.288616956785623E-003,-3.458439861134915E-003)
 (-1.359489775798591E-003,1.889191412474571E-003)
 (-7.553923970557623E-004,-1.318688457586993E-003)
 (4.005976216362851E-003,-2.295039065044964E-003)
 (6.650026160502822E-004,-4.265019271175031E-004)
 (-2.755739830970776E-004,-5.656502198464714E-004)
 (-5.178202565841643E-004,-1.557125211598076E-003)
 (-5.983464433779381E-004,-1.625059905634345E-004)
 (-9.037163108205588E-004,9.028130689728499E-004)
 (2.092795707261496E-003,1.172834869895028E-003)
 (9.041052800895992E-004,-1.383765219819781E-003)
 (1.315241288156509E-003,6.262389325669310E-004)
 (-1.379475481783279E-003,3.267946454104298E-003)
 (-9.085412694320784E-004,-1.957140309070776E-003)
 (-2.069847001160057E-003,8.901269696386560E-004)
 (1.378716584639356E-003,-5.928543505923776E-004)
 (4.466350208304756E-004,-3.504273567629755E-004)
 (-6.368638392172537E-004,6.433147225986197E-004)
 (-3.513428792394911E-004,-1.603115859904174E-003)
 (4.244869783588373E-004,-7.573364108533357E-004)
 (2.039742254872320E-004,-8.195795509697249E-004)
 (4.179825875336163E-004,1.221215195539791E-003)
 (2.658169508063026E-004,3.268677855963573E-004)
 (2.382020137787289E-004,-1.770721947680583E-004)
 (1.200887575425577E-003,-2.824472376122204E-005)
 (0.000000000000000E+000,0.000000000000000E+000)
 (0.000000000000000E+000,0.000000000000000E+000)
 (0.000000000000000E+000,0.000000000000000E+000)
 (0.000000000000000E+000,0.000000000000000E+000)
 (2.724186040925386E-003,3.227534578500023E-003)
 (6.100555670457285E-003,5.352574167278037E-003)
 (3.403523146365301E-003,2.306187545805216E-003)
 (2.939899481853022E-004,-3.867966420290904E-004)
 (-3.231276624294851E-005,-2.298949624085500E-003)
 (-2.737942537068952E-004,3.703493873541460E-004)
 (6.064024686656584E-004,-1.617813586568209E-004)
 (-3.792192194392163E-003,-3.687067845941238E-003)
 (1.076087536002396E-004,7.178851267230008E-004)
 (3.684583440791942E-003,2.969182719218248E-003)
 (3.673087042506813E-004,3.416247919409741E-003)
 (-5.397406942750814E-005,-3.840081832914057E-003)
 (4.289210873003563E-004,3.989289540714979E-003)
 (-3.281453519418587E-004,3.375013138501863E-004)
 (-7.053654580093089E-004,-9.897904894783037E-004)
 (-2.635563065848069E-004,-1.618046903045587E-003)
 (1.189200207906252E-004,2.790444381202987E-003)
 (-9.539561857185342E-004,-8.087411470661228E-004)
 (-2.817017201051827E-003,1.104188337931977E-005)
 (-9.983362941859818E-004,1.270702792081871E-003)
 (-9.788740879538482E-005,-2.432188425777981E-003)
 (1.782167024055072E-004,2.323530540258789E-003)
 (2.299617308233942E-004,1.472836676550912E-003)
 (1.742993530970855E-003,1.517668528647199E-003)
 (-1.754771213786097E-003,-1.596240420221521E-003)
 (3.899655150308274E-004,1.900784485397343E-004)
 (5.804544857408576E-004,-4.403841190962832E-004)
 (6.565149352339362E-004,-7.272937474908716E-005)
 (2.013215222203404E-004,-3.017747167701169E-005)
 (-4.901725005241766E-005,-3.623778479220956E-005)
 (-7.230742896281056E-004,7.436903229518309E-004)
 (-7.374746421109758E-004,9.151632322046892E-004)
 (-5.795703845913285E-005,-4.212164646641418E-004)
 (-1.603609744044081E-004,-1.427475903919938E-004)
 (0.000000000000000E+000,0.000000000000000E+000)
 (0.000000000000000E+000,0.000000000000000E+000)
 (0.106489382647097,-6.026044254782634E-004)
 (-5.692664876476549E-004,-5.628596057207669E-004)
 (-7.921627379513912E-003,8.011792521816531E-003)
 (-7.163098441774256E-003,7.244632183411742E-003)
 (9.416727830805372E-005,1.664109113369606E-002)
 (-1.393223897610759E-002,7.883973293857250E-005)
 (7.282255604084764E-005,1.286892760717599E-002)
 (6.006961683903932E-005,1.061549178877481E-002)
 (-1.741720394267696E-004,-1.722115474864438E-004)
 (-9.757081743861914E-003,5.521349851055589E-005)
 (5.602518218723136E-005,9.900796698825992E-003)
 (2.095975776280568E-004,2.072373856175892E-004)
 (1.857323446756776E-004,1.836429301167576E-004)
 (-1.581445476346591E-004,-1.563676821239564E-004)
 (-8.133128676828173E-003,8.225703769988071E-003)
 (-7.706145626976832E-003,7.793854925608733E-003)
 (-7.178566485197752E-003,7.260273087898534E-003)
 (-6.674074787584201E-003,6.750040955832886E-003)
 (-6.208661165815877E-003,3.513291742665852E-005)
 (3.496373125859626E-005,6.178729434950855E-003)
 (-5.682800543599160E-003,3.215727305060112E-005)
 (2.972071127780055E-005,5.252381671552242E-003)
 (-3.480665466297417E-003,1.969650349778755E-005)
 (1.876808967539141E-005,3.316704264598077E-003)
 (2.108331764193753E-004,2.084616235440735E-004)
 (1.721438104713795E-005,3.042061924116479E-003)
 (1.721442628241170E-005,3.042061250331202E-003)
 (-1.150627363550890E-004,-1.137680003906994E-004)
 (-1.150628515115910E-004,-1.137672223405843E-004)
 (-2.720666507644377E-003,1.539591853063564E-005)
 (-2.720666073115666E-003,1.539653224620380E-005)
 (-1.725284267086271E-004,-1.705866638067404E-004)
 (-6.205791073915840E-006,-6.137097406491439E-006)
 (-2.081163942909720E-003,2.104851861581037E-003)
 (-1.992131032758756E-003,2.014805874803616E-003)
 (-1.992132067738454E-003,2.014806085843902E-003)
 (-1.324039028095515E-003,7.492557823170361E-006)
 (-1.324038637918471E-003,7.492759554394589E-006)
 (-1.638827780185978E-003,1.657480928150163E-003)
 (6.517356718773490E-006,1.151700010316444E-003)
 (6.516871952003036E-006,1.151700257113762E-003)
 (-5.383771006803850E-005,-5.323206661322231E-005)
 (0.000000000000000E+000,0.000000000000000E+000)
 (0.000000000000000E+000,0.000000000000000E+000)
 (0.000000000000000E+000,0.000000000000000E+000)
 (0.000000000000000E+000,0.000000000000000E+000)
 (-0.112417078716440,6.772725657947364E-002)
 (-0.223156568855824,-5.536028739199642E-002)
 (-7.322473948400927E-003,2.951674093646250E-002)
 (-8.658410467935887E-004,3.490061269336852E-003)
 (-4.976632591904500E-003,-8.260459418492339E-003)
 (1.268229681659143E-002,-7.640651685881830E-003)
 (1.013486185686756E-002,1.682238084628161E-002)
 (-5.772004167331357E-003,-9.580682064260038E-003)
 (3.687929806076946E-003,9.148782564088898E-004)
 (9.211637353503523E-004,-5.549665187954028E-004)
 (6.484484651909367E-003,1.076329633499757E-002)
 (7.269310836598219E-003,1.803369859532016E-003)
 (9.691252674528049E-003,2.404193413125922E-003)
 (6.881670669054575E-003,1.707191562498011E-003)
 (1.939878223664523E-003,-7.819572698990855E-003)
 (-7.336573456015045E-004,2.957271207683986E-003)
 (-1.309001921326332E-003,5.276549940609464E-003)
 (-3.397762811555325E-004,1.369599228637285E-003)
 (1.987039469687844E-003,-1.197123543006759E-003)
 (3.142493817640339E-003,5.216085258328744E-003)
 (1.181136108830733E-003,-7.115979128386753E-004)
 (1.260993528518721E-003,2.093048521792521E-003)
 (3.145804718521777E-003,-1.895230947595819E-003)
 (1.405929130032786E-003,2.333620147821855E-003)
 (3.287005406622085E-003,8.154435735351483E-004)
 (1.636706472246973E-003,2.716679338025457E-003)
 (1.636690842831225E-003,2.716667801315942E-003)
 (1.700056403305290E-003,4.217469064135082E-004)
 (1.700062068037102E-003,4.217522823053001E-004)
 (9.846409524896919E-004,-5.932076854647448E-004)
 (9.846469024094571E-004,-5.932022633844832E-004)
 (6.707402795265687E-004,1.663977467981070E-004)
 (7.980511937357127E-004,1.979808585761231E-004)
 (-1.158590142972049E-005,4.669737514086652E-005)
 (-3.650626084614763E-004,1.471537566955460E-003)
 (-3.650629152418598E-004,1.471536818231453E-003)
 (4.817067574878730E-004,-2.902093313386920E-004)
 (4.817135581004460E-004,-2.902073920975399E-004)
 (2.778537401951121E-004,-1.120055432325008E-003)
 (1.678705031932656E-004,2.786365136812156E-004)
 (1.678742114478373E-004,2.786408020169922E-004)
 (1.312689633930355E-004,3.256876445293246E-005)
 (0.000000000000000E+000,0.000000000000000E+000)
 (0.000000000000000E+000,0.000000000000000E+000)
 (0.000000000000000E+000,0.000000000000000E+000)
 (0.000000000000000E+000,0.000000000000000E+000)
 (-2.583128502057282E-002,0.274266333834386)
 (0.142864545331167,0.257708576288204)
 (3.132446900555839E-002,-7.883546099119408E-005)
 (7.352859027739536E-003,8.882025575055266E-003)
 (-8.998454136525266E-003,1.837710907442709E-002)
 (2.017990639897243E-002,-2.849618488336593E-003)
 (3.352662700598561E-003,-1.169396405089369E-002)
 (1.451602004735688E-003,1.367195169385179E-004)
 (-5.082181720022272E-003,-1.352480781008828E-003)
 (-3.827997923713252E-003,6.544998611265724E-003)
 (-6.209390801076923E-004,-8.245412312463240E-003)
 (9.329657984854104E-004,3.578576954638401E-003)
 (2.170216970827911E-003,1.520191651677977E-003)
 (4.906935224541812E-004,-3.100976527116610E-004)
 (1.881606466952692E-003,-1.043096526582648E-003)
 (2.031961875949883E-003,-6.669280401984187E-003)
 (2.137355367730533E-003,2.581820838779883E-003)
 (-5.467031138507284E-003,4.213824264878790E-003)
 (1.023126642276949E-003,1.089651961915374E-003)
 (-5.270256971482550E-004,1.838241397340167E-003)
 (-5.585535476611313E-003,-1.601372612504472E-003)
 (2.765806927135688E-004,1.309228163101222E-003)
 (9.526501365146478E-004,-2.457942664793942E-004)
 (-4.383941608164658E-004,2.465095267521659E-003)
 (3.783331186824748E-004,6.824609723287303E-004)
 (-3.380140245679950E-004,-2.375079965732527E-003)
 (1.167662251156568E-003,-5.187006232437606E-004)
 (1.875947704837871E-003,8.070630590133424E-004)
 (-1.235750864110422E-003,-1.803716036063145E-003)
 (-2.391519878298403E-005,1.770144060597011E-003)
 (3.213541889867391E-003,-8.556791372811233E-004)
 (-8.727860250271087E-004,7.225252035484245E-004)
 (5.812832299739738E-004,-4.812167124440545E-004)
 (-7.961659584650666E-004,7.495659012365153E-004)
 (1.255158174653989E-003,-1.101049891035266E-003)
 (-9.409985302794541E-004,-1.680798979336218E-004)
 (-1.878876253350826E-004,-4.226805551291316E-004)
 (2.679333124277686E-004,-4.273062497760277E-004)
 (5.472557117590658E-004,3.538287645816764E-004)
 (1.693275243240892E-004,-3.938952126168605E-004)
 (9.625112473044201E-005,5.137920031868981E-004)
 (-2.270325138894959E-004,-9.698933045278232E-004)
 (0.000000000000000E+000,0.000000000000000E+000)
 (0.000000000000000E+000,0.000000000000000E+000)
 (0.000000000000000E+000,0.000000000000000E+000)
 (0.000000000000000E+000,0.000000000000000E+000)
 (-0.202822580996383,0.508906861165392)
 (-0.225956363258736,-6.135904784351819E-002)
 (6.961585055133248E-003,4.696488990029336E-002)
 (9.059690485772260E-003,2.106650305561708E-002)
 (-1.443099123614317E-002,-1.611334431893996E-002)
 (-7.687494438718080E-003,-7.634549659244660E-003)
 (4.804791426744191E-003,8.387002871649986E-003)
 (2.693379739624401E-003,1.073403820662823E-003)
 (-3.701779454360896E-003,3.936518622590457E-003)
 (-3.260230654257640E-003,1.252264841170199E-002)
 (-2.117371828920119E-003,3.568561273007040E-003)
 (-4.323498958672621E-003,2.429026013411130E-005)
 (1.650183619573903E-004,-1.469073414422866E-003)
 (1.019119519425400E-003,-4.789987756479508E-004)
 (-4.480091185894113E-004,1.649777318478123E-003)
 (-5.107628772234723E-003,-4.471530766540254E-003)
 (2.633419939332740E-003,6.123441021546501E-003)
 (2.288616956785623E-003,-3.458439861134915E-003)
 (-1.359489775798591E-003,1.889191412474571E-003)
 (-7.553923970557623E-004,-1.318688457586993E-003)
 (4.005976216362851E-003,-2.295039065044964E-003)
 (6.650026160502822E-004,-4.265019271175031E-004)
 (-2.755739830970776E-004,-5.656502198464714E-004)
 (-5.178202565841643E-004,-1.557125211598076E-003)
 (-5.983464433779381E-004,-1.625059905634345E-004)
 (-9.037163108205588E-004,9.028130689728499E-004)
 (2.092795707261496E-003,1.172834869895028E-003)
 (9.041052800895992E-004,-1.383765219819781E-003)
 (1.315241288156509E-003,6.262389325669310E-004)
 (-1.379475481783279E-003,3.267946454104298E-003)
 (-9.085412694320784E-004,-1.957140309070776E-003)
 (-2.069847001160057E-003,8.901269696386560E-004)
 (1.378716584639356E-003,-5.928543505923776E-004)
 (4.466350208304756E-004,-3.504273567629755E-004)
 (-6.368638392172537E-004,6.433147225986197E-004)
 (-3.513428792394911E-004,-1.603115859904174E-003)
 (4.244869783588373E-004,-7.573364108533357E-004)
 (2.039742254872320E-004,-8.195795509697249E-004)
 (4.179825875336163E-004,1.221215195539791E-003)
 (2.658169508063026E-004,3.268677855963573E-004)
 (2.382020137787289E-004,-1.770721947680583E-004)
 (1.200887575425577E-003,-2.824472376122204E-005)
 (0.000000000000000E+000,0.000000000000000E+000)
 (0.000000000000000E+000,0.000000000000000E+000)
 (0.000000000000000E+000,0.000000000000000E+000)
 (0.000000000000000E+000,0.000000000000000E+000)
 (2.724186040925386E-003,3.227534578500023E-003)
 (6.100555670457285E-003,5.352574167278037E-003)
