  5.000000000000000E-002  0.609412669368522        2.58958404862547     
   4   4   4
   1   1   1   1
   1   1   1   7.71564168750E-02
   2   1   1  -1.18517534375E-02
   3   1   1  -5.01139375000E-04
   4   1   1  -1.18517534375E-02
   1   2   1   8.70327562500E-03
   2   2   1  -1.37314687500E-04
   3   2   1  -1.72289187500E-03
   4   2   1  -1.18517534375E-02
   1   3   1  -2.75185812500E-03
   2   3   1  -1.37314687500E-04
   3   3   1  -5.01139375000E-04
   4   3   1  -1.37314687500E-04
   1   4   1   8.70327562500E-03
   2   4   1  -1.18517534375E-02
   3   4   1  -1.72289187500E-03
   4   4   1  -1.37314687500E-04
   1   1   2  -1.18517534375E-02
   2   1   2  -1.72289187500E-03
   3   1   2  -1.37314687500E-04
   4   1   2   8.70327562500E-03
   1   2   2  -1.37314687500E-04
   2   2   2   2.07370625000E-03
   3   2   2  -1.37314687500E-04
   4   2   2   5.03171250000E-04
   1   3   2  -1.37314687500E-04
   2   3   2  -1.72289187500E-03
   3   3   2   1.95833031250E-03
   4   3   2  -8.65688125000E-04
   1   4   2  -1.18517534375E-02
   2   4   2  -4.85395750000E-03
   3   4   2   1.95833031250E-03
   4   4   2   5.03171250000E-04
   1   1   3  -5.01139375000E-04
   2   1   3  -1.37314687500E-04
   3   1   3  -2.75185812500E-03
   4   1   3  -1.37314687500E-04
   1   2   3  -1.72289187500E-03
   2   2   3  -1.37314687500E-04
   3   2   3  -8.65688125000E-04
   4   2   3   1.95833031250E-03
   1   3   3  -5.01139375000E-04
   2   3   3   1.95833031250E-03
   3   3   3   6.66269375000E-04
   4   3   3   1.95833031250E-03
   1   4   3  -1.72289187500E-03
   2   4   3   1.95833031250E-03
   3   4   3  -8.65688125000E-04
   4   4   3  -1.37314687500E-04
   1   1   4  -1.18517534375E-02
   2   1   4   8.70327562500E-03
   3   1   4  -1.37314687500E-04
   4   1   4  -1.72289187500E-03
   1   2   4  -1.18517534375E-02
   2   2   4   5.03171250000E-04
   3   2   4   1.95833031250E-03
   4   2   4  -4.85395750000E-03
   1   3   4  -1.37314687500E-04
   2   3   4  -8.65688125000E-04
   3   3   4   1.95833031250E-03
   4   3   4  -1.72289187500E-03
   1   4   4  -1.37314687500E-04
   2   4   4   5.03171250000E-04
   3   4   4  -1.37314687500E-04
   4   4   4   2.07370625000E-03
   1   2   1   1
   1   1   1  -2.16840434497E-19
   2   1   1  -1.08420217249E-19
   3   1   1  -2.16840434497E-19
   4   1   1  -1.08420217249E-19
   1   2   1  -1.08420217249E-19
   2   2   1   2.17552312500E-03
   3   2   1  -4.32445000000E-04
   4   2   1  -1.76862031250E-02
   1   3   1   0.00000000000E+00
   2   3   1  -4.32445000000E-04
   3   3   1   3.10946250000E-03
   4   3   1  -4.32445000000E-04
   1   4   1  -1.08420217249E-19
   2   4   1  -1.76862031250E-02
   3   4   1  -4.32445000000E-04
   4   4   1   2.17552312500E-03
   1   1   2   1.76862031250E-02
   2   1   2   4.32445000000E-04
   3   1   2  -2.17552312500E-03
   4   1   2  -1.08420217249E-19
   1   2   2   4.32445000000E-04
   2   2   2   0.00000000000E+00
   3   2   2  -4.32445000000E-04
   4   2   2   0.00000000000E+00
   1   3   2  -2.17552312500E-03
   2   3   2  -4.32445000000E-04
   3   3   2  -7.20943750000E-05
   4   3   2   1.08420217249E-19
   1   4   2  -1.08420217249E-19
   2   4   2   0.00000000000E+00
   3   4   2   0.00000000000E+00
   4   4   2   0.00000000000E+00
   1   1   3  -3.10946250000E-03
   2   1   3   4.32445000000E-04
   3   1   3  -2.16840434497E-19
   4   1   3   4.32445000000E-04
   1   2   3   4.32445000000E-04
   2   2   3   2.17552312500E-03
   3   2   3   0.00000000000E+00
   4   2   3   7.20943750000E-05
   1   3   3   0.00000000000E+00
   2   3   3   1.08420217249E-19
   3   3   3   2.16840434497E-19
   4   3   3   1.08420217249E-19
   1   4   3   4.32445000000E-04
   2   4   3   7.20943750000E-05
   3   4   3   0.00000000000E+00
   4   4   3   2.17552312500E-03
   1   1   4   1.76862031250E-02
   2   1   4  -1.08420217249E-19
   3   1   4  -2.17552312500E-03
   4   1   4   4.32445000000E-04
   1   2   4  -1.08420217249E-19
   2   2   4   0.00000000000E+00
   3   2   4   0.00000000000E+00
   4   2   4   0.00000000000E+00
   1   3   4  -2.17552312500E-03
   2   3   4   1.08420217249E-19
   3   3   4  -7.20943750000E-05
   4   3   4  -4.32445000000E-04
   1   4   4   4.32445000000E-04
   2   4   4   0.00000000000E+00
   3   4   4  -4.32445000000E-04
   4   4   4   0.00000000000E+00
   1   3   1   1
   1   1   1   0.00000000000E+00
   2   1   1   1.76862031250E-02
   3   1   1  -3.10946250000E-03
   4   1   1   1.76862031250E-02
   1   2   1  -1.08420217249E-19
   2   2   1   4.32445000000E-04
   3   2   1   4.32445000000E-04
   4   2   1   1.08420217249E-19
   1   3   1  -4.33680868994E-19
   2   3   1  -2.17552312500E-03
   3   3   1   1.08420217249E-19
   4   3   1  -2.17552312500E-03
   1   4   1  -1.08420217249E-19
   2   4   1   1.08420217249E-19
   3   4   1   4.32445000000E-04
   4   4   1   4.32445000000E-04
   1   1   2   1.08420217249E-19
   2   1   2   4.32445000000E-04
   3   1   2   4.32445000000E-04
   4   1   2   1.08420217249E-19
   1   2   2   2.17552312500E-03
   2   2   2   0.00000000000E+00
   3   2   2   2.17552312500E-03
   4   2   2   0.00000000000E+00
   1   3   2  -4.32445000000E-04
   2   3   2  -4.32445000000E-04
   3   3   2   0.00000000000E+00
   4   3   2  -1.08420217249E-19
   1   4   2  -1.76862031250E-02
   2   4   2   0.00000000000E+00
   3   4   2   7.20943750000E-05
   4   4   2   0.00000000000E+00
   1   1   3  -2.16840434497E-19
   2   1   3  -2.17552312500E-03
   3   1   3   2.16840434497E-19
   4   1   3  -2.17552312500E-03
   1   2   3  -4.32445000000E-04
   2   2   3  -4.32445000000E-04
   3   2   3   0.00000000000E+00
   4   2   3  -1.08420217249E-19
   1   3   3   3.10946250000E-03
   2   3   3  -7.20943750000E-05
   3   3   3  -1.08420217249E-19
   4   3   3  -7.20943750000E-05
   1   4   3  -4.32445000000E-04
   2   4   3  -1.08420217249E-19
   3   4   3   0.00000000000E+00
   4   4   3  -4.32445000000E-04
   1   1   4   1.08420217249E-19
   2   1   4   1.08420217249E-19
   3   1   4   4.32445000000E-04
   4   1   4   4.32445000000E-04
   1   2   4  -1.76862031250E-02
   2   2   4   0.00000000000E+00
   3   2   4   7.20943750000E-05
   4   2   4   0.00000000000E+00
   1   3   4  -4.32445000000E-04
   2   3   4  -1.08420217249E-19
   3   3   4   0.00000000000E+00
   4   3   4  -4.32445000000E-04
   1   4   4   2.17552312500E-03
   2   4   4   0.00000000000E+00
   3   4   4   2.17552312500E-03
   4   4   4   0.00000000000E+00
   2   1   1   1
   1   1   1  -2.16840434497E-19
   2   1   1  -1.08420217249E-19
   3   1   1  -2.16840434497E-19
   4   1   1  -1.08420217249E-19
   1   2   1  -1.08420217249E-19
   2   2   1   2.17552312500E-03
   3   2   1  -4.32445000000E-04
   4   2   1  -1.76862031250E-02
   1   3   1   0.00000000000E+00
   2   3   1  -4.32445000000E-04
   3   3   1   3.10946250000E-03
   4   3   1  -4.32445000000E-04
   1   4   1  -1.08420217249E-19
   2   4   1  -1.76862031250E-02
   3   4   1  -4.32445000000E-04
   4   4   1   2.17552312500E-03
   1   1   2   1.76862031250E-02
   2   1   2   4.32445000000E-04
   3   1   2  -2.17552312500E-03
   4   1   2  -1.08420217249E-19
   1   2   2   4.32445000000E-04
   2   2   2   0.00000000000E+00
   3   2   2  -4.32445000000E-04
   4   2   2   0.00000000000E+00
   1   3   2  -2.17552312500E-03
   2   3   2  -4.32445000000E-04
   3   3   2  -7.20943750000E-05
   4   3   2   1.08420217249E-19
   1   4   2  -1.08420217249E-19
   2   4   2   0.00000000000E+00
   3   4   2   0.00000000000E+00
   4   4   2   0.00000000000E+00
   1   1   3  -3.10946250000E-03
   2   1   3   4.32445000000E-04
   3   1   3  -2.16840434497E-19
   4   1   3   4.32445000000E-04
   1   2   3   4.32445000000E-04
   2   2   3   2.17552312500E-03
   3   2   3   0.00000000000E+00
   4   2   3   7.20943750000E-05
   1   3   3   0.00000000000E+00
   2   3   3   1.08420217249E-19
   3   3   3   2.16840434497E-19
   4   3   3   1.08420217249E-19
   1   4   3   4.32445000000E-04
   2   4   3   7.20943750000E-05
   3   4   3   0.00000000000E+00
   4   4   3   2.17552312500E-03
   1   1   4   1.76862031250E-02
   2   1   4  -1.08420217249E-19
   3   1   4  -2.17552312500E-03
   4   1   4   4.32445000000E-04
   1   2   4  -1.08420217249E-19
   2   2   4   0.00000000000E+00
   3   2   4   0.00000000000E+00
   4   2   4   0.00000000000E+00
   1   3   4  -2.17552312500E-03
   2   3   4   1.08420217249E-19
   3   3   4  -7.20943750000E-05
   4   3   4  -4.32445000000E-04
   1   4   4   4.32445000000E-04
   2   4   4   0.00000000000E+00
   3   4   4  -4.32445000000E-04
   4   4   4   0.00000000000E+00
   2   2   1   1
   1   1   1   7.71564168750E-02
   2   1   1   8.70327562500E-03
   3   1   1  -2.75185812500E-03
   4   1   1   8.70327562500E-03
   1   2   1  -1.18517534375E-02
   2   2   1  -1.37314687500E-04
   3   2   1  -1.37314687500E-04
   4   2   1  -1.18517534375E-02
   1   3   1  -5.01139375000E-04
   2   3   1  -1.72289187500E-03
   3   3   1  -5.01139375000E-04
   4   3   1  -1.72289187500E-03
   1   4   1  -1.18517534375E-02
   2   4   1  -1.18517534375E-02
   3   4   1  -1.37314687500E-04
   4   4   1  -1.37314687500E-04
   1   1   2  -1.18517534375E-02
   2   1   2  -1.37314687500E-04
   3   1   2  -1.37314687500E-04
   4   1   2  -1.18517534375E-02
   1   2   2  -1.72289187500E-03
   2   2   2   2.07370625000E-03
   3   2   2  -1.72289187500E-03
   4   2   2  -4.85395750000E-03
   1   3   2  -1.37314687500E-04
   2   3   2  -1.37314687500E-04
   3   3   2   1.95833031250E-03
   4   3   2   1.95833031250E-03
   1   4   2   8.70327562500E-03
   2   4   2   5.03171250000E-04
   3   4   2  -8.65688125000E-04
   4   4   2   5.03171250000E-04
   1   1   3  -5.01139375000E-04
   2   1   3  -1.72289187500E-03
   3   1   3  -5.01139375000E-04
   4   1   3  -1.72289187500E-03
   1   2   3  -1.37314687500E-04
   2   2   3  -1.37314687500E-04
   3   2   3   1.95833031250E-03
   4   2   3   1.95833031250E-03
   1   3   3  -2.75185812500E-03
   2   3   3  -8.65688125000E-04
   3   3   3   6.66269375000E-04
   4   3   3  -8.65688125000E-04
   1   4   3  -1.37314687500E-04
   2   4   3   1.95833031250E-03
   3   4   3   1.95833031250E-03
   4   4   3  -1.37314687500E-04
   1   1   4  -1.18517534375E-02
   2   1   4  -1.18517534375E-02
   3   1   4  -1.37314687500E-04
   4   1   4  -1.37314687500E-04
   1   2   4   8.70327562500E-03
   2   2   4   5.03171250000E-04
   3   2   4  -8.65688125000E-04
   4   2   4   5.03171250000E-04
   1   3   4  -1.37314687500E-04
   2   3   4   1.95833031250E-03
   3   3   4   1.95833031250E-03
   4   3   4  -1.37314687500E-04
   1   4   4  -1.72289187500E-03
   2   4   4  -4.85395750000E-03
   3   4   4  -1.72289187500E-03
   4   4   4   2.07370625000E-03
   2   3   1   1
   1   1   1   0.00000000000E+00
   2   1   1   1.08420217249E-19
   3   1   1   2.16840434497E-19
   4   1   1   1.08420217249E-19
   1   2   1  -1.76862031250E-02
   2   2   1  -4.32445000000E-04
   3   2   1   2.17552312500E-03
   4   2   1   1.08420217249E-19
   1   3   1   3.10946250000E-03
   2   3   1  -4.32445000000E-04
   3   3   1   1.08420217249E-19
   4   3   1  -4.32445000000E-04
   1   4   1  -1.76862031250E-02
   2   4   1   1.08420217249E-19
   3   4   1   2.17552312500E-03
   4   4   1  -4.32445000000E-04
   1   1   2   1.08420217249E-19
   2   1   2  -2.17552312500E-03
   3   1   2   4.32445000000E-04
   4   1   2   1.76862031250E-02
   1   2   2  -4.32445000000E-04
   2   2   2   0.00000000000E+00
   3   2   2   4.32445000000E-04
   4   2   2   0.00000000000E+00
   1   3   2  -4.32445000000E-04
   2   3   2  -2.17552312500E-03
   3   3   2   0.00000000000E+00
   4   3   2  -7.20943750000E-05
   1   4   2  -1.08420217249E-19
   2   4   2   0.00000000000E+00
   3   4   2   0.00000000000E+00
   4   4   2   0.00000000000E+00
   1   1   3  -2.16840434497E-19
   2   1   3   4.32445000000E-04
   3   1   3  -3.10946250000E-03
   4   1   3   4.32445000000E-04
   1   2   3   2.17552312500E-03
   2   2   3   4.32445000000E-04
   3   2   3   7.20943750000E-05
   4   2   3  -1.08420217249E-19
   1   3   3  -4.33680868994E-19
   2   3   3  -1.08420217249E-19
   3   3   3  -1.08420217249E-19
   4   3   3  -1.08420217249E-19
   1   4   3   2.17552312500E-03
   2   4   3  -1.08420217249E-19
   3   4   3   7.20943750000E-05
   4   4   3   4.32445000000E-04
   1   1   4   1.08420217249E-19
   2   1   4   1.76862031250E-02
   3   1   4   4.32445000000E-04
   4   1   4  -2.17552312500E-03
   1   2   4  -1.08420217249E-19
   2   2   4   0.00000000000E+00
   3   2   4   0.00000000000E+00
   4   2   4   0.00000000000E+00
   1   3   4  -4.32445000000E-04
   2   3   4  -7.20943750000E-05
   3   3   4   0.00000000000E+00
   4   3   4  -2.17552312500E-03
   1   4   4  -4.32445000000E-04
   2   4   4   0.00000000000E+00
   3   4   4   4.32445000000E-04
   4   4   4   0.00000000000E+00
   3   1   1   1
   1   1   1   0.00000000000E+00
   2   1   1   1.76862031250E-02
   3   1   1  -3.10946250000E-03
   4   1   1   1.76862031250E-02
   1   2   1  -1.08420217249E-19
   2   2   1   4.32445000000E-04
   3   2   1   4.32445000000E-04
   4   2   1   1.08420217249E-19
   1   3   1  -4.33680868994E-19
   2   3   1  -2.17552312500E-03
   3   3   1   1.08420217249E-19
   4   3   1  -2.17552312500E-03
   1   4   1  -1.08420217249E-19
   2   4   1   1.08420217249E-19
   3   4   1   4.32445000000E-04
   4   4   1   4.32445000000E-04
   1   1   2   1.08420217249E-19
   2   1   2   4.32445000000E-04
   3   1   2   4.32445000000E-04
   4   1   2   1.08420217249E-19
   1   2   2   2.17552312500E-03
   2   2   2   0.00000000000E+00
   3   2   2   2.17552312500E-03
   4   2   2   0.00000000000E+00
   1   3   2  -4.32445000000E-04
   2   3   2  -4.32445000000E-04
   3   3   2   0.00000000000E+00
   4   3   2  -1.08420217249E-19
   1   4   2  -1.76862031250E-02
   2   4   2   0.00000000000E+00
   3   4   2   7.20943750000E-05
   4   4   2   0.00000000000E+00
   1   1   3  -2.16840434497E-19
   2   1   3  -2.17552312500E-03
   3   1   3   2.16840434497E-19
   4   1   3  -2.17552312500E-03
   1   2   3  -4.32445000000E-04
   2   2   3  -4.32445000000E-04
   3   2   3   0.00000000000E+00
   4   2   3  -1.08420217249E-19
   1   3   3   3.10946250000E-03
   2   3   3  -7.20943750000E-05
   3   3   3  -1.08420217249E-19
   4   3   3  -7.20943750000E-05
   1   4   3  -4.32445000000E-04
   2   4   3  -1.08420217249E-19
   3   4   3   0.00000000000E+00
   4   4   3  -4.32445000000E-04
   1   1   4   1.08420217249E-19
   2   1   4   1.08420217249E-19
   3   1   4   4.32445000000E-04
   4   1   4   4.32445000000E-04
   1   2   4  -1.76862031250E-02
   2   2   4   0.00000000000E+00
   3   2   4   7.20943750000E-05
   4   2   4   0.00000000000E+00
   1   3   4  -4.32445000000E-04
   2   3   4  -1.08420217249E-19
   3   3   4   0.00000000000E+00
   4   3   4  -4.32445000000E-04
   1   4   4   2.17552312500E-03
   2   4   4   0.00000000000E+00
   3   4   4   2.17552312500E-03
   4   4   4   0.00000000000E+00
   3   2   1   1
   1   1   1   0.00000000000E+00
   2   1   1   1.08420217249E-19
   3   1   1   2.16840434497E-19
   4   1   1   1.08420217249E-19
   1   2   1  -1.76862031250E-02
   2   2   1  -4.32445000000E-04
   3   2   1   2.17552312500E-03
   4   2   1   1.08420217249E-19
   1   3   1   3.10946250000E-03
   2   3   1  -4.32445000000E-04
   3   3   1   1.08420217249E-19
   4   3   1  -4.32445000000E-04
   1   4   1  -1.76862031250E-02
   2   4   1   1.08420217249E-19
   3   4   1   2.17552312500E-03
   4   4   1  -4.32445000000E-04
   1   1   2   1.08420217249E-19
   2   1   2  -2.17552312500E-03
   3   1   2   4.32445000000E-04
   4   1   2   1.76862031250E-02
   1   2   2  -4.32445000000E-04
   2   2   2   0.00000000000E+00
   3   2   2   4.32445000000E-04
   4   2   2   0.00000000000E+00
   1   3   2  -4.32445000000E-04
   2   3   2  -2.17552312500E-03
   3   3   2   0.00000000000E+00
   4   3   2  -7.20943750000E-05
   1   4   2  -1.08420217249E-19
   2   4   2   0.00000000000E+00
   3   4   2   0.00000000000E+00
   4   4   2   0.00000000000E+00
   1   1   3  -2.16840434497E-19
   2   1   3   4.32445000000E-04
   3   1   3  -3.10946250000E-03
   4   1   3   4.32445000000E-04
   1   2   3   2.17552312500E-03
   2   2   3   4.32445000000E-04
   3   2   3   7.20943750000E-05
   4   2   3  -1.08420217249E-19
   1   3   3  -4.33680868994E-19
   2   3   3  -1.08420217249E-19
   3   3   3  -1.08420217249E-19
   4   3   3  -1.08420217249E-19
   1   4   3   2.17552312500E-03
   2   4   3  -1.08420217249E-19
   3   4   3   7.20943750000E-05
   4   4   3   4.32445000000E-04
   1   1   4   1.08420217249E-19
   2   1   4   1.76862031250E-02
   3   1   4   4.32445000000E-04
   4   1   4  -2.17552312500E-03
   1   2   4  -1.08420217249E-19
   2   2   4   0.00000000000E+00
   3   2   4   0.00000000000E+00
   4   2   4   0.00000000000E+00
   1   3   4  -4.32445000000E-04
   2   3   4  -7.20943750000E-05
   3   3   4   0.00000000000E+00
   4   3   4  -2.17552312500E-03
   1   4   4  -4.32445000000E-04
   2   4   4   0.00000000000E+00
   3   4   4   4.32445000000E-04
   4   4   4   0.00000000000E+00
   3   3   1   1
   1   1   1   7.71564168750E-02
   2   1   1  -1.18517534375E-02
   3   1   1  -5.01139375000E-04
   4   1   1  -1.18517534375E-02
   1   2   1  -1.18517534375E-02
   2   2   1  -1.72289187500E-03
   3   2   1  -1.37314687500E-04
   4   2   1   8.70327562500E-03
   1   3   1  -5.01139375000E-04
   2   3   1  -1.37314687500E-04
   3   3   1  -2.75185812500E-03
   4   3   1  -1.37314687500E-04
   1   4   1  -1.18517534375E-02
   2   4   1   8.70327562500E-03
   3   4   1  -1.37314687500E-04
   4   4   1  -1.72289187500E-03
   1   1   2   8.70327562500E-03
   2   1   2  -1.37314687500E-04
   3   1   2  -1.72289187500E-03
   4   1   2  -1.18517534375E-02
   1   2   2  -1.37314687500E-04
   2   2   2   2.07370625000E-03
   3   2   2  -1.37314687500E-04
   4   2   2   5.03171250000E-04
   1   3   2  -1.72289187500E-03
   2   3   2  -1.37314687500E-04
   3   3   2  -8.65688125000E-04
   4   3   2   1.95833031250E-03
   1   4   2  -1.18517534375E-02
   2   4   2   5.03171250000E-04
   3   4   2   1.95833031250E-03
   4   4   2  -4.85395750000E-03
   1   1   3  -2.75185812500E-03
   2   1   3  -1.37314687500E-04
   3   1   3  -5.01139375000E-04
   4   1   3  -1.37314687500E-04
   1   2   3  -1.37314687500E-04
   2   2   3  -1.72289187500E-03
   3   2   3   1.95833031250E-03
   4   2   3  -8.65688125000E-04
   1   3   3  -5.01139375000E-04
   2   3   3   1.95833031250E-03
   3   3   3   6.66269375000E-04
   4   3   3   1.95833031250E-03
   1   4   3  -1.37314687500E-04
   2   4   3  -8.65688125000E-04
   3   4   3   1.95833031250E-03
   4   4   3  -1.72289187500E-03
   1   1   4   8.70327562500E-03
   2   1   4  -1.18517534375E-02
   3   1   4  -1.72289187500E-03
   4   1   4  -1.37314687500E-04
   1   2   4  -1.18517534375E-02
   2   2   4  -4.85395750000E-03
   3   2   4   1.95833031250E-03
   4   2   4   5.03171250000E-04
   1   3   4  -1.72289187500E-03
   2   3   4   1.95833031250E-03
   3   3   4  -8.65688125000E-04
   4   3   4  -1.37314687500E-04
   1   4   4  -1.37314687500E-04
   2   4   4   5.03171250000E-04
   3   4   4  -1.37314687500E-04
   4   4   4   2.07370625000E-03
