  2.000000000000000E-002  0.611821026045212        2.24975514298933     
   4   4   4
   1   1   1   1
   1   1   1   7.40728440625E-02
   2   1   1  -1.37205712500E-02
   3   1   1   2.03396781250E-03
   4   1   1  -1.37205712500E-02
   1   2   1   9.67402218750E-03
   2   2   1  -1.61495687500E-03
   3   2   1   7.87989062500E-04
   4   2   1  -1.37205712500E-02
   1   3   1  -1.02168096875E-02
   2   3   1  -1.61495687500E-03
   3   3   1   2.03396781250E-03
   4   3   1  -1.61495687500E-03
   1   4   1   9.67402218750E-03
   2   4   1  -1.37205712500E-02
   3   4   1   7.87989062500E-04
   4   4   1  -1.61495687500E-03
   1   1   2  -1.37205712500E-02
   2   1   2   7.87989062500E-04
   3   1   2  -1.61495687500E-03
   4   1   2   9.67402218750E-03
   1   2   2  -1.61495687500E-03
   2   2   2   1.57629315625E-02
   3   2   2  -1.61495687500E-03
   4   2   2   1.02824156250E-03
   1   3   2  -1.61495687500E-03
   2   3   2   7.87989062500E-04
   3   3   2   4.29351000000E-03
   4   3   2  -5.71123406250E-03
   1   4   2  -1.37205712500E-02
   2   4   2  -1.03974909375E-02
   3   4   2   4.29351000000E-03
   4   4   2   1.02824156250E-03
   1   1   3   2.03396781250E-03
   2   1   3  -1.61495687500E-03
   3   1   3  -1.02168096875E-02
   4   1   3  -1.61495687500E-03
   1   2   3   7.87989062500E-04
   2   2   3  -1.61495687500E-03
   3   2   3  -5.71123406250E-03
   4   2   3   4.29351000000E-03
   1   3   3   2.03396781250E-03
   2   3   3   4.29351000000E-03
   3   3   3   2.60250156250E-03
   4   3   3   4.29351000000E-03
   1   4   3   7.87989062500E-04
   2   4   3   4.29351000000E-03
   3   4   3  -5.71123406250E-03
   4   4   3  -1.61495687500E-03
   1   1   4  -1.37205712500E-02
   2   1   4   9.67402218750E-03
   3   1   4  -1.61495687500E-03
   4   1   4   7.87989062500E-04
   1   2   4  -1.37205712500E-02
   2   2   4   1.02824156250E-03
   3   2   4   4.29351000000E-03
   4   2   4  -1.03974909375E-02
   1   3   4  -1.61495687500E-03
   2   3   4  -5.71123406250E-03
   3   3   4   4.29351000000E-03
   4   3   4   7.87989062500E-04
   1   4   4  -1.61495687500E-03
   2   4   4   1.02824156250E-03
   3   4   4  -1.61495687500E-03
   4   4   4   1.57629315625E-02
   1   2   1   1
   1   1   1   1.08420217249E-18
   2   1   1   1.08420217249E-19
   3   1   1   0.00000000000E+00
   4   1   1   1.08420217249E-19
   1   2   1   1.08420217249E-19
   2   2   1   6.54071125000E-03
   3   2   1  -7.10118750000E-04
   4   2   1  -1.76352325000E-02
   1   3   1  -4.33680868994E-19
   2   3   1  -7.10118750000E-04
   3   3   1   3.11195750000E-03
   4   3   1  -7.10118750000E-04
   1   4   1   1.08420217249E-19
   2   4   1  -1.76352325000E-02
   3   4   1  -7.10118750000E-04
   4   4   1   6.54071125000E-03
   1   1   2   1.76352325000E-02
   2   1   2   7.10118750000E-04
   3   1   2  -6.54071125000E-03
   4   1   2   1.08420217249E-19
   1   2   2   7.10118750000E-04
   2   2   2   0.00000000000E+00
   3   2   2  -7.10118750000E-04
   4   2   2   0.00000000000E+00
   1   3   2  -6.54071125000E-03
   2   3   2  -7.10118750000E-04
   3   3   2   4.05934000000E-03
   4   3   2  -1.08420217249E-19
   1   4   2   1.08420217249E-19
   2   4   2   0.00000000000E+00
   3   4   2   0.00000000000E+00
   4   4   2   0.00000000000E+00
   1   1   3  -3.11195750000E-03
   2   1   3   7.10118750000E-04
   3   1   3   0.00000000000E+00
   4   1   3   7.10118750000E-04
   1   2   3   7.10118750000E-04
   2   2   3   6.54071125000E-03
   3   2   3   0.00000000000E+00
   4   2   3  -4.05934000000E-03
   1   3   3  -4.33680868994E-19
   2   3   3  -1.08420217249E-19
   3   3   3  -2.16840434497E-19
   4   3   3  -1.08420217249E-19
   1   4   3   7.10118750000E-04
   2   4   3  -4.05934000000E-03
   3   4   3   0.00000000000E+00
   4   4   3   6.54071125000E-03
   1   1   4   1.76352325000E-02
   2   1   4   1.08420217249E-19
   3   1   4  -6.54071125000E-03
   4   1   4   7.10118750000E-04
   1   2   4   1.08420217249E-19
   2   2   4   0.00000000000E+00
   3   2   4   0.00000000000E+00
   4   2   4   0.00000000000E+00
   1   3   4  -6.54071125000E-03
   2   3   4  -1.08420217249E-19
   3   3   4   4.05934000000E-03
   4   3   4  -7.10118750000E-04
   1   4   4   7.10118750000E-04
   2   4   4   0.00000000000E+00
   3   4   4  -7.10118750000E-04
   4   4   4   0.00000000000E+00
   1   3   1   1
   1   1   1  -4.33680868994E-19
   2   1   1   1.76352325000E-02
   3   1   1  -3.11195750000E-03
   4   1   1   1.76352325000E-02
   1   2   1   1.08420217249E-19
   2   2   1   7.10118750000E-04
   3   2   1   7.10118750000E-04
   4   2   1  -1.08420217249E-19
   1   3   1   8.67361737988E-19
   2   3   1  -6.54071125000E-03
   3   3   1  -1.08420217249E-19
   4   3   1  -6.54071125000E-03
   1   4   1   1.08420217249E-19
   2   4   1  -1.08420217249E-19
   3   4   1   7.10118750000E-04
   4   4   1   7.10118750000E-04
   1   1   2  -1.08420217249E-19
   2   1   2   7.10118750000E-04
   3   1   2   7.10118750000E-04
   4   1   2  -1.08420217249E-19
   1   2   2   6.54071125000E-03
   2   2   2   0.00000000000E+00
   3   2   2   6.54071125000E-03
   4   2   2   0.00000000000E+00
   1   3   2  -7.10118750000E-04
   2   3   2  -7.10118750000E-04
   3   3   2   0.00000000000E+00
   4   3   2   1.08420217249E-19
   1   4   2  -1.76352325000E-02
   2   4   2   0.00000000000E+00
   3   4   2  -4.05934000000E-03
   4   4   2   0.00000000000E+00
   1   1   3   6.50521303491E-19
   2   1   3  -6.54071125000E-03
   3   1   3  -2.16840434497E-19
   4   1   3  -6.54071125000E-03
   1   2   3  -7.10118750000E-04
   2   2   3  -7.10118750000E-04
   3   2   3   0.00000000000E+00
   4   2   3   1.08420217249E-19
   1   3   3   3.11195750000E-03
   2   3   3   4.05934000000E-03
   3   3   3   1.08420217249E-19
   4   3   3   4.05934000000E-03
   1   4   3  -7.10118750000E-04
   2   4   3   1.08420217249E-19
   3   4   3   0.00000000000E+00
   4   4   3  -7.10118750000E-04
   1   1   4  -1.08420217249E-19
   2   1   4  -1.08420217249E-19
   3   1   4   7.10118750000E-04
   4   1   4   7.10118750000E-04
   1   2   4  -1.76352325000E-02
   2   2   4   0.00000000000E+00
   3   2   4  -4.05934000000E-03
   4   2   4   0.00000000000E+00
   1   3   4  -7.10118750000E-04
   2   3   4   1.08420217249E-19
   3   3   4   0.00000000000E+00
   4   3   4  -7.10118750000E-04
   1   4   4   6.54071125000E-03
   2   4   4   0.00000000000E+00
   3   4   4   6.54071125000E-03
   4   4   4   0.00000000000E+00
   2   1   1   1
   1   1   1   1.08420217249E-18
   2   1   1   1.08420217249E-19
   3   1   1   0.00000000000E+00
   4   1   1   1.08420217249E-19
   1   2   1   1.08420217249E-19
   2   2   1   6.54071125000E-03
   3   2   1  -7.10118750000E-04
   4   2   1  -1.76352325000E-02
   1   3   1  -4.33680868994E-19
   2   3   1  -7.10118750000E-04
   3   3   1   3.11195750000E-03
   4   3   1  -7.10118750000E-04
   1   4   1   1.08420217249E-19
   2   4   1  -1.76352325000E-02
   3   4   1  -7.10118750000E-04
   4   4   1   6.54071125000E-03
   1   1   2   1.76352325000E-02
   2   1   2   7.10118750000E-04
   3   1   2  -6.54071125000E-03
   4   1   2   1.08420217249E-19
   1   2   2   7.10118750000E-04
   2   2   2   0.00000000000E+00
   3   2   2  -7.10118750000E-04
   4   2   2   0.00000000000E+00
   1   3   2  -6.54071125000E-03
   2   3   2  -7.10118750000E-04
   3   3   2   4.05934000000E-03
   4   3   2  -1.08420217249E-19
   1   4   2   1.08420217249E-19
   2   4   2   0.00000000000E+00
   3   4   2   0.00000000000E+00
   4   4   2   0.00000000000E+00
   1   1   3  -3.11195750000E-03
   2   1   3   7.10118750000E-04
   3   1   3   0.00000000000E+00
   4   1   3   7.10118750000E-04
   1   2   3   7.10118750000E-04
   2   2   3   6.54071125000E-03
   3   2   3   0.00000000000E+00
   4   2   3  -4.05934000000E-03
   1   3   3  -4.33680868994E-19
   2   3   3  -1.08420217249E-19
   3   3   3  -2.16840434497E-19
   4   3   3  -1.08420217249E-19
   1   4   3   7.10118750000E-04
   2   4   3  -4.05934000000E-03
   3   4   3   0.00000000000E+00
   4   4   3   6.54071125000E-03
   1   1   4   1.76352325000E-02
   2   1   4   1.08420217249E-19
   3   1   4  -6.54071125000E-03
   4   1   4   7.10118750000E-04
   1   2   4   1.08420217249E-19
   2   2   4   0.00000000000E+00
   3   2   4   0.00000000000E+00
   4   2   4   0.00000000000E+00
   1   3   4  -6.54071125000E-03
   2   3   4  -1.08420217249E-19
   3   3   4   4.05934000000E-03
   4   3   4  -7.10118750000E-04
   1   4   4   7.10118750000E-04
   2   4   4   0.00000000000E+00
   3   4   4  -7.10118750000E-04
   4   4   4   0.00000000000E+00
   2   2   1   1
   1   1   1   7.40728440625E-02
   2   1   1   9.67402218750E-03
   3   1   1  -1.02168096875E-02
   4   1   1   9.67402218750E-03
   1   2   1  -1.37205712500E-02
   2   2   1  -1.61495687500E-03
   3   2   1  -1.61495687500E-03
   4   2   1  -1.37205712500E-02
   1   3   1   2.03396781250E-03
   2   3   1   7.87989062500E-04
   3   3   1   2.03396781250E-03
   4   3   1   7.87989062500E-04
   1   4   1  -1.37205712500E-02
   2   4   1  -1.37205712500E-02
   3   4   1  -1.61495687500E-03
   4   4   1  -1.61495687500E-03
   1   1   2  -1.37205712500E-02
   2   1   2  -1.61495687500E-03
   3   1   2  -1.61495687500E-03
   4   1   2  -1.37205712500E-02
   1   2   2   7.87989062500E-04
   2   2   2   1.57629315625E-02
   3   2   2   7.87989062500E-04
   4   2   2  -1.03974909375E-02
   1   3   2  -1.61495687500E-03
   2   3   2  -1.61495687500E-03
   3   3   2   4.29351000000E-03
   4   3   2   4.29351000000E-03
   1   4   2   9.67402218750E-03
   2   4   2   1.02824156250E-03
   3   4   2  -5.71123406250E-03
   4   4   2   1.02824156250E-03
   1   1   3   2.03396781250E-03
   2   1   3   7.87989062500E-04
   3   1   3   2.03396781250E-03
   4   1   3   7.87989062500E-04
   1   2   3  -1.61495687500E-03
   2   2   3  -1.61495687500E-03
   3   2   3   4.29351000000E-03
   4   2   3   4.29351000000E-03
   1   3   3  -1.02168096875E-02
   2   3   3  -5.71123406250E-03
   3   3   3   2.60250156250E-03
   4   3   3  -5.71123406250E-03
   1   4   3  -1.61495687500E-03
   2   4   3   4.29351000000E-03
   3   4   3   4.29351000000E-03
   4   4   3  -1.61495687500E-03
   1   1   4  -1.37205712500E-02
   2   1   4  -1.37205712500E-02
   3   1   4  -1.61495687500E-03
   4   1   4  -1.61495687500E-03
   1   2   4   9.67402218750E-03
   2   2   4   1.02824156250E-03
   3   2   4  -5.71123406250E-03
   4   2   4   1.02824156250E-03
   1   3   4  -1.61495687500E-03
   2   3   4   4.29351000000E-03
   3   3   4   4.29351000000E-03
   4   3   4  -1.61495687500E-03
   1   4   4   7.87989062500E-04
   2   4   4  -1.03974909375E-02
   3   4   4   7.87989062500E-04
   4   4   4   1.57629315625E-02
   2   3   1   1
   1   1   1  -4.33680868994E-19
   2   1   1  -1.08420217249E-19
   3   1   1  -2.16840434497E-19
   4   1   1  -1.08420217249E-19
   1   2   1  -1.76352325000E-02
   2   2   1  -7.10118750000E-04
   3   2   1   6.54071125000E-03
   4   2   1  -1.08420217249E-19
   1   3   1   3.11195750000E-03
   2   3   1  -7.10118750000E-04
   3   3   1  -1.08420217249E-19
   4   3   1  -7.10118750000E-04
   1   4   1  -1.76352325000E-02
   2   4   1  -1.08420217249E-19
   3   4   1   6.54071125000E-03
   4   4   1  -7.10118750000E-04
   1   1   2  -1.08420217249E-19
   2   1   2  -6.54071125000E-03
   3   1   2   7.10118750000E-04
   4   1   2   1.76352325000E-02
   1   2   2  -7.10118750000E-04
   2   2   2   0.00000000000E+00
   3   2   2   7.10118750000E-04
   4   2   2   0.00000000000E+00
   1   3   2  -7.10118750000E-04
   2   3   2  -6.54071125000E-03
   3   3   2   0.00000000000E+00
   4   3   2   4.05934000000E-03
   1   4   2   1.08420217249E-19
   2   4   2   0.00000000000E+00
   3   4   2   0.00000000000E+00
   4   4   2   0.00000000000E+00
   1   1   3   6.50521303491E-19
   2   1   3   7.10118750000E-04
   3   1   3  -3.11195750000E-03
   4   1   3   7.10118750000E-04
   1   2   3   6.54071125000E-03
   2   2   3   7.10118750000E-04
   3   2   3  -4.05934000000E-03
   4   2   3   1.08420217249E-19
   1   3   3   8.67361737988E-19
   2   3   3   1.08420217249E-19
   3   3   3   1.08420217249E-19
   4   3   3   1.08420217249E-19
   1   4   3   6.54071125000E-03
   2   4   3   1.08420217249E-19
   3   4   3  -4.05934000000E-03
   4   4   3   7.10118750000E-04
   1   1   4  -1.08420217249E-19
   2   1   4   1.76352325000E-02
   3   1   4   7.10118750000E-04
   4   1   4  -6.54071125000E-03
   1   2   4   1.08420217249E-19
   2   2   4   0.00000000000E+00
   3   2   4   0.00000000000E+00
   4   2   4   0.00000000000E+00
   1   3   4  -7.10118750000E-04
   2   3   4   4.05934000000E-03
   3   3   4   0.00000000000E+00
   4   3   4  -6.54071125000E-03
   1   4   4  -7.10118750000E-04
   2   4   4   0.00000000000E+00
   3   4   4   7.10118750000E-04
   4   4   4   0.00000000000E+00
   3   1   1   1
   1   1   1  -4.33680868994E-19
   2   1   1   1.76352325000E-02
   3   1   1  -3.11195750000E-03
   4   1   1   1.76352325000E-02
   1   2   1   1.08420217249E-19
   2   2   1   7.10118750000E-04
   3   2   1   7.10118750000E-04
   4   2   1  -1.08420217249E-19
   1   3   1   8.67361737988E-19
   2   3   1  -6.54071125000E-03
   3   3   1  -1.08420217249E-19
   4   3   1  -6.54071125000E-03
   1   4   1   1.08420217249E-19
   2   4   1  -1.08420217249E-19
   3   4   1   7.10118750000E-04
   4   4   1   7.10118750000E-04
   1   1   2  -1.08420217249E-19
   2   1   2   7.10118750000E-04
   3   1   2   7.10118750000E-04
   4   1   2  -1.08420217249E-19
   1   2   2   6.54071125000E-03
   2   2   2   0.00000000000E+00
   3   2   2   6.54071125000E-03
   4   2   2   0.00000000000E+00
   1   3   2  -7.10118750000E-04
   2   3   2  -7.10118750000E-04
   3   3   2   0.00000000000E+00
   4   3   2   1.08420217249E-19
   1   4   2  -1.76352325000E-02
   2   4   2   0.00000000000E+00
   3   4   2  -4.05934000000E-03
   4   4   2   0.00000000000E+00
   1   1   3   6.50521303491E-19
   2   1   3  -6.54071125000E-03
   3   1   3  -2.16840434497E-19
   4   1   3  -6.54071125000E-03
   1   2   3  -7.10118750000E-04
   2   2   3  -7.10118750000E-04
   3   2   3   0.00000000000E+00
   4   2   3   1.08420217249E-19
   1   3   3   3.11195750000E-03
   2   3   3   4.05934000000E-03
   3   3   3   1.08420217249E-19
   4   3   3   4.05934000000E-03
   1   4   3  -7.10118750000E-04
   2   4   3   1.08420217249E-19
   3   4   3   0.00000000000E+00
   4   4   3  -7.10118750000E-04
   1   1   4  -1.08420217249E-19
   2   1   4  -1.08420217249E-19
   3   1   4   7.10118750000E-04
   4   1   4   7.10118750000E-04
   1   2   4  -1.76352325000E-02
   2   2   4   0.00000000000E+00
   3   2   4  -4.05934000000E-03
   4   2   4   0.00000000000E+00
   1   3   4  -7.10118750000E-04
   2   3   4   1.08420217249E-19
   3   3   4   0.00000000000E+00
   4   3   4  -7.10118750000E-04
   1   4   4   6.54071125000E-03
   2   4   4   0.00000000000E+00
   3   4   4   6.54071125000E-03
   4   4   4   0.00000000000E+00
   3   2   1   1
   1   1   1  -4.33680868994E-19
   2   1   1  -1.08420217249E-19
   3   1   1  -2.16840434497E-19
   4   1   1  -1.08420217249E-19
   1   2   1  -1.76352325000E-02
   2   2   1  -7.10118750000E-04
   3   2   1   6.54071125000E-03
   4   2   1  -1.08420217249E-19
   1   3   1   3.11195750000E-03
   2   3   1  -7.10118750000E-04
   3   3   1  -1.08420217249E-19
   4   3   1  -7.10118750000E-04
   1   4   1  -1.76352325000E-02
   2   4   1  -1.08420217249E-19
   3   4   1   6.54071125000E-03
   4   4   1  -7.10118750000E-04
   1   1   2  -1.08420217249E-19
   2   1   2  -6.54071125000E-03
   3   1   2   7.10118750000E-04
   4   1   2   1.76352325000E-02
   1   2   2  -7.10118750000E-04
   2   2   2   0.00000000000E+00
   3   2   2   7.10118750000E-04
   4   2   2   0.00000000000E+00
   1   3   2  -7.10118750000E-04
   2   3   2  -6.54071125000E-03
   3   3   2   0.00000000000E+00
   4   3   2   4.05934000000E-03
   1   4   2   1.08420217249E-19
   2   4   2   0.00000000000E+00
   3   4   2   0.00000000000E+00
   4   4   2   0.00000000000E+00
   1   1   3   6.50521303491E-19
   2   1   3   7.10118750000E-04
   3   1   3  -3.11195750000E-03
   4   1   3   7.10118750000E-04
   1   2   3   6.54071125000E-03
   2   2   3   7.10118750000E-04
   3   2   3  -4.05934000000E-03
   4   2   3   1.08420217249E-19
   1   3   3   8.67361737988E-19
   2   3   3   1.08420217249E-19
   3   3   3   1.08420217249E-19
   4   3   3   1.08420217249E-19
   1   4   3   6.54071125000E-03
   2   4   3   1.08420217249E-19
   3   4   3  -4.05934000000E-03
   4   4   3   7.10118750000E-04
   1   1   4  -1.08420217249E-19
   2   1   4   1.76352325000E-02
   3   1   4   7.10118750000E-04
   4   1   4  -6.54071125000E-03
   1   2   4   1.08420217249E-19
   2   2   4   0.00000000000E+00
   3   2   4   0.00000000000E+00
   4   2   4   0.00000000000E+00
   1   3   4  -7.10118750000E-04
   2   3   4   4.05934000000E-03
   3   3   4   0.00000000000E+00
   4   3   4  -6.54071125000E-03
   1   4   4  -7.10118750000E-04
   2   4   4   0.00000000000E+00
   3   4   4   7.10118750000E-04
   4   4   4   0.00000000000E+00
   3   3   1   1
   1   1   1   7.40728440625E-02
   2   1   1  -1.37205712500E-02
   3   1   1   2.03396781250E-03
   4   1   1  -1.37205712500E-02
   1   2   1  -1.37205712500E-02
   2   2   1   7.87989062500E-04
   3   2   1  -1.61495687500E-03
   4   2   1   9.67402218750E-03
   1   3   1   2.03396781250E-03
   2   3   1  -1.61495687500E-03
   3   3   1  -1.02168096875E-02
   4   3   1  -1.61495687500E-03
   1   4   1  -1.37205712500E-02
   2   4   1   9.67402218750E-03
   3   4   1  -1.61495687500E-03
   4   4   1   7.87989062500E-04
   1   1   2   9.67402218750E-03
   2   1   2  -1.61495687500E-03
   3   1   2   7.87989062500E-04
   4   1   2  -1.37205712500E-02
   1   2   2  -1.61495687500E-03
   2   2   2   1.57629315625E-02
   3   2   2  -1.61495687500E-03
   4   2   2   1.02824156250E-03
   1   3   2   7.87989062500E-04
   2   3   2  -1.61495687500E-03
   3   3   2  -5.71123406250E-03
   4   3   2   4.29351000000E-03
   1   4   2  -1.37205712500E-02
   2   4   2   1.02824156250E-03
   3   4   2   4.29351000000E-03
   4   4   2  -1.03974909375E-02
   1   1   3  -1.02168096875E-02
   2   1   3  -1.61495687500E-03
   3   1   3   2.03396781250E-03
   4   1   3  -1.61495687500E-03
   1   2   3  -1.61495687500E-03
   2   2   3   7.87989062500E-04
   3   2   3   4.29351000000E-03
   4   2   3  -5.71123406250E-03
   1   3   3   2.03396781250E-03
   2   3   3   4.29351000000E-03
   3   3   3   2.60250156250E-03
   4   3   3   4.29351000000E-03
   1   4   3  -1.61495687500E-03
   2   4   3  -5.71123406250E-03
   3   4   3   4.29351000000E-03
   4   4   3   7.87989062500E-04
   1   1   4   9.67402218750E-03
   2   1   4  -1.37205712500E-02
   3   1   4   7.87989062500E-04
   4   1   4  -1.61495687500E-03
   1   2   4  -1.37205712500E-02
   2   2   4  -1.03974909375E-02
   3   2   4   4.29351000000E-03
   4   2   4   1.02824156250E-03
   1   3   4   7.87989062500E-04
   2   3   4   4.29351000000E-03
   3   3   4  -5.71123406250E-03
   4   3   4  -1.61495687500E-03
   1   4   4  -1.61495687500E-03
   2   4   4   1.02824156250E-03
   3   4   4  -1.61495687500E-03
   4   4   4   1.57629315625E-02
