  3.000000000000000E-002  0.610863812641773        2.39604124232376     
   4   4   4
   1   1   1   1
   1   1   1   7.04503778125E-02
   2   1   1  -1.21601959375E-02
   3   1   1   9.83959062500E-04
   4   1   1  -1.21601959375E-02
   1   2   1   8.27388531250E-03
   2   2   1  -1.10520218750E-03
   3   2   1  -4.50019687500E-04
   4   2   1  -1.21601959375E-02
   1   3   1  -4.49979968750E-03
   2   3   1  -1.10520218750E-03
   3   3   1   9.83959062500E-04
   4   3   1  -1.10520218750E-03
   1   4   1   8.27388531250E-03
   2   4   1  -1.21601959375E-02
   3   4   1  -4.50019687500E-04
   4   4   1  -1.10520218750E-03
   1   1   2  -1.21601959375E-02
   2   1   2  -4.50019687500E-04
   3   1   2  -1.10520218750E-03
   4   1   2   8.27388531250E-03
   1   2   2  -1.10520218750E-03
   2   2   2   8.07445156250E-03
   3   2   2  -1.10520218750E-03
   4   2   2   7.13787812500E-04
   1   3   2  -1.10520218750E-03
   2   3   2  -4.50019687500E-04
   3   3   2   3.15584906250E-03
   4   3   2  -2.61319968750E-03
   1   4   2  -1.21601959375E-02
   2   4   2  -6.67013093750E-03
   3   4   2   3.15584906250E-03
   4   4   2   7.13787812500E-04
   1   1   3   9.83959062500E-04
   2   1   3  -1.10520218750E-03
   3   1   3  -4.49979968750E-03
   4   1   3  -1.10520218750E-03
   1   2   3  -4.50019687500E-04
   2   2   3  -1.10520218750E-03
   3   2   3  -2.61319968750E-03
   4   2   3   3.15584906250E-03
   1   3   3   9.83959062500E-04
   2   3   3   3.15584906250E-03
   3   3   3   4.49187812500E-04
   4   3   3   3.15584906250E-03
   1   4   3  -4.50019687500E-04
   2   4   3   3.15584906250E-03
   3   4   3  -2.61319968750E-03
   4   4   3  -1.10520218750E-03
   1   1   4  -1.21601959375E-02
   2   1   4   8.27388531250E-03
   3   1   4  -1.10520218750E-03
   4   1   4  -4.50019687500E-04
   1   2   4  -1.21601959375E-02
   2   2   4   7.13787812500E-04
   3   2   4   3.15584906250E-03
   4   2   4  -6.67013093750E-03
   1   3   4  -1.10520218750E-03
   2   3   4  -2.61319968750E-03
   3   3   4   3.15584906250E-03
   4   3   4  -4.50019687500E-04
   1   4   4  -1.10520218750E-03
   2   4   4   7.13787812500E-04
   3   4   4  -1.10520218750E-03
   4   4   4   8.07445156250E-03
   1   2   1   1
   1   1   1   0.00000000000E+00
   2   1   1   2.16840434497E-19
   3   1   1   0.00000000000E+00
   4   1   1   2.16840434497E-19
   1   2   1   2.16840434497E-19
   2   2   1   3.66761625000E-03
   3   2   1  -2.95040625000E-04
   4   2   1  -1.65484256250E-02
   1   3   1  -8.67361737988E-19
   2   3   1  -2.95040625000E-04
   3   3   1   3.66594375000E-03
   4   3   1  -2.95040625000E-04
   1   4   1   2.16840434497E-19
   2   4   1  -1.65484256250E-02
   3   4   1  -2.95040625000E-04
   4   4   1   3.66761625000E-03
   1   1   2   1.65484256250E-02
   2   1   2   2.95040625000E-04
   3   1   2  -3.66761625000E-03
   4   1   2   2.16840434497E-19
   1   2   2   2.95040625000E-04
   2   2   2   0.00000000000E+00
   3   2   2  -2.95040625000E-04
   4   2   2   0.00000000000E+00
   1   3   2  -3.66761625000E-03
   2   3   2  -2.95040625000E-04
   3   3   2   1.30083937500E-03
   4   3   2  -2.16840434497E-19
   1   4   2   2.16840434497E-19
   2   4   2   0.00000000000E+00
   3   4   2   0.00000000000E+00
   4   4   2   0.00000000000E+00
   1   1   3  -3.66594375000E-03
   2   1   3   2.95040625000E-04
   3   1   3   0.00000000000E+00
   4   1   3   2.95040625000E-04
   1   2   3   2.95040625000E-04
   2   2   3   3.66761625000E-03
   3   2   3   0.00000000000E+00
   4   2   3  -1.30083937500E-03
   1   3   3  -8.67361737988E-19
   2   3   3  -2.16840434497E-19
   3   3   3   0.00000000000E+00
   4   3   3  -2.16840434497E-19
   1   4   3   2.95040625000E-04
   2   4   3  -1.30083937500E-03
   3   4   3   0.00000000000E+00
   4   4   3   3.66761625000E-03
   1   1   4   1.65484256250E-02
   2   1   4   2.16840434497E-19
   3   1   4  -3.66761625000E-03
   4   1   4   2.95040625000E-04
   1   2   4   2.16840434497E-19
   2   2   4   0.00000000000E+00
   3   2   4   0.00000000000E+00
   4   2   4   0.00000000000E+00
   1   3   4  -3.66761625000E-03
   2   3   4  -2.16840434497E-19
   3   3   4   1.30083937500E-03
   4   3   4  -2.95040625000E-04
   1   4   4   2.95040625000E-04
   2   4   4   0.00000000000E+00
   3   4   4  -2.95040625000E-04
   4   4   4   0.00000000000E+00
   1   3   1   1
   1   1   1  -8.67361737988E-19
   2   1   1   1.65484256250E-02
   3   1   1  -3.66594375000E-03
   4   1   1   1.65484256250E-02
   1   2   1   2.16840434497E-19
   2   2   1   2.95040625000E-04
   3   2   1   2.95040625000E-04
   4   2   1  -2.16840434497E-19
   1   3   1   8.67361737988E-19
   2   3   1  -3.66761625000E-03
   3   3   1   0.00000000000E+00
   4   3   1  -3.66761625000E-03
   1   4   1   2.16840434497E-19
   2   4   1  -2.16840434497E-19
   3   4   1   2.95040625000E-04
   4   4   1   2.95040625000E-04
   1   1   2  -2.16840434497E-19
   2   1   2   2.95040625000E-04
   3   1   2   2.95040625000E-04
   4   1   2  -2.16840434497E-19
   1   2   2   3.66761625000E-03
   2   2   2   0.00000000000E+00
   3   2   2   3.66761625000E-03
   4   2   2   0.00000000000E+00
   1   3   2  -2.95040625000E-04
   2   3   2  -2.95040625000E-04
   3   3   2   0.00000000000E+00
   4   3   2   2.16840434497E-19
   1   4   2  -1.65484256250E-02
   2   4   2   0.00000000000E+00
   3   4   2  -1.30083937500E-03
   4   4   2   0.00000000000E+00
   1   1   3   8.67361737988E-19
   2   1   3  -3.66761625000E-03
   3   1   3   0.00000000000E+00
   4   1   3  -3.66761625000E-03
   1   2   3  -2.95040625000E-04
   2   2   3  -2.95040625000E-04
   3   2   3   0.00000000000E+00
   4   2   3   2.16840434497E-19
   1   3   3   3.66594375000E-03
   2   3   3   1.30083937500E-03
   3   3   3   0.00000000000E+00
   4   3   3   1.30083937500E-03
   1   4   3  -2.95040625000E-04
   2   4   3   2.16840434497E-19
   3   4   3   0.00000000000E+00
   4   4   3  -2.95040625000E-04
   1   1   4  -2.16840434497E-19
   2   1   4  -2.16840434497E-19
   3   1   4   2.95040625000E-04
   4   1   4   2.95040625000E-04
   1   2   4  -1.65484256250E-02
   2   2   4   0.00000000000E+00
   3   2   4  -1.30083937500E-03
   4   2   4   0.00000000000E+00
   1   3   4  -2.95040625000E-04
   2   3   4   2.16840434497E-19
   3   3   4   0.00000000000E+00
   4   3   4  -2.95040625000E-04
   1   4   4   3.66761625000E-03
   2   4   4   0.00000000000E+00
   3   4   4   3.66761625000E-03
   4   4   4   0.00000000000E+00
   2   1   1   1
   1   1   1   0.00000000000E+00
   2   1   1   2.16840434497E-19
   3   1   1   0.00000000000E+00
   4   1   1   2.16840434497E-19
   1   2   1   2.16840434497E-19
   2   2   1   3.66761625000E-03
   3   2   1  -2.95040625000E-04
   4   2   1  -1.65484256250E-02
   1   3   1  -8.67361737988E-19
   2   3   1  -2.95040625000E-04
   3   3   1   3.66594375000E-03
   4   3   1  -2.95040625000E-04
   1   4   1   2.16840434497E-19
   2   4   1  -1.65484256250E-02
   3   4   1  -2.95040625000E-04
   4   4   1   3.66761625000E-03
   1   1   2   1.65484256250E-02
   2   1   2   2.95040625000E-04
   3   1   2  -3.66761625000E-03
   4   1   2   2.16840434497E-19
   1   2   2   2.95040625000E-04
   2   2   2   0.00000000000E+00
   3   2   2  -2.95040625000E-04
   4   2   2   0.00000000000E+00
   1   3   2  -3.66761625000E-03
   2   3   2  -2.95040625000E-04
   3   3   2   1.30083937500E-03
   4   3   2  -2.16840434497E-19
   1   4   2   2.16840434497E-19
   2   4   2   0.00000000000E+00
   3   4   2   0.00000000000E+00
   4   4   2   0.00000000000E+00
   1   1   3  -3.66594375000E-03
   2   1   3   2.95040625000E-04
   3   1   3   0.00000000000E+00
   4   1   3   2.95040625000E-04
   1   2   3   2.95040625000E-04
   2   2   3   3.66761625000E-03
   3   2   3   0.00000000000E+00
   4   2   3  -1.30083937500E-03
   1   3   3  -8.67361737988E-19
   2   3   3  -2.16840434497E-19
   3   3   3   0.00000000000E+00
   4   3   3  -2.16840434497E-19
   1   4   3   2.95040625000E-04
   2   4   3  -1.30083937500E-03
   3   4   3   0.00000000000E+00
   4   4   3   3.66761625000E-03
   1   1   4   1.65484256250E-02
   2   1   4   2.16840434497E-19
   3   1   4  -3.66761625000E-03
   4   1   4   2.95040625000E-04
   1   2   4   2.16840434497E-19
   2   2   4   0.00000000000E+00
   3   2   4   0.00000000000E+00
   4   2   4   0.00000000000E+00
   1   3   4  -3.66761625000E-03
   2   3   4  -2.16840434497E-19
   3   3   4   1.30083937500E-03
   4   3   4  -2.95040625000E-04
   1   4   4   2.95040625000E-04
   2   4   4   0.00000000000E+00
   3   4   4  -2.95040625000E-04
   4   4   4   0.00000000000E+00
   2   2   1   1
   1   1   1   7.04503778125E-02
   2   1   1   8.27388531250E-03
   3   1   1  -4.49979968750E-03
   4   1   1   8.27388531250E-03
   1   2   1  -1.21601959375E-02
   2   2   1  -1.10520218750E-03
   3   2   1  -1.10520218750E-03
   4   2   1  -1.21601959375E-02
   1   3   1   9.83959062500E-04
   2   3   1  -4.50019687500E-04
   3   3   1   9.83959062500E-04
   4   3   1  -4.50019687500E-04
   1   4   1  -1.21601959375E-02
   2   4   1  -1.21601959375E-02
   3   4   1  -1.10520218750E-03
   4   4   1  -1.10520218750E-03
   1   1   2  -1.21601959375E-02
   2   1   2  -1.10520218750E-03
   3   1   2  -1.10520218750E-03
   4   1   2  -1.21601959375E-02
   1   2   2  -4.50019687500E-04
   2   2   2   8.07445156250E-03
   3   2   2  -4.50019687500E-04
   4   2   2  -6.67013093750E-03
   1   3   2  -1.10520218750E-03
   2   3   2  -1.10520218750E-03
   3   3   2   3.15584906250E-03
   4   3   2   3.15584906250E-03
   1   4   2   8.27388531250E-03
   2   4   2   7.13787812500E-04
   3   4   2  -2.61319968750E-03
   4   4   2   7.13787812500E-04
   1   1   3   9.83959062500E-04
   2   1   3  -4.50019687500E-04
   3   1   3   9.83959062500E-04
   4   1   3  -4.50019687500E-04
   1   2   3  -1.10520218750E-03
   2   2   3  -1.10520218750E-03
   3   2   3   3.15584906250E-03
   4   2   3   3.15584906250E-03
   1   3   3  -4.49979968750E-03
   2   3   3  -2.61319968750E-03
   3   3   3   4.49187812500E-04
   4   3   3  -2.61319968750E-03
   1   4   3  -1.10520218750E-03
   2   4   3   3.15584906250E-03
   3   4   3   3.15584906250E-03
   4   4   3  -1.10520218750E-03
   1   1   4  -1.21601959375E-02
   2   1   4  -1.21601959375E-02
   3   1   4  -1.10520218750E-03
   4   1   4  -1.10520218750E-03
   1   2   4   8.27388531250E-03
   2   2   4   7.13787812500E-04
   3   2   4  -2.61319968750E-03
   4   2   4   7.13787812500E-04
   1   3   4  -1.10520218750E-03
   2   3   4   3.15584906250E-03
   3   3   4   3.15584906250E-03
   4   3   4  -1.10520218750E-03
   1   4   4  -4.50019687500E-04
   2   4   4  -6.67013093750E-03
   3   4   4  -4.50019687500E-04
   4   4   4   8.07445156250E-03
   2   3   1   1
   1   1   1  -8.67361737988E-19
   2   1   1  -2.16840434497E-19
   3   1   1   0.00000000000E+00
   4   1   1  -2.16840434497E-19
   1   2   1  -1.65484256250E-02
   2   2   1  -2.95040625000E-04
   3   2   1   3.66761625000E-03
   4   2   1  -2.16840434497E-19
   1   3   1   3.66594375000E-03
   2   3   1  -2.95040625000E-04
   3   3   1   0.00000000000E+00
   4   3   1  -2.95040625000E-04
   1   4   1  -1.65484256250E-02
   2   4   1  -2.16840434497E-19
   3   4   1   3.66761625000E-03
   4   4   1  -2.95040625000E-04
   1   1   2  -2.16840434497E-19
   2   1   2  -3.66761625000E-03
   3   1   2   2.95040625000E-04
   4   1   2   1.65484256250E-02
   1   2   2  -2.95040625000E-04
   2   2   2   0.00000000000E+00
   3   2   2   2.95040625000E-04
   4   2   2   0.00000000000E+00
   1   3   2  -2.95040625000E-04
   2   3   2  -3.66761625000E-03
   3   3   2   0.00000000000E+00
   4   3   2   1.30083937500E-03
   1   4   2   2.16840434497E-19
   2   4   2   0.00000000000E+00
   3   4   2   0.00000000000E+00
   4   4   2   0.00000000000E+00
   1   1   3   8.67361737988E-19
   2   1   3   2.95040625000E-04
   3   1   3  -3.66594375000E-03
   4   1   3   2.95040625000E-04
   1   2   3   3.66761625000E-03
   2   2   3   2.95040625000E-04
   3   2   3  -1.30083937500E-03
   4   2   3   2.16840434497E-19
   1   3   3   8.67361737988E-19
   2   3   3   2.16840434497E-19
   3   3   3   0.00000000000E+00
   4   3   3   2.16840434497E-19
   1   4   3   3.66761625000E-03
   2   4   3   2.16840434497E-19
   3   4   3  -1.30083937500E-03
   4   4   3   2.95040625000E-04
   1   1   4  -2.16840434497E-19
   2   1   4   1.65484256250E-02
   3   1   4   2.95040625000E-04
   4   1   4  -3.66761625000E-03
   1   2   4   2.16840434497E-19
   2   2   4   0.00000000000E+00
   3   2   4   0.00000000000E+00
   4   2   4   0.00000000000E+00
   1   3   4  -2.95040625000E-04
   2   3   4   1.30083937500E-03
   3   3   4   0.00000000000E+00
   4   3   4  -3.66761625000E-03
   1   4   4  -2.95040625000E-04
   2   4   4   0.00000000000E+00
   3   4   4   2.95040625000E-04
   4   4   4   0.00000000000E+00
   3   1   1   1
   1   1   1  -8.67361737988E-19
   2   1   1   1.65484256250E-02
   3   1   1  -3.66594375000E-03
   4   1   1   1.65484256250E-02
   1   2   1   2.16840434497E-19
   2   2   1   2.95040625000E-04
   3   2   1   2.95040625000E-04
   4   2   1  -2.16840434497E-19
   1   3   1   8.67361737988E-19
   2   3   1  -3.66761625000E-03
   3   3   1   0.00000000000E+00
   4   3   1  -3.66761625000E-03
   1   4   1   2.16840434497E-19
   2   4   1  -2.16840434497E-19
   3   4   1   2.95040625000E-04
   4   4   1   2.95040625000E-04
   1   1   2  -2.16840434497E-19
   2   1   2   2.95040625000E-04
   3   1   2   2.95040625000E-04
   4   1   2  -2.16840434497E-19
   1   2   2   3.66761625000E-03
   2   2   2   0.00000000000E+00
   3   2   2   3.66761625000E-03
   4   2   2   0.00000000000E+00
   1   3   2  -2.95040625000E-04
   2   3   2  -2.95040625000E-04
   3   3   2   0.00000000000E+00
   4   3   2   2.16840434497E-19
   1   4   2  -1.65484256250E-02
   2   4   2   0.00000000000E+00
   3   4   2  -1.30083937500E-03
   4   4   2   0.00000000000E+00
   1   1   3   8.67361737988E-19
   2   1   3  -3.66761625000E-03
   3   1   3   0.00000000000E+00
   4   1   3  -3.66761625000E-03
   1   2   3  -2.95040625000E-04
   2   2   3  -2.95040625000E-04
   3   2   3   0.00000000000E+00
   4   2   3   2.16840434497E-19
   1   3   3   3.66594375000E-03
   2   3   3   1.30083937500E-03
   3   3   3   0.00000000000E+00
   4   3   3   1.30083937500E-03
   1   4   3  -2.95040625000E-04
   2   4   3   2.16840434497E-19
   3   4   3   0.00000000000E+00
   4   4   3  -2.95040625000E-04
   1   1   4  -2.16840434497E-19
   2   1   4  -2.16840434497E-19
   3   1   4   2.95040625000E-04
   4   1   4   2.95040625000E-04
   1   2   4  -1.65484256250E-02
   2   2   4   0.00000000000E+00
   3   2   4  -1.30083937500E-03
   4   2   4   0.00000000000E+00
   1   3   4  -2.95040625000E-04
   2   3   4   2.16840434497E-19
   3   3   4   0.00000000000E+00
   4   3   4  -2.95040625000E-04
   1   4   4   3.66761625000E-03
   2   4   4   0.00000000000E+00
   3   4   4   3.66761625000E-03
   4   4   4   0.00000000000E+00
   3   2   1   1
   1   1   1  -8.67361737988E-19
   2   1   1  -2.16840434497E-19
   3   1   1   0.00000000000E+00
   4   1   1  -2.16840434497E-19
   1   2   1  -1.65484256250E-02
   2   2   1  -2.95040625000E-04
   3   2   1   3.66761625000E-03
   4   2   1  -2.16840434497E-19
   1   3   1   3.66594375000E-03
   2   3   1  -2.95040625000E-04
   3   3   1   0.00000000000E+00
   4   3   1  -2.95040625000E-04
   1   4   1  -1.65484256250E-02
   2   4   1  -2.16840434497E-19
   3   4   1   3.66761625000E-03
   4   4   1  -2.95040625000E-04
   1   1   2  -2.16840434497E-19
   2   1   2  -3.66761625000E-03
   3   1   2   2.95040625000E-04
   4   1   2   1.65484256250E-02
   1   2   2  -2.95040625000E-04
   2   2   2   0.00000000000E+00
   3   2   2   2.95040625000E-04
   4   2   2   0.00000000000E+00
   1   3   2  -2.95040625000E-04
   2   3   2  -3.66761625000E-03
   3   3   2   0.00000000000E+00
   4   3   2   1.30083937500E-03
   1   4   2   2.16840434497E-19
   2   4   2   0.00000000000E+00
   3   4   2   0.00000000000E+00
   4   4   2   0.00000000000E+00
   1   1   3   8.67361737988E-19
   2   1   3   2.95040625000E-04
   3   1   3  -3.66594375000E-03
   4   1   3   2.95040625000E-04
   1   2   3   3.66761625000E-03
   2   2   3   2.95040625000E-04
   3   2   3  -1.30083937500E-03
   4   2   3   2.16840434497E-19
   1   3   3   8.67361737988E-19
   2   3   3   2.16840434497E-19
   3   3   3   0.00000000000E+00
   4   3   3   2.16840434497E-19
   1   4   3   3.66761625000E-03
   2   4   3   2.16840434497E-19
   3   4   3  -1.30083937500E-03
   4   4   3   2.95040625000E-04
   1   1   4  -2.16840434497E-19
   2   1   4   1.65484256250E-02
   3   1   4   2.95040625000E-04
   4   1   4  -3.66761625000E-03
   1   2   4   2.16840434497E-19
   2   2   4   0.00000000000E+00
   3   2   4   0.00000000000E+00
   4   2   4   0.00000000000E+00
   1   3   4  -2.95040625000E-04
   2   3   4   1.30083937500E-03
   3   3   4   0.00000000000E+00
   4   3   4  -3.66761625000E-03
   1   4   4  -2.95040625000E-04
   2   4   4   0.00000000000E+00
   3   4   4   2.95040625000E-04
   4   4   4   0.00000000000E+00
   3   3   1   1
   1   1   1   7.04503778125E-02
   2   1   1  -1.21601959375E-02
   3   1   1   9.83959062500E-04
   4   1   1  -1.21601959375E-02
   1   2   1  -1.21601959375E-02
   2   2   1  -4.50019687500E-04
   3   2   1  -1.10520218750E-03
   4   2   1   8.27388531250E-03
   1   3   1   9.83959062500E-04
   2   3   1  -1.10520218750E-03
   3   3   1  -4.49979968750E-03
   4   3   1  -1.10520218750E-03
   1   4   1  -1.21601959375E-02
   2   4   1   8.27388531250E-03
   3   4   1  -1.10520218750E-03
   4   4   1  -4.50019687500E-04
   1   1   2   8.27388531250E-03
   2   1   2  -1.10520218750E-03
   3   1   2  -4.50019687500E-04
   4   1   2  -1.21601959375E-02
   1   2   2  -1.10520218750E-03
   2   2   2   8.07445156250E-03
   3   2   2  -1.10520218750E-03
   4   2   2   7.13787812500E-04
   1   3   2  -4.50019687500E-04
   2   3   2  -1.10520218750E-03
   3   3   2  -2.61319968750E-03
   4   3   2   3.15584906250E-03
   1   4   2  -1.21601959375E-02
   2   4   2   7.13787812500E-04
   3   4   2   3.15584906250E-03
   4   4   2  -6.67013093750E-03
   1   1   3  -4.49979968750E-03
   2   1   3  -1.10520218750E-03
   3   1   3   9.83959062500E-04
   4   1   3  -1.10520218750E-03
   1   2   3  -1.10520218750E-03
   2   2   3  -4.50019687500E-04
   3   2   3   3.15584906250E-03
   4   2   3  -2.61319968750E-03
   1   3   3   9.83959062500E-04
   2   3   3   3.15584906250E-03
   3   3   3   4.49187812500E-04
   4   3   3   3.15584906250E-03
   1   4   3  -1.10520218750E-03
   2   4   3  -2.61319968750E-03
   3   4   3   3.15584906250E-03
   4   4   3  -4.50019687500E-04
   1   1   4   8.27388531250E-03
   2   1   4  -1.21601959375E-02
   3   1   4  -4.50019687500E-04
   4   1   4  -1.10520218750E-03
   1   2   4  -1.21601959375E-02
   2   2   4  -6.67013093750E-03
   3   2   4   3.15584906250E-03
   4   2   4   7.13787812500E-04
   1   3   4  -4.50019687500E-04
   2   3   4   3.15584906250E-03
   3   3   4  -2.61319968750E-03
   4   3   4  -1.10520218750E-03
   1   4   4  -1.10520218750E-03
   2   4   4   7.13787812500E-04
   3   4   4  -1.10520218750E-03
   4   4   4   8.07445156250E-03
