  4.500000000000000E-002  0.609696205195422        2.55296959425764     
   4   4   4
   1   1   1   1
   1   1   1   7.49537485938E-02
   2   1   1  -1.16492685938E-02
   3   1   1  -3.89906406250E-04
   4   1   1  -1.16492685938E-02
   1   2   1   8.25590796875E-03
   2   2   1  -3.55550468750E-04
   3   2   1  -1.53645140625E-03
   4   2   1  -1.16492685938E-02
   1   3   1  -3.14025265625E-03
   2   3   1  -3.55550468750E-04
   3   3   1  -3.89906406250E-04
   4   3   1  -3.55550468750E-04
   1   4   1   8.25590796875E-03
   2   4   1  -1.16492685938E-02
   3   4   1  -1.53645140625E-03
   4   4   1  -3.55550468750E-04
   1   1   2  -1.16492685938E-02
   2   1   2  -1.53645140625E-03
   3   1   2  -3.55550468750E-04
   4   1   2   8.25590796875E-03
   1   2   2  -3.55550468750E-04
   2   2   2   3.46839109375E-03
   3   2   2  -3.55550468750E-04
   4   2   2   6.12679843750E-04
   1   3   2  -3.55550468750E-04
   2   3   2  -1.53645140625E-03
   3   3   2   2.09290265625E-03
   4   3   2  -8.13598281250E-04
   1   4   2  -1.16492685937E-02
   2   4   2  -5.10187390625E-03
   3   4   2   2.09290265625E-03
   4   4   2   6.12679843750E-04
   1   1   3  -3.89906406250E-04
   2   1   3  -3.55550468750E-04
   3   1   3  -3.14025265625E-03
   4   1   3  -3.55550468750E-04
   1   2   3  -1.53645140625E-03
   2   2   3  -3.55550468750E-04
   3   2   3  -8.13598281250E-04
   4   2   3   2.09290265625E-03
   1   3   3  -3.89906406250E-04
   2   3   3   2.09290265625E-03
   3   3   3   7.17616093750E-04
   4   3   3   2.09290265625E-03
   1   4   3  -1.53645140625E-03
   2   4   3   2.09290265625E-03
   3   4   3  -8.13598281250E-04
   4   4   3  -3.55550468750E-04
   1   1   4  -1.16492685938E-02
   2   1   4   8.25590796875E-03
   3   1   4  -3.55550468750E-04
   4   1   4  -1.53645140625E-03
   1   2   4  -1.16492685937E-02
   2   2   4   6.12679843750E-04
   3   2   4   2.09290265625E-03
   4   2   4  -5.10187390625E-03
   1   3   4  -3.55550468750E-04
   2   3   4  -8.13598281250E-04
   3   3   4   2.09290265625E-03
   4   3   4  -1.53645140625E-03
   1   4   4  -3.55550468750E-04
   2   4   4   6.12679843750E-04
   3   4   4  -3.55550468750E-04
   4   4   4   3.46839109375E-03
   1   2   1   1
   1   1   1  -1.08420217249E-18
   2   1   1   1.08420217249E-19
   3   1   1  -2.16840434497E-19
   4   1   1   1.08420217249E-19
   1   2   1  -1.08420217249E-19
   2   2   1   2.62662937500E-03
   3   2   1  -2.89221875000E-04
   4   2   1  -1.72089712500E-02
   1   3   1   4.33680868994E-19
   2   3   1  -2.89221875000E-04
   3   3   1   3.19997875000E-03
   4   3   1  -2.89221875000E-04
   1   4   1  -1.08420217249E-19
   2   4   1  -1.72089712500E-02
   3   4   1  -2.89221875000E-04
   4   4   1   2.62662937500E-03
   1   1   2   1.72089712500E-02
   2   1   2   2.89221875000E-04
   3   1   2  -2.62662937500E-03
   4   1   2   1.08420217249E-19
   1   2   2   2.89221875000E-04
   2   2   2   0.00000000000E+00
   3   2   2  -2.89221875000E-04
   4   2   2   0.00000000000E+00
   1   3   2  -2.62662937500E-03
   2   3   2  -2.89221875000E-04
   3   3   2   6.04400000000E-05
   4   3   2  -1.08420217249E-19
   1   4   2  -1.08420217249E-19
   2   4   2   0.00000000000E+00
   3   4   2   0.00000000000E+00
   4   4   2   0.00000000000E+00
   1   1   3  -3.19997875000E-03
   2   1   3   2.89221875000E-04
   3   1   3  -2.16840434497E-19
   4   1   3   2.89221875000E-04
   1   2   3   2.89221875000E-04
   2   2   3   2.62662937500E-03
   3   2   3   0.00000000000E+00
   4   2   3  -6.04400000000E-05
   1   3   3   4.33680868994E-19
   2   3   3  -1.08420217249E-19
   3   3   3   2.16840434497E-19
   4   3   3  -1.08420217249E-19
   1   4   3   2.89221875000E-04
   2   4   3  -6.04400000000E-05
   3   4   3   0.00000000000E+00
   4   4   3   2.62662937500E-03
   1   1   4   1.72089712500E-02
   2   1   4   1.08420217249E-19
   3   1   4  -2.62662937500E-03
   4   1   4   2.89221875000E-04
   1   2   4  -1.08420217249E-19
   2   2   4   0.00000000000E+00
   3   2   4   0.00000000000E+00
   4   2   4   0.00000000000E+00
   1   3   4  -2.62662937500E-03
   2   3   4  -1.08420217249E-19
   3   3   4   6.04400000000E-05
   4   3   4  -2.89221875000E-04
   1   4   4   2.89221875000E-04
   2   4   4   0.00000000000E+00
   3   4   4  -2.89221875000E-04
   4   4   4   0.00000000000E+00
   1   3   1   1
   1   1   1   6.50521303491E-19
   2   1   1   1.72089712500E-02
   3   1   1  -3.19997875000E-03
   4   1   1   1.72089712500E-02
   1   2   1   1.08420217249E-19
   2   2   1   2.89221875000E-04
   3   2   1   2.89221875000E-04
   4   2   1  -1.08420217249E-19
   1   3   1  -4.33680868994E-19
   2   3   1  -2.62662937500E-03
   3   3   1   1.08420217249E-19
   4   3   1  -2.62662937500E-03
   1   4   1   1.08420217249E-19
   2   4   1  -1.08420217249E-19
   3   4   1   2.89221875000E-04
   4   4   1   2.89221875000E-04
   1   1   2   1.08420217249E-19
   2   1   2   2.89221875000E-04
   3   1   2   2.89221875000E-04
   4   1   2   3.25260651746E-19
   1   2   2   2.62662937500E-03
   2   2   2   0.00000000000E+00
   3   2   2   2.62662937500E-03
   4   2   2   0.00000000000E+00
   1   3   2  -2.89221875000E-04
   2   3   2  -2.89221875000E-04
   3   3   2   0.00000000000E+00
   4   3   2   1.08420217249E-19
   1   4   2  -1.72089712500E-02
   2   4   2   0.00000000000E+00
   3   4   2  -6.04400000000E-05
   4   4   2   0.00000000000E+00
   1   1   3  -4.33680868994E-19
   2   1   3  -2.62662937500E-03
   3   1   3   2.16840434497E-19
   4   1   3  -2.62662937500E-03
   1   2   3  -2.89221875000E-04
   2   2   3  -2.89221875000E-04
   3   2   3   0.00000000000E+00
   4   2   3   1.08420217249E-19
   1   3   3   3.19997875000E-03
   2   3   3   6.04400000000E-05
   3   3   3  -1.08420217249E-19
   4   3   3   6.04400000000E-05
   1   4   3  -2.89221875000E-04
   2   4   3   1.08420217249E-19
   3   4   3   0.00000000000E+00
   4   4   3  -2.89221875000E-04
   1   1   4   1.08420217249E-19
   2   1   4   3.25260651746E-19
   3   1   4   2.89221875000E-04
   4   1   4   2.89221875000E-04
   1   2   4  -1.72089712500E-02
   2   2   4   0.00000000000E+00
   3   2   4  -6.04400000000E-05
   4   2   4   0.00000000000E+00
   1   3   4  -2.89221875000E-04
   2   3   4   1.08420217249E-19
   3   3   4   0.00000000000E+00
   4   3   4  -2.89221875000E-04
   1   4   4   2.62662937500E-03
   2   4   4   0.00000000000E+00
   3   4   4   2.62662937500E-03
   4   4   4   0.00000000000E+00
   2   1   1   1
   1   1   1  -1.08420217249E-18
   2   1   1   1.08420217249E-19
   3   1   1  -2.16840434497E-19
   4   1   1   1.08420217249E-19
   1   2   1  -1.08420217249E-19
   2   2   1   2.62662937500E-03
   3   2   1  -2.89221875000E-04
   4   2   1  -1.72089712500E-02
   1   3   1   4.33680868994E-19
   2   3   1  -2.89221875000E-04
   3   3   1   3.19997875000E-03
   4   3   1  -2.89221875000E-04
   1   4   1  -1.08420217249E-19
   2   4   1  -1.72089712500E-02
   3   4   1  -2.89221875000E-04
   4   4   1   2.62662937500E-03
   1   1   2   1.72089712500E-02
   2   1   2   2.89221875000E-04
   3   1   2  -2.62662937500E-03
   4   1   2   1.08420217249E-19
   1   2   2   2.89221875000E-04
   2   2   2   0.00000000000E+00
   3   2   2  -2.89221875000E-04
   4   2   2   0.00000000000E+00
   1   3   2  -2.62662937500E-03
   2   3   2  -2.89221875000E-04
   3   3   2   6.04400000000E-05
   4   3   2  -1.08420217249E-19
   1   4   2  -1.08420217249E-19
   2   4   2   0.00000000000E+00
   3   4   2   0.00000000000E+00
   4   4   2   0.00000000000E+00
   1   1   3  -3.19997875000E-03
   2   1   3   2.89221875000E-04
   3   1   3  -2.16840434497E-19
   4   1   3   2.89221875000E-04
   1   2   3   2.89221875000E-04
   2   2   3   2.62662937500E-03
   3   2   3   0.00000000000E+00
   4   2   3  -6.04400000000E-05
   1   3   3   4.33680868994E-19
   2   3   3  -1.08420217249E-19
   3   3   3   2.16840434497E-19
   4   3   3  -1.08420217249E-19
   1   4   3   2.89221875000E-04
   2   4   3  -6.04400000000E-05
   3   4   3   0.00000000000E+00
   4   4   3   2.62662937500E-03
   1   1   4   1.72089712500E-02
   2   1   4   1.08420217249E-19
   3   1   4  -2.62662937500E-03
   4   1   4   2.89221875000E-04
   1   2   4  -1.08420217249E-19
   2   2   4   0.00000000000E+00
   3   2   4   0.00000000000E+00
   4   2   4   0.00000000000E+00
   1   3   4  -2.62662937500E-03
   2   3   4  -1.08420217249E-19
   3   3   4   6.04400000000E-05
   4   3   4  -2.89221875000E-04
   1   4   4   2.89221875000E-04
   2   4   4   0.00000000000E+00
   3   4   4  -2.89221875000E-04
   4   4   4   0.00000000000E+00
   2   2   1   1
   1   1   1   7.49537485938E-02
   2   1   1   8.25590796875E-03
   3   1   1  -3.14025265625E-03
   4   1   1   8.25590796875E-03
   1   2   1  -1.16492685937E-02
   2   2   1  -3.55550468750E-04
   3   2   1  -3.55550468750E-04
   4   2   1  -1.16492685938E-02
   1   3   1  -3.89906406250E-04
   2   3   1  -1.53645140625E-03
   3   3   1  -3.89906406250E-04
   4   3   1  -1.53645140625E-03
   1   4   1  -1.16492685937E-02
   2   4   1  -1.16492685938E-02
   3   4   1  -3.55550468750E-04
   4   4   1  -3.55550468750E-04
   1   1   2  -1.16492685938E-02
   2   1   2  -3.55550468750E-04
   3   1   2  -3.55550468750E-04
   4   1   2  -1.16492685938E-02
   1   2   2  -1.53645140625E-03
   2   2   2   3.46839109375E-03
   3   2   2  -1.53645140625E-03
   4   2   2  -5.10187390625E-03
   1   3   2  -3.55550468750E-04
   2   3   2  -3.55550468750E-04
   3   3   2   2.09290265625E-03
   4   3   2   2.09290265625E-03
   1   4   2   8.25590796875E-03
   2   4   2   6.12679843750E-04
   3   4   2  -8.13598281250E-04
   4   4   2   6.12679843750E-04
   1   1   3  -3.89906406250E-04
   2   1   3  -1.53645140625E-03
   3   1   3  -3.89906406250E-04
   4   1   3  -1.53645140625E-03
   1   2   3  -3.55550468750E-04
   2   2   3  -3.55550468750E-04
   3   2   3   2.09290265625E-03
   4   2   3   2.09290265625E-03
   1   3   3  -3.14025265625E-03
   2   3   3  -8.13598281250E-04
   3   3   3   7.17616093750E-04
   4   3   3  -8.13598281250E-04
   1   4   3  -3.55550468750E-04
   2   4   3   2.09290265625E-03
   3   4   3   2.09290265625E-03
   4   4   3  -3.55550468750E-04
   1   1   4  -1.16492685938E-02
   2   1   4  -1.16492685938E-02
   3   1   4  -3.55550468750E-04
   4   1   4  -3.55550468750E-04
   1   2   4   8.25590796875E-03
   2   2   4   6.12679843750E-04
   3   2   4  -8.13598281250E-04
   4   2   4   6.12679843750E-04
   1   3   4  -3.55550468750E-04
   2   3   4   2.09290265625E-03
   3   3   4   2.09290265625E-03
   4   3   4  -3.55550468750E-04
   1   4   4  -1.53645140625E-03
   2   4   4  -5.10187390625E-03
   3   4   4  -1.53645140625E-03
   4   4   4   3.46839109375E-03
   2   3   1   1
   1   1   1   6.50521303491E-19
   2   1   1   3.25260651746E-19
   3   1   1   2.16840434497E-19
   4   1   1   3.25260651746E-19
   1   2   1  -1.72089712500E-02
   2   2   1  -2.89221875000E-04
   3   2   1   2.62662937500E-03
   4   2   1  -1.08420217249E-19
   1   3   1   3.19997875000E-03
   2   3   1  -2.89221875000E-04
   3   3   1   1.08420217249E-19
   4   3   1  -2.89221875000E-04
   1   4   1  -1.72089712500E-02
   2   4   1  -1.08420217249E-19
   3   4   1   2.62662937500E-03
   4   4   1  -2.89221875000E-04
   1   1   2   1.08420217249E-19
   2   1   2  -2.62662937500E-03
   3   1   2   2.89221875000E-04
   4   1   2   1.72089712500E-02
   1   2   2  -2.89221875000E-04
   2   2   2   0.00000000000E+00
   3   2   2   2.89221875000E-04
   4   2   2   0.00000000000E+00
   1   3   2  -2.89221875000E-04
   2   3   2  -2.62662937500E-03
   3   3   2   0.00000000000E+00
   4   3   2   6.04400000000E-05
   1   4   2   1.08420217249E-19
   2   4   2   0.00000000000E+00
   3   4   2   0.00000000000E+00
   4   4   2   0.00000000000E+00
   1   1   3  -4.33680868994E-19
   2   1   3   2.89221875000E-04
   3   1   3  -3.19997875000E-03
   4   1   3   2.89221875000E-04
   1   2   3   2.62662937500E-03
   2   2   3   2.89221875000E-04
   3   2   3  -6.04400000000E-05
   4   2   3   1.08420217249E-19
   1   3   3  -4.33680868994E-19
   2   3   3   1.08420217249E-19
   3   3   3  -1.08420217249E-19
   4   3   3   1.08420217249E-19
   1   4   3   2.62662937500E-03
   2   4   3   1.08420217249E-19
   3   4   3  -6.04400000000E-05
   4   4   3   2.89221875000E-04
   1   1   4   1.08420217249E-19
   2   1   4   1.72089712500E-02
   3   1   4   2.89221875000E-04
   4   1   4  -2.62662937500E-03
   1   2   4   1.08420217249E-19
   2   2   4   0.00000000000E+00
   3   2   4   0.00000000000E+00
   4   2   4   0.00000000000E+00
   1   3   4  -2.89221875000E-04
   2   3   4   6.04400000000E-05
   3   3   4   0.00000000000E+00
   4   3   4  -2.62662937500E-03
   1   4   4  -2.89221875000E-04
   2   4   4   0.00000000000E+00
   3   4   4   2.89221875000E-04
   4   4   4   0.00000000000E+00
   3   1   1   1
   1   1   1   6.50521303491E-19
   2   1   1   1.72089712500E-02
   3   1   1  -3.19997875000E-03
   4   1   1   1.72089712500E-02
   1   2   1   1.08420217249E-19
   2   2   1   2.89221875000E-04
   3   2   1   2.89221875000E-04
   4   2   1  -1.08420217249E-19
   1   3   1  -4.33680868994E-19
   2   3   1  -2.62662937500E-03
   3   3   1   1.08420217249E-19
   4   3   1  -2.62662937500E-03
   1   4   1   1.08420217249E-19
   2   4   1  -1.08420217249E-19
   3   4   1   2.89221875000E-04
   4   4   1   2.89221875000E-04
   1   1   2   1.08420217249E-19
   2   1   2   2.89221875000E-04
   3   1   2   2.89221875000E-04
   4   1   2   3.25260651746E-19
   1   2   2   2.62662937500E-03
   2   2   2   0.00000000000E+00
   3   2   2   2.62662937500E-03
   4   2   2   0.00000000000E+00
   1   3   2  -2.89221875000E-04
   2   3   2  -2.89221875000E-04
   3   3   2   0.00000000000E+00
   4   3   2   1.08420217249E-19
   1   4   2  -1.72089712500E-02
   2   4   2   0.00000000000E+00
   3   4   2  -6.04400000000E-05
   4   4   2   0.00000000000E+00
   1   1   3  -4.33680868994E-19
   2   1   3  -2.62662937500E-03
   3   1   3   2.16840434497E-19
   4   1   3  -2.62662937500E-03
   1   2   3  -2.89221875000E-04
   2   2   3  -2.89221875000E-04
   3   2   3   0.00000000000E+00
   4   2   3   1.08420217249E-19
   1   3   3   3.19997875000E-03
   2   3   3   6.04400000000E-05
   3   3   3  -1.08420217249E-19
   4   3   3   6.04400000000E-05
   1   4   3  -2.89221875000E-04
   2   4   3   1.08420217249E-19
   3   4   3   0.00000000000E+00
   4   4   3  -2.89221875000E-04
   1   1   4   1.08420217249E-19
   2   1   4   3.25260651746E-19
   3   1   4   2.89221875000E-04
   4   1   4   2.89221875000E-04
   1   2   4  -1.72089712500E-02
   2   2   4   0.00000000000E+00
   3   2   4  -6.04400000000E-05
   4   2   4   0.00000000000E+00
   1   3   4  -2.89221875000E-04
   2   3   4   1.08420217249E-19
   3   3   4   0.00000000000E+00
   4   3   4  -2.89221875000E-04
   1   4   4   2.62662937500E-03
   2   4   4   0.00000000000E+00
   3   4   4   2.62662937500E-03
   4   4   4   0.00000000000E+00
   3   2   1   1
   1   1   1   6.50521303491E-19
   2   1   1   3.25260651746E-19
   3   1   1   2.16840434497E-19
   4   1   1   3.25260651746E-19
   1   2   1  -1.72089712500E-02
   2   2   1  -2.89221875000E-04
   3   2   1   2.62662937500E-03
   4   2   1  -1.08420217249E-19
   1   3   1   3.19997875000E-03
   2   3   1  -2.89221875000E-04
   3   3   1   1.08420217249E-19
   4   3   1  -2.89221875000E-04
   1   4   1  -1.72089712500E-02
   2   4   1  -1.08420217249E-19
   3   4   1   2.62662937500E-03
   4   4   1  -2.89221875000E-04
   1   1   2   1.08420217249E-19
   2   1   2  -2.62662937500E-03
   3   1   2   2.89221875000E-04
   4   1   2   1.72089712500E-02
   1   2   2  -2.89221875000E-04
   2   2   2   0.00000000000E+00
   3   2   2   2.89221875000E-04
   4   2   2   0.00000000000E+00
   1   3   2  -2.89221875000E-04
   2   3   2  -2.62662937500E-03
   3   3   2   0.00000000000E+00
   4   3   2   6.04400000000E-05
   1   4   2   1.08420217249E-19
   2   4   2   0.00000000000E+00
   3   4   2   0.00000000000E+00
   4   4   2   0.00000000000E+00
   1   1   3  -4.33680868994E-19
   2   1   3   2.89221875000E-04
   3   1   3  -3.19997875000E-03
   4   1   3   2.89221875000E-04
   1   2   3   2.62662937500E-03
   2   2   3   2.89221875000E-04
   3   2   3  -6.04400000000E-05
   4   2   3   1.08420217249E-19
   1   3   3  -4.33680868994E-19
   2   3   3   1.08420217249E-19
   3   3   3  -1.08420217249E-19
   4   3   3   1.08420217249E-19
   1   4   3   2.62662937500E-03
   2   4   3   1.08420217249E-19
   3   4   3  -6.04400000000E-05
   4   4   3   2.89221875000E-04
   1   1   4   1.08420217249E-19
   2   1   4   1.72089712500E-02
   3   1   4   2.89221875000E-04
   4   1   4  -2.62662937500E-03
   1   2   4   1.08420217249E-19
   2   2   4   0.00000000000E+00
   3   2   4   0.00000000000E+00
   4   2   4   0.00000000000E+00
   1   3   4  -2.89221875000E-04
   2   3   4   6.04400000000E-05
   3   3   4   0.00000000000E+00
   4   3   4  -2.62662937500E-03
   1   4   4  -2.89221875000E-04
   2   4   4   0.00000000000E+00
   3   4   4   2.89221875000E-04
   4   4   4   0.00000000000E+00
   3   3   1   1
   1   1   1   7.49537485938E-02
   2   1   1  -1.16492685938E-02
   3   1   1  -3.89906406250E-04
   4   1   1  -1.16492685938E-02
   1   2   1  -1.16492685937E-02
   2   2   1  -1.53645140625E-03
   3   2   1  -3.55550468750E-04
   4   2   1   8.25590796875E-03
   1   3   1  -3.89906406250E-04
   2   3   1  -3.55550468750E-04
   3   3   1  -3.14025265625E-03
   4   3   1  -3.55550468750E-04
   1   4   1  -1.16492685937E-02
   2   4   1   8.25590796875E-03
   3   4   1  -3.55550468750E-04
   4   4   1  -1.53645140625E-03
   1   1   2   8.25590796875E-03
   2   1   2  -3.55550468750E-04
   3   1   2  -1.53645140625E-03
   4   1   2  -1.16492685938E-02
   1   2   2  -3.55550468750E-04
   2   2   2   3.46839109375E-03
   3   2   2  -3.55550468750E-04
   4   2   2   6.12679843750E-04
   1   3   2  -1.53645140625E-03
   2   3   2  -3.55550468750E-04
   3   3   2  -8.13598281250E-04
   4   3   2   2.09290265625E-03
   1   4   2  -1.16492685937E-02
   2   4   2   6.12679843750E-04
   3   4   2   2.09290265625E-03
   4   4   2  -5.10187390625E-03
   1   1   3  -3.14025265625E-03
   2   1   3  -3.55550468750E-04
   3   1   3  -3.89906406250E-04
   4   1   3  -3.55550468750E-04
   1   2   3  -3.55550468750E-04
   2   2   3  -1.53645140625E-03
   3   2   3   2.09290265625E-03
   4   2   3  -8.13598281250E-04
   1   3   3  -3.89906406250E-04
   2   3   3   2.09290265625E-03
   3   3   3   7.17616093750E-04
   4   3   3   2.09290265625E-03
   1   4   3  -3.55550468750E-04
   2   4   3  -8.13598281250E-04
   3   4   3   2.09290265625E-03
   4   4   3  -1.53645140625E-03
   1   1   4   8.25590796875E-03
   2   1   4  -1.16492685938E-02
   3   1   4  -1.53645140625E-03
   4   1   4  -3.55550468750E-04
   1   2   4  -1.16492685937E-02
   2   2   4  -5.10187390625E-03
   3   2   4   2.09290265625E-03
   4   2   4   6.12679843750E-04
   1   3   4  -1.53645140625E-03
   2   3   4   2.09290265625E-03
   3   3   4  -8.13598281250E-04
   4   3   4  -3.55550468750E-04
   1   4   4  -3.55550468750E-04
   2   4   4   6.12679843750E-04
   3   4   4  -3.55550468750E-04
   4   4   4   3.46839109375E-03
