  2.500000000000000E-002  0.611346389722652        2.32981852390816     
   4   4   4
   1   1   1   1
   1   1   1   7.14081846875E-02
   2   1   1  -1.29109059375E-02
   3   1   1   1.64987406250E-03
   4   1   1  -1.29109059375E-02
   1   2   1   8.84443656250E-03
   2   2   1  -1.39728218750E-03
   3   2   1   2.04132187500E-04
   4   2   1  -1.29109059375E-02
   1   3   1  -6.33216031250E-03
   2   3   1  -1.39728218750E-03
   3   3   1   1.64987406250E-03
   4   3   1  -1.39728218750E-03
   1   4   1   8.84443656250E-03
   2   4   1  -1.29109059375E-02
   3   4   1   2.04132187500E-04
   4   4   1  -1.39728218750E-03
   1   1   2  -1.29109059375E-02
   2   1   2   2.04132187500E-04
   3   1   2  -1.39728218750E-03
   4   1   2   8.84443656250E-03
   1   2   2  -1.39728218750E-03
   2   2   2   1.10569740625E-02
   3   2   2  -1.39728218750E-03
   4   2   2   6.73859687500E-04
   1   3   2  -1.39728218750E-03
   2   3   2   2.04132187500E-04
   3   3   2   3.71857406250E-03
   4   3   2  -3.99719593750E-03
   1   4   2  -1.29109059375E-02
   2   4   2  -7.87781843750E-03
   3   4   2   3.71857406250E-03
   4   4   2   6.73859687500E-04
   1   1   3   1.64987406250E-03
   2   1   3  -1.39728218750E-03
   3   1   3  -6.33216031250E-03
   4   1   3  -1.39728218750E-03
   1   2   3   2.04132187500E-04
   2   2   3  -1.39728218750E-03
   3   2   3  -3.99719593750E-03
   4   2   3   3.71857406250E-03
   1   3   3   1.64987406250E-03
   2   3   3   3.71857406250E-03
   3   3   3   9.07619687500E-04
   4   3   3   3.71857406250E-03
   1   4   3   2.04132187500E-04
   2   4   3   3.71857406250E-03
   3   4   3  -3.99719593750E-03
   4   4   3  -1.39728218750E-03
   1   1   4  -1.29109059375E-02
   2   1   4   8.84443656250E-03
   3   1   4  -1.39728218750E-03
   4   1   4   2.04132187500E-04
   1   2   4  -1.29109059375E-02
   2   2   4   6.73859687500E-04
   3   2   4   3.71857406250E-03
   4   2   4  -7.87781843750E-03
   1   3   4  -1.39728218750E-03
   2   3   4  -3.99719593750E-03
   3   3   4   3.71857406250E-03
   4   3   4   2.04132187500E-04
   1   4   4  -1.39728218750E-03
   2   4   4   6.73859687500E-04
   3   4   4  -1.39728218750E-03
   4   4   4   1.10569740625E-02
   1   2   1   1
   1   1   1   0.00000000000E+00
   2   1   1   0.00000000000E+00
   3   1   1   0.00000000000E+00
   4   1   1   0.00000000000E+00
   1   2   1   0.00000000000E+00
   2   2   1   4.58037250000E-03
   3   2   1  -4.52878750000E-04
   4   2   1  -1.69165712500E-02
   1   3   1  -4.33680868994E-19
   2   3   1  -4.52878750000E-04
   3   3   1   3.64556000000E-03
   4   3   1  -4.52878750000E-04
   1   4   1   0.00000000000E+00
   2   4   1  -1.69165712500E-02
   3   4   1  -4.52878750000E-04
   4   4   1   4.58037250000E-03
   1   1   2   1.69165712500E-02
   2   1   2   4.52878750000E-04
   3   1   2  -4.58037250000E-03
   4   1   2   0.00000000000E+00
   1   2   2   4.52878750000E-04
   2   2   2   0.00000000000E+00
   3   2   2  -4.52878750000E-04
   4   2   2   0.00000000000E+00
   1   3   2  -4.58037250000E-03
   2   3   2  -4.52878750000E-04
   3   3   2   2.36511125000E-03
   4   3   2   0.00000000000E+00
   1   4   2   0.00000000000E+00
   2   4   2   0.00000000000E+00
   3   4   2   0.00000000000E+00
   4   4   2   0.00000000000E+00
   1   1   3  -3.64556000000E-03
   2   1   3   4.52878750000E-04
   3   1   3   0.00000000000E+00
   4   1   3   4.52878750000E-04
   1   2   3   4.52878750000E-04
   2   2   3   4.58037250000E-03
   3   2   3   0.00000000000E+00
   4   2   3  -2.36511125000E-03
   1   3   3  -4.33680868994E-19
   2   3   3   0.00000000000E+00
   3   3   3   0.00000000000E+00
   4   3   3   0.00000000000E+00
   1   4   3   4.52878750000E-04
   2   4   3  -2.36511125000E-03
   3   4   3   0.00000000000E+00
   4   4   3   4.58037250000E-03
   1   1   4   1.69165712500E-02
   2   1   4   0.00000000000E+00
   3   1   4  -4.58037250000E-03
   4   1   4   4.52878750000E-04
   1   2   4   0.00000000000E+00
   2   2   4   0.00000000000E+00
   3   2   4   0.00000000000E+00
   4   2   4   0.00000000000E+00
   1   3   4  -4.58037250000E-03
   2   3   4   0.00000000000E+00
   3   3   4   2.36511125000E-03
   4   3   4  -4.52878750000E-04
   1   4   4   4.52878750000E-04
   2   4   4   0.00000000000E+00
   3   4   4  -4.52878750000E-04
   4   4   4   0.00000000000E+00
   1   3   1   1
   1   1   1  -4.33680868994E-19
   2   1   1   1.69165712500E-02
   3   1   1  -3.64556000000E-03
   4   1   1   1.69165712500E-02
   1   2   1   0.00000000000E+00
   2   2   1   4.52878750000E-04
   3   2   1   4.52878750000E-04
   4   2   1   0.00000000000E+00
   1   3   1   4.33680868994E-19
   2   3   1  -4.58037250000E-03
   3   3   1   0.00000000000E+00
   4   3   1  -4.58037250000E-03
   1   4   1   0.00000000000E+00
   2   4   1   0.00000000000E+00
   3   4   1   4.52878750000E-04
   4   4   1   4.52878750000E-04
   1   1   2   0.00000000000E+00
   2   1   2   4.52878750000E-04
   3   1   2   4.52878750000E-04
   4   1   2   0.00000000000E+00
   1   2   2   4.58037250000E-03
   2   2   2   0.00000000000E+00
   3   2   2   4.58037250000E-03
   4   2   2   0.00000000000E+00
   1   3   2  -4.52878750000E-04
   2   3   2  -4.52878750000E-04
   3   3   2   0.00000000000E+00
   4   3   2   0.00000000000E+00
   1   4   2  -1.69165712500E-02
   2   4   2   0.00000000000E+00
   3   4   2  -2.36511125000E-03
   4   4   2   0.00000000000E+00
   1   1   3   4.33680868994E-19
   2   1   3  -4.58037250000E-03
   3   1   3   0.00000000000E+00
   4   1   3  -4.58037250000E-03
   1   2   3  -4.52878750000E-04
   2   2   3  -4.52878750000E-04
   3   2   3   0.00000000000E+00
   4   2   3   0.00000000000E+00
   1   3   3   3.64556000000E-03
   2   3   3   2.36511125000E-03
   3   3   3   0.00000000000E+00
   4   3   3   2.36511125000E-03
   1   4   3  -4.52878750000E-04
   2   4   3   0.00000000000E+00
   3   4   3   0.00000000000E+00
   4   4   3  -4.52878750000E-04
   1   1   4   0.00000000000E+00
   2   1   4   0.00000000000E+00
   3   1   4   4.52878750000E-04
   4   1   4   4.52878750000E-04
   1   2   4  -1.69165712500E-02
   2   2   4   0.00000000000E+00
   3   2   4  -2.36511125000E-03
   4   2   4   0.00000000000E+00
   1   3   4  -4.52878750000E-04
   2   3   4   0.00000000000E+00
   3   3   4   0.00000000000E+00
   4   3   4  -4.52878750000E-04
   1   4   4   4.58037250000E-03
   2   4   4   0.00000000000E+00
   3   4   4   4.58037250000E-03
   4   4   4   0.00000000000E+00
   2   1   1   1
   1   1   1   0.00000000000E+00
   2   1   1   0.00000000000E+00
   3   1   1   0.00000000000E+00
   4   1   1   0.00000000000E+00
   1   2   1   0.00000000000E+00
   2   2   1   4.58037250000E-03
   3   2   1  -4.52878750000E-04
   4   2   1  -1.69165712500E-02
   1   3   1  -4.33680868994E-19
   2   3   1  -4.52878750000E-04
   3   3   1   3.64556000000E-03
   4   3   1  -4.52878750000E-04
   1   4   1   0.00000000000E+00
   2   4   1  -1.69165712500E-02
   3   4   1  -4.52878750000E-04
   4   4   1   4.58037250000E-03
   1   1   2   1.69165712500E-02
   2   1   2   4.52878750000E-04
   3   1   2  -4.58037250000E-03
   4   1   2   0.00000000000E+00
   1   2   2   4.52878750000E-04
   2   2   2   0.00000000000E+00
   3   2   2  -4.52878750000E-04
   4   2   2   0.00000000000E+00
   1   3   2  -4.58037250000E-03
   2   3   2  -4.52878750000E-04
   3   3   2   2.36511125000E-03
   4   3   2   0.00000000000E+00
   1   4   2   0.00000000000E+00
   2   4   2   0.00000000000E+00
   3   4   2   0.00000000000E+00
   4   4   2   0.00000000000E+00
   1   1   3  -3.64556000000E-03
   2   1   3   4.52878750000E-04
   3   1   3   0.00000000000E+00
   4   1   3   4.52878750000E-04
   1   2   3   4.52878750000E-04
   2   2   3   4.58037250000E-03
   3   2   3   0.00000000000E+00
   4   2   3  -2.36511125000E-03
   1   3   3  -4.33680868994E-19
   2   3   3   0.00000000000E+00
   3   3   3   0.00000000000E+00
   4   3   3   0.00000000000E+00
   1   4   3   4.52878750000E-04
   2   4   3  -2.36511125000E-03
   3   4   3   0.00000000000E+00
   4   4   3   4.58037250000E-03
   1   1   4   1.69165712500E-02
   2   1   4   0.00000000000E+00
   3   1   4  -4.58037250000E-03
   4   1   4   4.52878750000E-04
   1   2   4   0.00000000000E+00
   2   2   4   0.00000000000E+00
   3   2   4   0.00000000000E+00
   4   2   4   0.00000000000E+00
   1   3   4  -4.58037250000E-03
   2   3   4   0.00000000000E+00
   3   3   4   2.36511125000E-03
   4   3   4  -4.52878750000E-04
   1   4   4   4.52878750000E-04
   2   4   4   0.00000000000E+00
   3   4   4  -4.52878750000E-04
   4   4   4   0.00000000000E+00
   2   2   1   1
   1   1   1   7.14081846875E-02
   2   1   1   8.84443656250E-03
   3   1   1  -6.33216031250E-03
   4   1   1   8.84443656250E-03
   1   2   1  -1.29109059375E-02
   2   2   1  -1.39728218750E-03
   3   2   1  -1.39728218750E-03
   4   2   1  -1.29109059375E-02
   1   3   1   1.64987406250E-03
   2   3   1   2.04132187500E-04
   3   3   1   1.64987406250E-03
   4   3   1   2.04132187500E-04
   1   4   1  -1.29109059375E-02
   2   4   1  -1.29109059375E-02
   3   4   1  -1.39728218750E-03
   4   4   1  -1.39728218750E-03
   1   1   2  -1.29109059375E-02
   2   1   2  -1.39728218750E-03
   3   1   2  -1.39728218750E-03
   4   1   2  -1.29109059375E-02
   1   2   2   2.04132187500E-04
   2   2   2   1.10569740625E-02
   3   2   2   2.04132187500E-04
   4   2   2  -7.87781843750E-03
   1   3   2  -1.39728218750E-03
   2   3   2  -1.39728218750E-03
   3   3   2   3.71857406250E-03
   4   3   2   3.71857406250E-03
   1   4   2   8.84443656250E-03
   2   4   2   6.73859687500E-04
   3   4   2  -3.99719593750E-03
   4   4   2   6.73859687500E-04
   1   1   3   1.64987406250E-03
   2   1   3   2.04132187500E-04
   3   1   3   1.64987406250E-03
   4   1   3   2.04132187500E-04
   1   2   3  -1.39728218750E-03
   2   2   3  -1.39728218750E-03
   3   2   3   3.71857406250E-03
   4   2   3   3.71857406250E-03
   1   3   3  -6.33216031250E-03
   2   3   3  -3.99719593750E-03
   3   3   3   9.07619687500E-04
   4   3   3  -3.99719593750E-03
   1   4   3  -1.39728218750E-03
   2   4   3   3.71857406250E-03
   3   4   3   3.71857406250E-03
   4   4   3  -1.39728218750E-03
   1   1   4  -1.29109059375E-02
   2   1   4  -1.29109059375E-02
   3   1   4  -1.39728218750E-03
   4   1   4  -1.39728218750E-03
   1   2   4   8.84443656250E-03
   2   2   4   6.73859687500E-04
   3   2   4  -3.99719593750E-03
   4   2   4   6.73859687500E-04
   1   3   4  -1.39728218750E-03
   2   3   4   3.71857406250E-03
   3   3   4   3.71857406250E-03
   4   3   4  -1.39728218750E-03
   1   4   4   2.04132187500E-04
   2   4   4  -7.87781843750E-03
   3   4   4   2.04132187500E-04
   4   4   4   1.10569740625E-02
   2   3   1   1
   1   1   1  -4.33680868994E-19
   2   1   1   0.00000000000E+00
   3   1   1   0.00000000000E+00
   4   1   1   0.00000000000E+00
   1   2   1  -1.69165712500E-02
   2   2   1  -4.52878750000E-04
   3   2   1   4.58037250000E-03
   4   2   1   0.00000000000E+00
   1   3   1   3.64556000000E-03
   2   3   1  -4.52878750000E-04
   3   3   1   0.00000000000E+00
   4   3   1  -4.52878750000E-04
   1   4   1  -1.69165712500E-02
   2   4   1   0.00000000000E+00
   3   4   1   4.58037250000E-03
   4   4   1  -4.52878750000E-04
   1   1   2   0.00000000000E+00
   2   1   2  -4.58037250000E-03
   3   1   2   4.52878750000E-04
   4   1   2   1.69165712500E-02
   1   2   2  -4.52878750000E-04
   2   2   2   0.00000000000E+00
   3   2   2   4.52878750000E-04
   4   2   2   0.00000000000E+00
   1   3   2  -4.52878750000E-04
   2   3   2  -4.58037250000E-03
   3   3   2   0.00000000000E+00
   4   3   2   2.36511125000E-03
   1   4   2   0.00000000000E+00
   2   4   2   0.00000000000E+00
   3   4   2   0.00000000000E+00
   4   4   2   0.00000000000E+00
   1   1   3   4.33680868994E-19
   2   1   3   4.52878750000E-04
   3   1   3  -3.64556000000E-03
   4   1   3   4.52878750000E-04
   1   2   3   4.58037250000E-03
   2   2   3   4.52878750000E-04
   3   2   3  -2.36511125000E-03
   4   2   3   0.00000000000E+00
   1   3   3   4.33680868994E-19
   2   3   3   0.00000000000E+00
   3   3   3   0.00000000000E+00
   4   3   3   0.00000000000E+00
   1   4   3   4.58037250000E-03
   2   4   3   0.00000000000E+00
   3   4   3  -2.36511125000E-03
   4   4   3   4.52878750000E-04
   1   1   4   0.00000000000E+00
   2   1   4   1.69165712500E-02
   3   1   4   4.52878750000E-04
   4   1   4  -4.58037250000E-03
   1   2   4   0.00000000000E+00
   2   2   4   0.00000000000E+00
   3   2   4   0.00000000000E+00
   4   2   4   0.00000000000E+00
   1   3   4  -4.52878750000E-04
   2   3   4   2.36511125000E-03
   3   3   4   0.00000000000E+00
   4   3   4  -4.58037250000E-03
   1   4   4  -4.52878750000E-04
   2   4   4   0.00000000000E+00
   3   4   4   4.52878750000E-04
   4   4   4   0.00000000000E+00
   3   1   1   1
   1   1   1  -4.33680868994E-19
   2   1   1   1.69165712500E-02
   3   1   1  -3.64556000000E-03
   4   1   1   1.69165712500E-02
   1   2   1   0.00000000000E+00
   2   2   1   4.52878750000E-04
   3   2   1   4.52878750000E-04
   4   2   1   0.00000000000E+00
   1   3   1   4.33680868994E-19
   2   3   1  -4.58037250000E-03
   3   3   1   0.00000000000E+00
   4   3   1  -4.58037250000E-03
   1   4   1   0.00000000000E+00
   2   4   1   0.00000000000E+00
   3   4   1   4.52878750000E-04
   4   4   1   4.52878750000E-04
   1   1   2   0.00000000000E+00
   2   1   2   4.52878750000E-04
   3   1   2   4.52878750000E-04
   4   1   2   0.00000000000E+00
   1   2   2   4.58037250000E-03
   2   2   2   0.00000000000E+00
   3   2   2   4.58037250000E-03
   4   2   2   0.00000000000E+00
   1   3   2  -4.52878750000E-04
   2   3   2  -4.52878750000E-04
   3   3   2   0.00000000000E+00
   4   3   2   0.00000000000E+00
   1   4   2  -1.69165712500E-02
   2   4   2   0.00000000000E+00
   3   4   2  -2.36511125000E-03
   4   4   2   0.00000000000E+00
   1   1   3   4.33680868994E-19
   2   1   3  -4.58037250000E-03
   3   1   3   0.00000000000E+00
   4   1   3  -4.58037250000E-03
   1   2   3  -4.52878750000E-04
   2   2   3  -4.52878750000E-04
   3   2   3   0.00000000000E+00
   4   2   3   0.00000000000E+00
   1   3   3   3.64556000000E-03
   2   3   3   2.36511125000E-03
   3   3   3   0.00000000000E+00
   4   3   3   2.36511125000E-03
   1   4   3  -4.52878750000E-04
   2   4   3   0.00000000000E+00
   3   4   3   0.00000000000E+00
   4   4   3  -4.52878750000E-04
   1   1   4   0.00000000000E+00
   2   1   4   0.00000000000E+00
   3   1   4   4.52878750000E-04
   4   1   4   4.52878750000E-04
   1   2   4  -1.69165712500E-02
   2   2   4   0.00000000000E+00
   3   2   4  -2.36511125000E-03
   4   2   4   0.00000000000E+00
   1   3   4  -4.52878750000E-04
   2   3   4   0.00000000000E+00
   3   3   4   0.00000000000E+00
   4   3   4  -4.52878750000E-04
   1   4   4   4.58037250000E-03
   2   4   4   0.00000000000E+00
   3   4   4   4.58037250000E-03
   4   4   4   0.00000000000E+00
   3   2   1   1
   1   1   1  -4.33680868994E-19
   2   1   1   0.00000000000E+00
   3   1   1   0.00000000000E+00
   4   1   1   0.00000000000E+00
   1   2   1  -1.69165712500E-02
   2   2   1  -4.52878750000E-04
   3   2   1   4.58037250000E-03
   4   2   1   0.00000000000E+00
   1   3   1   3.64556000000E-03
   2   3   1  -4.52878750000E-04
   3   3   1   0.00000000000E+00
   4   3   1  -4.52878750000E-04
   1   4   1  -1.69165712500E-02
   2   4   1   0.00000000000E+00
   3   4   1   4.58037250000E-03
   4   4   1  -4.52878750000E-04
   1   1   2   0.00000000000E+00
   2   1   2  -4.58037250000E-03
   3   1   2   4.52878750000E-04
   4   1   2   1.69165712500E-02
   1   2   2  -4.52878750000E-04
   2   2   2   0.00000000000E+00
   3   2   2   4.52878750000E-04
   4   2   2   0.00000000000E+00
   1   3   2  -4.52878750000E-04
   2   3   2  -4.58037250000E-03
   3   3   2   0.00000000000E+00
   4   3   2   2.36511125000E-03
   1   4   2   0.00000000000E+00
   2   4   2   0.00000000000E+00
   3   4   2   0.00000000000E+00
   4   4   2   0.00000000000E+00
   1   1   3   4.33680868994E-19
   2   1   3   4.52878750000E-04
   3   1   3  -3.64556000000E-03
   4   1   3   4.52878750000E-04
   1   2   3   4.58037250000E-03
   2   2   3   4.52878750000E-04
   3   2   3  -2.36511125000E-03
   4   2   3   0.00000000000E+00
   1   3   3   4.33680868994E-19
   2   3   3   0.00000000000E+00
   3   3   3   0.00000000000E+00
   4   3   3   0.00000000000E+00
   1   4   3   4.58037250000E-03
   2   4   3   0.00000000000E+00
   3   4   3  -2.36511125000E-03
   4   4   3   4.52878750000E-04
   1   1   4   0.00000000000E+00
   2   1   4   1.69165712500E-02
   3   1   4   4.52878750000E-04
   4   1   4  -4.58037250000E-03
   1   2   4   0.00000000000E+00
   2   2   4   0.00000000000E+00
   3   2   4   0.00000000000E+00
   4   2   4   0.00000000000E+00
   1   3   4  -4.52878750000E-04
   2   3   4   2.36511125000E-03
   3   3   4   0.00000000000E+00
   4   3   4  -4.58037250000E-03
   1   4   4  -4.52878750000E-04
   2   4   4   0.00000000000E+00
   3   4   4   4.52878750000E-04
   4   4   4   0.00000000000E+00
   3   3   1   1
   1   1   1   7.14081846875E-02
   2   1   1  -1.29109059375E-02
   3   1   1   1.64987406250E-03
   4   1   1  -1.29109059375E-02
   1   2   1  -1.29109059375E-02
   2   2   1   2.04132187500E-04
   3   2   1  -1.39728218750E-03
   4   2   1   8.84443656250E-03
   1   3   1   1.64987406250E-03
   2   3   1  -1.39728218750E-03
   3   3   1  -6.33216031250E-03
   4   3   1  -1.39728218750E-03
   1   4   1  -1.29109059375E-02
   2   4   1   8.84443656250E-03
   3   4   1  -1.39728218750E-03
   4   4   1   2.04132187500E-04
   1   1   2   8.84443656250E-03
   2   1   2  -1.39728218750E-03
   3   1   2   2.04132187500E-04
   4   1   2  -1.29109059375E-02
   1   2   2  -1.39728218750E-03
   2   2   2   1.10569740625E-02
   3   2   2  -1.39728218750E-03
   4   2   2   6.73859687500E-04
   1   3   2   2.04132187500E-04
   2   3   2  -1.39728218750E-03
   3   3   2  -3.99719593750E-03
   4   3   2   3.71857406250E-03
   1   4   2  -1.29109059375E-02
   2   4   2   6.73859687500E-04
   3   4   2   3.71857406250E-03
   4   4   2  -7.87781843750E-03
   1   1   3  -6.33216031250E-03
   2   1   3  -1.39728218750E-03
   3   1   3   1.64987406250E-03
   4   1   3  -1.39728218750E-03
   1   2   3  -1.39728218750E-03
   2   2   3   2.04132187500E-04
   3   2   3   3.71857406250E-03
   4   2   3  -3.99719593750E-03
   1   3   3   1.64987406250E-03
   2   3   3   3.71857406250E-03
   3   3   3   9.07619687500E-04
   4   3   3   3.71857406250E-03
   1   4   3  -1.39728218750E-03
   2   4   3  -3.99719593750E-03
   3   4   3   3.71857406250E-03
   4   4   3   2.04132187500E-04
   1   1   4   8.84443656250E-03
   2   1   4  -1.29109059375E-02
   3   1   4   2.04132187500E-04
   4   1   4  -1.39728218750E-03
   1   2   4  -1.29109059375E-02
   2   2   4  -7.87781843750E-03
   3   2   4   3.71857406250E-03
   4   2   4   6.73859687500E-04
   1   3   4   2.04132187500E-04
   2   3   4   3.71857406250E-03
   3   3   4  -3.99719593750E-03
   4   3   4  -1.39728218750E-03
   1   4   4  -1.39728218750E-03
   2   4   4   6.73859687500E-04
   3   4   4  -1.39728218750E-03
   4   4   4   1.10569740625E-02
