  4.000000000000000E-002  0.610030253915480        2.50787862102214     
   4   4   4
   1   1   1   1
   1   1   1   7.30209546875E-02
   2   1   1  -1.16535250000E-02
   3   1   1   9.73440625000E-05
   4   1   1  -1.16535250000E-02
   1   2   1   8.26115468750E-03
   2   2   1  -5.09025625000E-04
   3   2   1  -1.37793281250E-03
   4   2   1  -1.16535250000E-02
   1   3   1  -3.04141656250E-03
   2   3   1  -5.09025625000E-04
   3   3   1   9.73440625000E-05
   4   3   1  -5.09025625000E-04
   1   4   1   8.26115468750E-03
   2   4   1  -1.16535250000E-02
   3   4   1  -1.37793281250E-03
   4   4   1  -5.09025625000E-04
   1   1   2  -1.16535250000E-02
   2   1   2  -1.37793281250E-03
   3   1   2  -5.09025625000E-04
   4   1   2   8.26115468750E-03
   1   2   2  -5.09025625000E-04
   2   2   2   4.19596218750E-03
   3   2   2  -5.09025625000E-04
   4   2   2   4.31342812500E-04
   1   3   2  -5.09025625000E-04
   2   3   2  -1.37793281250E-03
   3   3   2   2.52062500000E-03
   4   3   2  -1.40269781250E-03
   1   4   2  -1.16535250000E-02
   2   4   2  -5.75307406250E-03
   3   4   2   2.52062500000E-03
   4   4   2   4.31342812500E-04
   1   1   3   9.73440625000E-05
   2   1   3  -5.09025625000E-04
   3   1   3  -3.04141656250E-03
   4   1   3  -5.09025625000E-04
   1   2   3  -1.37793281250E-03
   2   2   3  -5.09025625000E-04
   3   2   3  -1.40269781250E-03
   4   2   3   2.52062500000E-03
   1   3   3   9.73440625000E-05
   2   3   3   2.52062500000E-03
   3   3   3   6.21239687500E-04
   4   3   3   2.52062500000E-03
   1   4   3  -1.37793281250E-03
   2   4   3   2.52062500000E-03
   3   4   3  -1.40269781250E-03
   4   4   3  -5.09025625000E-04
   1   1   4  -1.16535250000E-02
   2   1   4   8.26115468750E-03
   3   1   4  -5.09025625000E-04
   4   1   4  -1.37793281250E-03
   1   2   4  -1.16535250000E-02
   2   2   4   4.31342812500E-04
   3   2   4   2.52062500000E-03
   4   2   4  -5.75307406250E-03
   1   3   4  -5.09025625000E-04
   2   3   4  -1.40269781250E-03
   3   3   4   2.52062500000E-03
   4   3   4  -1.37793281250E-03
   1   4   4  -5.09025625000E-04
   2   4   4   4.31342812500E-04
   3   4   4  -5.09025625000E-04
   4   4   4   4.19596218750E-03
   1   2   1   1
   1   1   1  -1.73472347598E-18
   2   1   1   0.00000000000E+00
   3   1   1   0.00000000000E+00
   4   1   1   0.00000000000E+00
   1   2   1   0.00000000000E+00
   2   2   1   2.56914625000E-03
   3   2   1  -3.19342500000E-04
   4   2   1  -1.70372712500E-02
   1   3   1   0.00000000000E+00
   2   3   1  -3.19342500000E-04
   3   3   1   3.47081000000E-03
   4   3   1  -3.19342500000E-04
   1   4   1   0.00000000000E+00
   2   4   1  -1.70372712500E-02
   3   4   1  -3.19342500000E-04
   4   4   1   2.56914625000E-03
   1   1   2   1.70372712500E-02
   2   1   2   3.19342500000E-04
   3   1   2  -2.56914625000E-03
   4   1   2   0.00000000000E+00
   1   2   2   3.19342500000E-04
   2   2   2   0.00000000000E+00
   3   2   2  -3.19342500000E-04
   4   2   2   0.00000000000E+00
   1   3   2  -2.56914625000E-03
   2   3   2  -3.19342500000E-04
   3   3   2   5.24246250000E-04
   4   3   2   0.00000000000E+00
   1   4   2   0.00000000000E+00
   2   4   2   0.00000000000E+00
   3   4   2   0.00000000000E+00
   4   4   2   0.00000000000E+00
   1   1   3  -3.47081000000E-03
   2   1   3   3.19342500000E-04
   3   1   3   0.00000000000E+00
   4   1   3   3.19342500000E-04
   1   2   3   3.19342500000E-04
   2   2   3   2.56914625000E-03
   3   2   3   0.00000000000E+00
   4   2   3  -5.24246250000E-04
   1   3   3   0.00000000000E+00
   2   3   3   0.00000000000E+00
   3   3   3   0.00000000000E+00
   4   3   3   0.00000000000E+00
   1   4   3   3.19342500000E-04
   2   4   3  -5.24246250000E-04
   3   4   3   0.00000000000E+00
   4   4   3   2.56914625000E-03
   1   1   4   1.70372712500E-02
   2   1   4   0.00000000000E+00
   3   1   4  -2.56914625000E-03
   4   1   4   3.19342500000E-04
   1   2   4   0.00000000000E+00
   2   2   4   0.00000000000E+00
   3   2   4   0.00000000000E+00
   4   2   4   0.00000000000E+00
   1   3   4  -2.56914625000E-03
   2   3   4   0.00000000000E+00
   3   3   4   5.24246250000E-04
   4   3   4  -3.19342500000E-04
   1   4   4   3.19342500000E-04
   2   4   4   0.00000000000E+00
   3   4   4  -3.19342500000E-04
   4   4   4   0.00000000000E+00
   1   3   1   1
   1   1   1   8.67361737988E-19
   2   1   1   1.70372712500E-02
   3   1   1  -3.47081000000E-03
   4   1   1   1.70372712500E-02
   1   2   1   0.00000000000E+00
   2   2   1   3.19342500000E-04
   3   2   1   3.19342500000E-04
   4   2   1   0.00000000000E+00
   1   3   1   0.00000000000E+00
   2   3   1  -2.56914625000E-03
   3   3   1   0.00000000000E+00
   4   3   1  -2.56914625000E-03
   1   4   1   0.00000000000E+00
   2   4   1   0.00000000000E+00
   3   4   1   3.19342500000E-04
   4   4   1   3.19342500000E-04
   1   1   2   0.00000000000E+00
   2   1   2   3.19342500000E-04
   3   1   2   3.19342500000E-04
   4   1   2   0.00000000000E+00
   1   2   2   2.56914625000E-03
   2   2   2   0.00000000000E+00
   3   2   2   2.56914625000E-03
   4   2   2   0.00000000000E+00
   1   3   2  -3.19342500000E-04
   2   3   2  -3.19342500000E-04
   3   3   2   0.00000000000E+00
   4   3   2   0.00000000000E+00
   1   4   2  -1.70372712500E-02
   2   4   2   0.00000000000E+00
   3   4   2  -5.24246250000E-04
   4   4   2   0.00000000000E+00
   1   1   3   0.00000000000E+00
   2   1   3  -2.56914625000E-03
   3   1   3   0.00000000000E+00
   4   1   3  -2.56914625000E-03
   1   2   3  -3.19342500000E-04
   2   2   3  -3.19342500000E-04
   3   2   3   0.00000000000E+00
   4   2   3   0.00000000000E+00
   1   3   3   3.47081000000E-03
   2   3   3   5.24246250000E-04
   3   3   3   0.00000000000E+00
   4   3   3   5.24246250000E-04
   1   4   3  -3.19342500000E-04
   2   4   3   0.00000000000E+00
   3   4   3   0.00000000000E+00
   4   4   3  -3.19342500000E-04
   1   1   4   0.00000000000E+00
   2   1   4   0.00000000000E+00
   3   1   4   3.19342500000E-04
   4   1   4   3.19342500000E-04
   1   2   4  -1.70372712500E-02
   2   2   4   0.00000000000E+00
   3   2   4  -5.24246250000E-04
   4   2   4   0.00000000000E+00
   1   3   4  -3.19342500000E-04
   2   3   4   0.00000000000E+00
   3   3   4   0.00000000000E+00
   4   3   4  -3.19342500000E-04
   1   4   4   2.56914625000E-03
   2   4   4   0.00000000000E+00
   3   4   4   2.56914625000E-03
   4   4   4   0.00000000000E+00
   2   1   1   1
   1   1   1  -1.73472347598E-18
   2   1   1   0.00000000000E+00
   3   1   1   0.00000000000E+00
   4   1   1   0.00000000000E+00
   1   2   1   0.00000000000E+00
   2   2   1   2.56914625000E-03
   3   2   1  -3.19342500000E-04
   4   2   1  -1.70372712500E-02
   1   3   1   0.00000000000E+00
   2   3   1  -3.19342500000E-04
   3   3   1   3.47081000000E-03
   4   3   1  -3.19342500000E-04
   1   4   1   0.00000000000E+00
   2   4   1  -1.70372712500E-02
   3   4   1  -3.19342500000E-04
   4   4   1   2.56914625000E-03
   1   1   2   1.70372712500E-02
   2   1   2   3.19342500000E-04
   3   1   2  -2.56914625000E-03
   4   1   2   0.00000000000E+00
   1   2   2   3.19342500000E-04
   2   2   2   0.00000000000E+00
   3   2   2  -3.19342500000E-04
   4   2   2   0.00000000000E+00
   1   3   2  -2.56914625000E-03
   2   3   2  -3.19342500000E-04
   3   3   2   5.24246250000E-04
   4   3   2   0.00000000000E+00
   1   4   2   0.00000000000E+00
   2   4   2   0.00000000000E+00
   3   4   2   0.00000000000E+00
   4   4   2   0.00000000000E+00
   1   1   3  -3.47081000000E-03
   2   1   3   3.19342500000E-04
   3   1   3   0.00000000000E+00
   4   1   3   3.19342500000E-04
   1   2   3   3.19342500000E-04
   2   2   3   2.56914625000E-03
   3   2   3   0.00000000000E+00
   4   2   3  -5.24246250000E-04
   1   3   3   0.00000000000E+00
   2   3   3   0.00000000000E+00
   3   3   3   0.00000000000E+00
   4   3   3   0.00000000000E+00
   1   4   3   3.19342500000E-04
   2   4   3  -5.24246250000E-04
   3   4   3   0.00000000000E+00
   4   4   3   2.56914625000E-03
   1   1   4   1.70372712500E-02
   2   1   4   0.00000000000E+00
   3   1   4  -2.56914625000E-03
   4   1   4   3.19342500000E-04
   1   2   4   0.00000000000E+00
   2   2   4   0.00000000000E+00
   3   2   4   0.00000000000E+00
   4   2   4   0.00000000000E+00
   1   3   4  -2.56914625000E-03
   2   3   4   0.00000000000E+00
   3   3   4   5.24246250000E-04
   4   3   4  -3.19342500000E-04
   1   4   4   3.19342500000E-04
   2   4   4   0.00000000000E+00
   3   4   4  -3.19342500000E-04
   4   4   4   0.00000000000E+00
   2   2   1   1
   1   1   1   7.30209546875E-02
   2   1   1   8.26115468750E-03
   3   1   1  -3.04141656250E-03
   4   1   1   8.26115468750E-03
   1   2   1  -1.16535250000E-02
   2   2   1  -5.09025625000E-04
   3   2   1  -5.09025625000E-04
   4   2   1  -1.16535250000E-02
   1   3   1   9.73440625000E-05
   2   3   1  -1.37793281250E-03
   3   3   1   9.73440625000E-05
   4   3   1  -1.37793281250E-03
   1   4   1  -1.16535250000E-02
   2   4   1  -1.16535250000E-02
   3   4   1  -5.09025625000E-04
   4   4   1  -5.09025625000E-04
   1   1   2  -1.16535250000E-02
   2   1   2  -5.09025625000E-04
   3   1   2  -5.09025625000E-04
   4   1   2  -1.16535250000E-02
   1   2   2  -1.37793281250E-03
   2   2   2   4.19596218750E-03
   3   2   2  -1.37793281250E-03
   4   2   2  -5.75307406250E-03
   1   3   2  -5.09025625000E-04
   2   3   2  -5.09025625000E-04
   3   3   2   2.52062500000E-03
   4   3   2   2.52062500000E-03
   1   4   2   8.26115468750E-03
   2   4   2   4.31342812500E-04
   3   4   2  -1.40269781250E-03
   4   4   2   4.31342812500E-04
   1   1   3   9.73440625000E-05
   2   1   3  -1.37793281250E-03
   3   1   3   9.73440625000E-05
   4   1   3  -1.37793281250E-03
   1   2   3  -5.09025625000E-04
   2   2   3  -5.09025625000E-04
   3   2   3   2.52062500000E-03
   4   2   3   2.52062500000E-03
   1   3   3  -3.04141656250E-03
   2   3   3  -1.40269781250E-03
   3   3   3   6.21239687500E-04
   4   3   3  -1.40269781250E-03
   1   4   3  -5.09025625000E-04
   2   4   3   2.52062500000E-03
   3   4   3   2.52062500000E-03
   4   4   3  -5.09025625000E-04
   1   1   4  -1.16535250000E-02
   2   1   4  -1.16535250000E-02
   3   1   4  -5.09025625000E-04
   4   1   4  -5.09025625000E-04
   1   2   4   8.26115468750E-03
   2   2   4   4.31342812500E-04
   3   2   4  -1.40269781250E-03
   4   2   4   4.31342812500E-04
   1   3   4  -5.09025625000E-04
   2   3   4   2.52062500000E-03
   3   3   4   2.52062500000E-03
   4   3   4  -5.09025625000E-04
   1   4   4  -1.37793281250E-03
   2   4   4  -5.75307406250E-03
   3   4   4  -1.37793281250E-03
   4   4   4   4.19596218750E-03
   2   3   1   1
   1   1   1   8.67361737988E-19
   2   1   1   0.00000000000E+00
   3   1   1   0.00000000000E+00
   4   1   1   0.00000000000E+00
   1   2   1  -1.70372712500E-02
   2   2   1  -3.19342500000E-04
   3   2   1   2.56914625000E-03
   4   2   1   0.00000000000E+00
   1   3   1   3.47081000000E-03
   2   3   1  -3.19342500000E-04
   3   3   1   0.00000000000E+00
   4   3   1  -3.19342500000E-04
   1   4   1  -1.70372712500E-02
   2   4   1   0.00000000000E+00
   3   4   1   2.56914625000E-03
   4   4   1  -3.19342500000E-04
   1   1   2   0.00000000000E+00
   2   1   2  -2.56914625000E-03
   3   1   2   3.19342500000E-04
   4   1   2   1.70372712500E-02
   1   2   2  -3.19342500000E-04
   2   2   2   0.00000000000E+00
   3   2   2   3.19342500000E-04
   4   2   2   0.00000000000E+00
   1   3   2  -3.19342500000E-04
   2   3   2  -2.56914625000E-03
   3   3   2   0.00000000000E+00
   4   3   2   5.24246250000E-04
   1   4   2   0.00000000000E+00
   2   4   2   0.00000000000E+00
   3   4   2   0.00000000000E+00
   4   4   2   0.00000000000E+00
   1   1   3   0.00000000000E+00
   2   1   3   3.19342500000E-04
   3   1   3  -3.47081000000E-03
   4   1   3   3.19342500000E-04
   1   2   3   2.56914625000E-03
   2   2   3   3.19342500000E-04
   3   2   3  -5.24246250000E-04
   4   2   3   0.00000000000E+00
   1   3   3   0.00000000000E+00
   2   3   3   0.00000000000E+00
   3   3   3   0.00000000000E+00
   4   3   3   0.00000000000E+00
   1   4   3   2.56914625000E-03
   2   4   3   0.00000000000E+00
   3   4   3  -5.24246250000E-04
   4   4   3   3.19342500000E-04
   1   1   4   0.00000000000E+00
   2   1   4   1.70372712500E-02
   3   1   4   3.19342500000E-04
   4   1   4  -2.56914625000E-03
   1   2   4   0.00000000000E+00
   2   2   4   0.00000000000E+00
   3   2   4   0.00000000000E+00
   4   2   4   0.00000000000E+00
   1   3   4  -3.19342500000E-04
   2   3   4   5.24246250000E-04
   3   3   4   0.00000000000E+00
   4   3   4  -2.56914625000E-03
   1   4   4  -3.19342500000E-04
   2   4   4   0.00000000000E+00
   3   4   4   3.19342500000E-04
   4   4   4   0.00000000000E+00
   3   1   1   1
   1   1   1   8.67361737988E-19
   2   1   1   1.70372712500E-02
   3   1   1  -3.47081000000E-03
   4   1   1   1.70372712500E-02
   1   2   1   0.00000000000E+00
   2   2   1   3.19342500000E-04
   3   2   1   3.19342500000E-04
   4   2   1   0.00000000000E+00
   1   3   1   0.00000000000E+00
   2   3   1  -2.56914625000E-03
   3   3   1   0.00000000000E+00
   4   3   1  -2.56914625000E-03
   1   4   1   0.00000000000E+00
   2   4   1   0.00000000000E+00
   3   4   1   3.19342500000E-04
   4   4   1   3.19342500000E-04
   1   1   2   0.00000000000E+00
   2   1   2   3.19342500000E-04
   3   1   2   3.19342500000E-04
   4   1   2   0.00000000000E+00
   1   2   2   2.56914625000E-03
   2   2   2   0.00000000000E+00
   3   2   2   2.56914625000E-03
   4   2   2   0.00000000000E+00
   1   3   2  -3.19342500000E-04
   2   3   2  -3.19342500000E-04
   3   3   2   0.00000000000E+00
   4   3   2   0.00000000000E+00
   1   4   2  -1.70372712500E-02
   2   4   2   0.00000000000E+00
   3   4   2  -5.24246250000E-04
   4   4   2   0.00000000000E+00
   1   1   3   0.00000000000E+00
   2   1   3  -2.56914625000E-03
   3   1   3   0.00000000000E+00
   4   1   3  -2.56914625000E-03
   1   2   3  -3.19342500000E-04
   2   2   3  -3.19342500000E-04
   3   2   3   0.00000000000E+00
   4   2   3   0.00000000000E+00
   1   3   3   3.47081000000E-03
   2   3   3   5.24246250000E-04
   3   3   3   0.00000000000E+00
   4   3   3   5.24246250000E-04
   1   4   3  -3.19342500000E-04
   2   4   3   0.00000000000E+00
   3   4   3   0.00000000000E+00
   4   4   3  -3.19342500000E-04
   1   1   4   0.00000000000E+00
   2   1   4   0.00000000000E+00
   3   1   4   3.19342500000E-04
   4   1   4   3.19342500000E-04
   1   2   4  -1.70372712500E-02
   2   2   4   0.00000000000E+00
   3   2   4  -5.24246250000E-04
   4   2   4   0.00000000000E+00
   1   3   4  -3.19342500000E-04
   2   3   4   0.00000000000E+00
   3   3   4   0.00000000000E+00
   4   3   4  -3.19342500000E-04
   1   4   4   2.56914625000E-03
   2   4   4   0.00000000000E+00
   3   4   4   2.56914625000E-03
   4   4   4   0.00000000000E+00
   3   2   1   1
   1   1   1   8.67361737988E-19
   2   1   1   0.00000000000E+00
   3   1   1   0.00000000000E+00
   4   1   1   0.00000000000E+00
   1   2   1  -1.70372712500E-02
   2   2   1  -3.19342500000E-04
   3   2   1   2.56914625000E-03
   4   2   1   0.00000000000E+00
   1   3   1   3.47081000000E-03
   2   3   1  -3.19342500000E-04
   3   3   1   0.00000000000E+00
   4   3   1  -3.19342500000E-04
   1   4   1  -1.70372712500E-02
   2   4   1   0.00000000000E+00
   3   4   1   2.56914625000E-03
   4   4   1  -3.19342500000E-04
   1   1   2   0.00000000000E+00
   2   1   2  -2.56914625000E-03
   3   1   2   3.19342500000E-04
   4   1   2   1.70372712500E-02
   1   2   2  -3.19342500000E-04
   2   2   2   0.00000000000E+00
   3   2   2   3.19342500000E-04
   4   2   2   0.00000000000E+00
   1   3   2  -3.19342500000E-04
   2   3   2  -2.56914625000E-03
   3   3   2   0.00000000000E+00
   4   3   2   5.24246250000E-04
   1   4   2   0.00000000000E+00
   2   4   2   0.00000000000E+00
   3   4   2   0.00000000000E+00
   4   4   2   0.00000000000E+00
   1   1   3   0.00000000000E+00
   2   1   3   3.19342500000E-04
   3   1   3  -3.47081000000E-03
   4   1   3   3.19342500000E-04
   1   2   3   2.56914625000E-03
   2   2   3   3.19342500000E-04
   3   2   3  -5.24246250000E-04
   4   2   3   0.00000000000E+00
   1   3   3   0.00000000000E+00
   2   3   3   0.00000000000E+00
   3   3   3   0.00000000000E+00
   4   3   3   0.00000000000E+00
   1   4   3   2.56914625000E-03
   2   4   3   0.00000000000E+00
   3   4   3  -5.24246250000E-04
   4   4   3   3.19342500000E-04
   1   1   4   0.00000000000E+00
   2   1   4   1.70372712500E-02
   3   1   4   3.19342500000E-04
   4   1   4  -2.56914625000E-03
   1   2   4   0.00000000000E+00
   2   2   4   0.00000000000E+00
   3   2   4   0.00000000000E+00
   4   2   4   0.00000000000E+00
   1   3   4  -3.19342500000E-04
   2   3   4   5.24246250000E-04
   3   3   4   0.00000000000E+00
   4   3   4  -2.56914625000E-03
   1   4   4  -3.19342500000E-04
   2   4   4   0.00000000000E+00
   3   4   4   3.19342500000E-04
   4   4   4   0.00000000000E+00
   3   3   1   1
   1   1   1   7.30209546875E-02
   2   1   1  -1.16535250000E-02
   3   1   1   9.73440625000E-05
   4   1   1  -1.16535250000E-02
   1   2   1  -1.16535250000E-02
   2   2   1  -1.37793281250E-03
   3   2   1  -5.09025625000E-04
   4   2   1   8.26115468750E-03
   1   3   1   9.73440625000E-05
   2   3   1  -5.09025625000E-04
   3   3   1  -3.04141656250E-03
   4   3   1  -5.09025625000E-04
   1   4   1  -1.16535250000E-02
   2   4   1   8.26115468750E-03
   3   4   1  -5.09025625000E-04
   4   4   1  -1.37793281250E-03
   1   1   2   8.26115468750E-03
   2   1   2  -5.09025625000E-04
   3   1   2  -1.37793281250E-03
   4   1   2  -1.16535250000E-02
   1   2   2  -5.09025625000E-04
   2   2   2   4.19596218750E-03
   3   2   2  -5.09025625000E-04
   4   2   2   4.31342812500E-04
   1   3   2  -1.37793281250E-03
   2   3   2  -5.09025625000E-04
   3   3   2  -1.40269781250E-03
   4   3   2   2.52062500000E-03
   1   4   2  -1.16535250000E-02
   2   4   2   4.31342812500E-04
   3   4   2   2.52062500000E-03
   4   4   2  -5.75307406250E-03
   1   1   3  -3.04141656250E-03
   2   1   3  -5.09025625000E-04
   3   1   3   9.73440625000E-05
   4   1   3  -5.09025625000E-04
   1   2   3  -5.09025625000E-04
   2   2   3  -1.37793281250E-03
   3   2   3   2.52062500000E-03
   4   2   3  -1.40269781250E-03
   1   3   3   9.73440625000E-05
   2   3   3   2.52062500000E-03
   3   3   3   6.21239687500E-04
   4   3   3   2.52062500000E-03
   1   4   3  -5.09025625000E-04
   2   4   3  -1.40269781250E-03
   3   4   3   2.52062500000E-03
   4   4   3  -1.37793281250E-03
   1   1   4   8.26115468750E-03
   2   1   4  -1.16535250000E-02
   3   1   4  -1.37793281250E-03
   4   1   4  -5.09025625000E-04
   1   2   4  -1.16535250000E-02
   2   2   4  -5.75307406250E-03
   3   2   4   2.52062500000E-03
   4   2   4   4.31342812500E-04
   1   3   4  -1.37793281250E-03
   2   3   4   2.52062500000E-03
   3   3   4  -1.40269781250E-03
   4   3   4  -5.09025625000E-04
   1   4   4  -5.09025625000E-04
   2   4   4   4.31342812500E-04
   3   4   4  -5.09025625000E-04
   4   4   4   4.19596218750E-03
