  3.500000000000000E-002  0.610420282661058        2.45523444826181     
   4   4   4
   1   1   1   1
   1   1   1   7.11658510938E-02
   2   1   1  -1.17224601562E-02
   3   1   1   4.22346718750E-04
   4   1   1  -1.17224601562E-02
   1   2   1   8.05159046875E-03
   2   2   1  -8.03187656250E-04
   3   2   1  -9.83850156250E-04
   4   2   1  -1.17224601562E-02
   1   3   1  -3.64067140625E-03
   2   3   1  -8.03187656250E-04
   3   3   1   4.22346718750E-04
   4   3   1  -8.03187656250E-04
   1   4   1   8.05159046875E-03
   2   4   1  -1.17224601562E-02
   3   4   1  -9.83850156250E-04
   4   4   1  -8.03187656250E-04
   1   1   2  -1.17224601563E-02
   2   1   2  -9.83850156250E-04
   3   1   2  -8.03187656250E-04
   4   1   2   8.05159046875E-03
   1   2   2  -8.03187656250E-04
   2   2   2   6.02620921875E-03
   3   2   2  -8.03187656250E-04
   4   2   2   6.23133593750E-04
   1   3   2  -8.03187656250E-04
   2   3   2  -9.83850156250E-04
   3   3   2   2.75804734375E-03
   4   3   2  -1.74489203125E-03
   1   4   2  -1.17224601562E-02
   2   4   2  -6.06127578125E-03
   3   4   2   2.75804734375E-03
   4   4   2   6.23133593750E-04
   1   1   3   4.22346718750E-04
   2   1   3  -8.03187656250E-04
   3   1   3  -3.64067140625E-03
   4   1   3  -8.03187656250E-04
   1   2   3  -9.83850156250E-04
   2   2   3  -8.03187656250E-04
   3   2   3  -1.74489203125E-03
   4   2   3   2.75804734375E-03
   1   3   3   4.22346718750E-04
   2   3   3   2.75804734375E-03
   3   3   3   4.69226093750E-04
   4   3   3   2.75804734375E-03
   1   4   3  -9.83850156250E-04
   2   4   3   2.75804734375E-03
   3   4   3  -1.74489203125E-03
   4   4   3  -8.03187656250E-04
   1   1   4  -1.17224601563E-02
   2   1   4   8.05159046875E-03
   3   1   4  -8.03187656250E-04
   4   1   4  -9.83850156250E-04
   1   2   4  -1.17224601562E-02
   2   2   4   6.23133593750E-04
   3   2   4   2.75804734375E-03
   4   2   4  -6.06127578125E-03
   1   3   4  -8.03187656250E-04
   2   3   4  -1.74489203125E-03
   3   3   4   2.75804734375E-03
   4   3   4  -9.83850156250E-04
   1   4   4  -8.03187656250E-04
   2   4   4   6.23133593750E-04
   3   4   4  -8.03187656250E-04
   4   4   4   6.02620921875E-03
   1   2   1   1
   1   1   1   1.30104260698E-18
   2   1   1   0.00000000000E+00
   3   1   1   0.00000000000E+00
   4   1   1   0.00000000000E+00
   1   2   1  -2.16840434497E-19
   2   2   1   3.12106437500E-03
   3   2   1  -2.44241875000E-04
   4   2   1  -1.66302850000E-02
   1   3   1   4.33680868994E-19
   2   3   1  -2.44241875000E-04
   3   3   1   3.55415875000E-03
   4   3   1  -2.44241875000E-04
   1   4   1  -2.16840434497E-19
   2   4   1  -1.66302850000E-02
   3   4   1  -2.44241875000E-04
   4   4   1   3.12106437500E-03
   1   1   2   1.66302850000E-02
   2   1   2   2.44241875000E-04
   3   1   2  -3.12106437500E-03
   4   1   2   0.00000000000E+00
   1   2   2   2.44241875000E-04
   2   2   2   0.00000000000E+00
   3   2   2  -2.44241875000E-04
   4   2   2   0.00000000000E+00
   1   3   2  -3.12106437500E-03
   2   3   2  -2.44241875000E-04
   3   3   2   7.47043750000E-04
   4   3   2   0.00000000000E+00
   1   4   2  -2.16840434497E-19
   2   4   2   0.00000000000E+00
   3   4   2   0.00000000000E+00
   4   4   2   0.00000000000E+00
   1   1   3  -3.55415875000E-03
   2   1   3   2.44241875000E-04
   3   1   3   0.00000000000E+00
   4   1   3   2.44241875000E-04
   1   2   3   2.44241875000E-04
   2   2   3   3.12106437500E-03
   3   2   3   0.00000000000E+00
   4   2   3  -7.47043750000E-04
   1   3   3   4.33680868994E-19
   2   3   3   0.00000000000E+00
   3   3   3   0.00000000000E+00
   4   3   3   0.00000000000E+00
   1   4   3   2.44241875000E-04
   2   4   3  -7.47043750000E-04
   3   4   3   0.00000000000E+00
   4   4   3   3.12106437500E-03
   1   1   4   1.66302850000E-02
   2   1   4   0.00000000000E+00
   3   1   4  -3.12106437500E-03
   4   1   4   2.44241875000E-04
   1   2   4  -2.16840434497E-19
   2   2   4   0.00000000000E+00
   3   2   4   0.00000000000E+00
   4   2   4   0.00000000000E+00
   1   3   4  -3.12106437500E-03
   2   3   4   0.00000000000E+00
   3   3   4   7.47043750000E-04
   4   3   4  -2.44241875000E-04
   1   4   4   2.44241875000E-04
   2   4   4   0.00000000000E+00
   3   4   4  -2.44241875000E-04
   4   4   4   0.00000000000E+00
   1   3   1   1
   1   1   1   0.00000000000E+00
   2   1   1   1.66302850000E-02
   3   1   1  -3.55415875000E-03
   4   1   1   1.66302850000E-02
   1   2   1   2.16840434497E-19
   2   2   1   2.44241875000E-04
   3   2   1   2.44241875000E-04
   4   2   1   0.00000000000E+00
   1   3   1  -4.33680868994E-19
   2   3   1  -3.12106437500E-03
   3   3   1   0.00000000000E+00
   4   3   1  -3.12106437500E-03
   1   4   1   2.16840434497E-19
   2   4   1   0.00000000000E+00
   3   4   1   2.44241875000E-04
   4   4   1   2.44241875000E-04
   1   1   2   2.16840434497E-19
   2   1   2   2.44241875000E-04
   3   1   2   2.44241875000E-04
   4   1   2   2.16840434497E-19
   1   2   2   3.12106437500E-03
   2   2   2   0.00000000000E+00
   3   2   2   3.12106437500E-03
   4   2   2   0.00000000000E+00
   1   3   2  -2.44241875000E-04
   2   3   2  -2.44241875000E-04
   3   3   2   0.00000000000E+00
   4   3   2   0.00000000000E+00
   1   4   2  -1.66302850000E-02
   2   4   2   0.00000000000E+00
   3   4   2  -7.47043750000E-04
   4   4   2   0.00000000000E+00
   1   1   3  -4.33680868994E-19
   2   1   3  -3.12106437500E-03
   3   1   3   0.00000000000E+00
   4   1   3  -3.12106437500E-03
   1   2   3  -2.44241875000E-04
   2   2   3  -2.44241875000E-04
   3   2   3   0.00000000000E+00
   4   2   3   0.00000000000E+00
   1   3   3   3.55415875000E-03
   2   3   3   7.47043750000E-04
   3   3   3   0.00000000000E+00
   4   3   3   7.47043750000E-04
   1   4   3  -2.44241875000E-04
   2   4   3   0.00000000000E+00
   3   4   3   0.00000000000E+00
   4   4   3  -2.44241875000E-04
   1   1   4   2.16840434497E-19
   2   1   4   2.16840434497E-19
   3   1   4   2.44241875000E-04
   4   1   4   2.44241875000E-04
   1   2   4  -1.66302850000E-02
   2   2   4   0.00000000000E+00
   3   2   4  -7.47043750000E-04
   4   2   4   0.00000000000E+00
   1   3   4  -2.44241875000E-04
   2   3   4   0.00000000000E+00
   3   3   4   0.00000000000E+00
   4   3   4  -2.44241875000E-04
   1   4   4   3.12106437500E-03
   2   4   4   0.00000000000E+00
   3   4   4   3.12106437500E-03
   4   4   4   0.00000000000E+00
   2   1   1   1
   1   1   1   1.30104260698E-18
   2   1   1   0.00000000000E+00
   3   1   1   0.00000000000E+00
   4   1   1   0.00000000000E+00
   1   2   1  -2.16840434497E-19
   2   2   1   3.12106437500E-03
   3   2   1  -2.44241875000E-04
   4   2   1  -1.66302850000E-02
   1   3   1   4.33680868994E-19
   2   3   1  -2.44241875000E-04
   3   3   1   3.55415875000E-03
   4   3   1  -2.44241875000E-04
   1   4   1  -2.16840434497E-19
   2   4   1  -1.66302850000E-02
   3   4   1  -2.44241875000E-04
   4   4   1   3.12106437500E-03
   1   1   2   1.66302850000E-02
   2   1   2   2.44241875000E-04
   3   1   2  -3.12106437500E-03
   4   1   2   0.00000000000E+00
   1   2   2   2.44241875000E-04
   2   2   2   0.00000000000E+00
   3   2   2  -2.44241875000E-04
   4   2   2   0.00000000000E+00
   1   3   2  -3.12106437500E-03
   2   3   2  -2.44241875000E-04
   3   3   2   7.47043750000E-04
   4   3   2   0.00000000000E+00
   1   4   2  -2.16840434497E-19
   2   4   2   0.00000000000E+00
   3   4   2   0.00000000000E+00
   4   4   2   0.00000000000E+00
   1   1   3  -3.55415875000E-03
   2   1   3   2.44241875000E-04
   3   1   3   0.00000000000E+00
   4   1   3   2.44241875000E-04
   1   2   3   2.44241875000E-04
   2   2   3   3.12106437500E-03
   3   2   3   0.00000000000E+00
   4   2   3  -7.47043750000E-04
   1   3   3   4.33680868994E-19
   2   3   3   0.00000000000E+00
   3   3   3   0.00000000000E+00
   4   3   3   0.00000000000E+00
   1   4   3   2.44241875000E-04
   2   4   3  -7.47043750000E-04
   3   4   3   0.00000000000E+00
   4   4   3   3.12106437500E-03
   1   1   4   1.66302850000E-02
   2   1   4   0.00000000000E+00
   3   1   4  -3.12106437500E-03
   4   1   4   2.44241875000E-04
   1   2   4  -2.16840434497E-19
   2   2   4   0.00000000000E+00
   3   2   4   0.00000000000E+00
   4   2   4   0.00000000000E+00
   1   3   4  -3.12106437500E-03
   2   3   4   0.00000000000E+00
   3   3   4   7.47043750000E-04
   4   3   4  -2.44241875000E-04
   1   4   4   2.44241875000E-04
   2   4   4   0.00000000000E+00
   3   4   4  -2.44241875000E-04
   4   4   4   0.00000000000E+00
   2   2   1   1
   1   1   1   7.11658510938E-02
   2   1   1   8.05159046875E-03
   3   1   1  -3.64067140625E-03
   4   1   1   8.05159046875E-03
   1   2   1  -1.17224601562E-02
   2   2   1  -8.03187656250E-04
   3   2   1  -8.03187656250E-04
   4   2   1  -1.17224601562E-02
   1   3   1   4.22346718750E-04
   2   3   1  -9.83850156250E-04
   3   3   1   4.22346718750E-04
   4   3   1  -9.83850156250E-04
   1   4   1  -1.17224601562E-02
   2   4   1  -1.17224601562E-02
   3   4   1  -8.03187656250E-04
   4   4   1  -8.03187656250E-04
   1   1   2  -1.17224601563E-02
   2   1   2  -8.03187656250E-04
   3   1   2  -8.03187656250E-04
   4   1   2  -1.17224601562E-02
   1   2   2  -9.83850156250E-04
   2   2   2   6.02620921875E-03
   3   2   2  -9.83850156250E-04
   4   2   2  -6.06127578125E-03
   1   3   2  -8.03187656250E-04
   2   3   2  -8.03187656250E-04
   3   3   2   2.75804734375E-03
   4   3   2   2.75804734375E-03
   1   4   2   8.05159046875E-03
   2   4   2   6.23133593750E-04
   3   4   2  -1.74489203125E-03
   4   4   2   6.23133593750E-04
   1   1   3   4.22346718750E-04
   2   1   3  -9.83850156250E-04
   3   1   3   4.22346718750E-04
   4   1   3  -9.83850156250E-04
   1   2   3  -8.03187656250E-04
   2   2   3  -8.03187656250E-04
   3   2   3   2.75804734375E-03
   4   2   3   2.75804734375E-03
   1   3   3  -3.64067140625E-03
   2   3   3  -1.74489203125E-03
   3   3   3   4.69226093750E-04
   4   3   3  -1.74489203125E-03
   1   4   3  -8.03187656250E-04
   2   4   3   2.75804734375E-03
   3   4   3   2.75804734375E-03
   4   4   3  -8.03187656250E-04
   1   1   4  -1.17224601563E-02
   2   1   4  -1.17224601562E-02
   3   1   4  -8.03187656250E-04
   4   1   4  -8.03187656250E-04
   1   2   4   8.05159046875E-03
   2   2   4   6.23133593750E-04
   3   2   4  -1.74489203125E-03
   4   2   4   6.23133593750E-04
   1   3   4  -8.03187656250E-04
   2   3   4   2.75804734375E-03
   3   3   4   2.75804734375E-03
   4   3   4  -8.03187656250E-04
   1   4   4  -9.83850156250E-04
   2   4   4  -6.06127578125E-03
   3   4   4  -9.83850156250E-04
   4   4   4   6.02620921875E-03
   2   3   1   1
   1   1   1   0.00000000000E+00
   2   1   1   2.16840434497E-19
   3   1   1   0.00000000000E+00
   4   1   1   2.16840434497E-19
   1   2   1  -1.66302850000E-02
   2   2   1  -2.44241875000E-04
   3   2   1   3.12106437500E-03
   4   2   1   0.00000000000E+00
   1   3   1   3.55415875000E-03
   2   3   1  -2.44241875000E-04
   3   3   1   0.00000000000E+00
   4   3   1  -2.44241875000E-04
   1   4   1  -1.66302850000E-02
   2   4   1   0.00000000000E+00
   3   4   1   3.12106437500E-03
   4   4   1  -2.44241875000E-04
   1   1   2   2.16840434497E-19
   2   1   2  -3.12106437500E-03
   3   1   2   2.44241875000E-04
   4   1   2   1.66302850000E-02
   1   2   2  -2.44241875000E-04
   2   2   2   0.00000000000E+00
   3   2   2   2.44241875000E-04
   4   2   2   0.00000000000E+00
   1   3   2  -2.44241875000E-04
   2   3   2  -3.12106437500E-03
   3   3   2   0.00000000000E+00
   4   3   2   7.47043750000E-04
   1   4   2   2.16840434497E-19
   2   4   2   0.00000000000E+00
   3   4   2   0.00000000000E+00
   4   4   2   0.00000000000E+00
   1   1   3  -4.33680868994E-19
   2   1   3   2.44241875000E-04
   3   1   3  -3.55415875000E-03
   4   1   3   2.44241875000E-04
   1   2   3   3.12106437500E-03
   2   2   3   2.44241875000E-04
   3   2   3  -7.47043750000E-04
   4   2   3   0.00000000000E+00
   1   3   3  -4.33680868994E-19
   2   3   3   0.00000000000E+00
   3   3   3   0.00000000000E+00
   4   3   3   0.00000000000E+00
   1   4   3   3.12106437500E-03
   2   4   3   0.00000000000E+00
   3   4   3  -7.47043750000E-04
   4   4   3   2.44241875000E-04
   1   1   4   2.16840434497E-19
   2   1   4   1.66302850000E-02
   3   1   4   2.44241875000E-04
   4   1   4  -3.12106437500E-03
   1   2   4   2.16840434497E-19
   2   2   4   0.00000000000E+00
   3   2   4   0.00000000000E+00
   4   2   4   0.00000000000E+00
   1   3   4  -2.44241875000E-04
   2   3   4   7.47043750000E-04
   3   3   4   0.00000000000E+00
   4   3   4  -3.12106437500E-03
   1   4   4  -2.44241875000E-04
   2   4   4   0.00000000000E+00
   3   4   4   2.44241875000E-04
   4   4   4   0.00000000000E+00
   3   1   1   1
   1   1   1   0.00000000000E+00
   2   1   1   1.66302850000E-02
   3   1   1  -3.55415875000E-03
   4   1   1   1.66302850000E-02
   1   2   1   2.16840434497E-19
   2   2   1   2.44241875000E-04
   3   2   1   2.44241875000E-04
   4   2   1   0.00000000000E+00
   1   3   1  -4.33680868994E-19
   2   3   1  -3.12106437500E-03
   3   3   1   0.00000000000E+00
   4   3   1  -3.12106437500E-03
   1   4   1   2.16840434497E-19
   2   4   1   0.00000000000E+00
   3   4   1   2.44241875000E-04
   4   4   1   2.44241875000E-04
   1   1   2   2.16840434497E-19
   2   1   2   2.44241875000E-04
   3   1   2   2.44241875000E-04
   4   1   2   2.16840434497E-19
   1   2   2   3.12106437500E-03
   2   2   2   0.00000000000E+00
   3   2   2   3.12106437500E-03
   4   2   2   0.00000000000E+00
   1   3   2  -2.44241875000E-04
   2   3   2  -2.44241875000E-04
   3   3   2   0.00000000000E+00
   4   3   2   0.00000000000E+00
   1   4   2  -1.66302850000E-02
   2   4   2   0.00000000000E+00
   3   4   2  -7.47043750000E-04
   4   4   2   0.00000000000E+00
   1   1   3  -4.33680868994E-19
   2   1   3  -3.12106437500E-03
   3   1   3   0.00000000000E+00
   4   1   3  -3.12106437500E-03
   1   2   3  -2.44241875000E-04
   2   2   3  -2.44241875000E-04
   3   2   3   0.00000000000E+00
   4   2   3   0.00000000000E+00
   1   3   3   3.55415875000E-03
   2   3   3   7.47043750000E-04
   3   3   3   0.00000000000E+00
   4   3   3   7.47043750000E-04
   1   4   3  -2.44241875000E-04
   2   4   3   0.00000000000E+00
   3   4   3   0.00000000000E+00
   4   4   3  -2.44241875000E-04
   1   1   4   2.16840434497E-19
   2   1   4   2.16840434497E-19
   3   1   4   2.44241875000E-04
   4   1   4   2.44241875000E-04
   1   2   4  -1.66302850000E-02
   2   2   4   0.00000000000E+00
   3   2   4  -7.47043750000E-04
   4   2   4   0.00000000000E+00
   1   3   4  -2.44241875000E-04
   2   3   4   0.00000000000E+00
   3   3   4   0.00000000000E+00
   4   3   4  -2.44241875000E-04
   1   4   4   3.12106437500E-03
   2   4   4   0.00000000000E+00
   3   4   4   3.12106437500E-03
   4   4   4   0.00000000000E+00
   3   2   1   1
   1   1   1   0.00000000000E+00
   2   1   1   2.16840434497E-19
   3   1   1   0.00000000000E+00
   4   1   1   2.16840434497E-19
   1   2   1  -1.66302850000E-02
   2   2   1  -2.44241875000E-04
   3   2   1   3.12106437500E-03
   4   2   1   0.00000000000E+00
   1   3   1   3.55415875000E-03
   2   3   1  -2.44241875000E-04
   3   3   1   0.00000000000E+00
   4   3   1  -2.44241875000E-04
   1   4   1  -1.66302850000E-02
   2   4   1   0.00000000000E+00
   3   4   1   3.12106437500E-03
   4   4   1  -2.44241875000E-04
   1   1   2   2.16840434497E-19
   2   1   2  -3.12106437500E-03
   3   1   2   2.44241875000E-04
   4   1   2   1.66302850000E-02
   1   2   2  -2.44241875000E-04
   2   2   2   0.00000000000E+00
   3   2   2   2.44241875000E-04
   4   2   2   0.00000000000E+00
   1   3   2  -2.44241875000E-04
   2   3   2  -3.12106437500E-03
   3   3   2   0.00000000000E+00
   4   3   2   7.47043750000E-04
   1   4   2   2.16840434497E-19
   2   4   2   0.00000000000E+00
   3   4   2   0.00000000000E+00
   4   4   2   0.00000000000E+00
   1   1   3  -4.33680868994E-19
   2   1   3   2.44241875000E-04
   3   1   3  -3.55415875000E-03
   4   1   3   2.44241875000E-04
   1   2   3   3.12106437500E-03
   2   2   3   2.44241875000E-04
   3   2   3  -7.47043750000E-04
   4   2   3   0.00000000000E+00
   1   3   3  -4.33680868994E-19
   2   3   3   0.00000000000E+00
   3   3   3   0.00000000000E+00
   4   3   3   0.00000000000E+00
   1   4   3   3.12106437500E-03
   2   4   3   0.00000000000E+00
   3   4   3  -7.47043750000E-04
   4   4   3   2.44241875000E-04
   1   1   4   2.16840434497E-19
   2   1   4   1.66302850000E-02
   3   1   4   2.44241875000E-04
   4   1   4  -3.12106437500E-03
   1   2   4   2.16840434497E-19
   2   2   4   0.00000000000E+00
   3   2   4   0.00000000000E+00
   4   2   4   0.00000000000E+00
   1   3   4  -2.44241875000E-04
   2   3   4   7.47043750000E-04
   3   3   4   0.00000000000E+00
   4   3   4  -3.12106437500E-03
   1   4   4  -2.44241875000E-04
   2   4   4   0.00000000000E+00
   3   4   4   2.44241875000E-04
   4   4   4   0.00000000000E+00
   3   3   1   1
   1   1   1   7.11658510938E-02
   2   1   1  -1.17224601562E-02
   3   1   1   4.22346718750E-04
   4   1   1  -1.17224601562E-02
   1   2   1  -1.17224601562E-02
   2   2   1  -9.83850156250E-04
   3   2   1  -8.03187656250E-04
   4   2   1   8.05159046875E-03
   1   3   1   4.22346718750E-04
   2   3   1  -8.03187656250E-04
   3   3   1  -3.64067140625E-03
   4   3   1  -8.03187656250E-04
   1   4   1  -1.17224601562E-02
   2   4   1   8.05159046875E-03
   3   4   1  -8.03187656250E-04
   4   4   1  -9.83850156250E-04
   1   1   2   8.05159046875E-03
   2   1   2  -8.03187656250E-04
   3   1   2  -9.83850156250E-04
   4   1   2  -1.17224601562E-02
   1   2   2  -8.03187656250E-04
   2   2   2   6.02620921875E-03
   3   2   2  -8.03187656250E-04
   4   2   2   6.23133593750E-04
   1   3   2  -9.83850156250E-04
   2   3   2  -8.03187656250E-04
   3   3   2  -1.74489203125E-03
   4   3   2   2.75804734375E-03
   1   4   2  -1.17224601562E-02
   2   4   2   6.23133593750E-04
   3   4   2   2.75804734375E-03
   4   4   2  -6.06127578125E-03
   1   1   3  -3.64067140625E-03
   2   1   3  -8.03187656250E-04
   3   1   3   4.22346718750E-04
   4   1   3  -8.03187656250E-04
   1   2   3  -8.03187656250E-04
   2   2   3  -9.83850156250E-04
   3   2   3   2.75804734375E-03
   4   2   3  -1.74489203125E-03
   1   3   3   4.22346718750E-04
   2   3   3   2.75804734375E-03
   3   3   3   4.69226093750E-04
   4   3   3   2.75804734375E-03
   1   4   3  -8.03187656250E-04
   2   4   3  -1.74489203125E-03
   3   4   3   2.75804734375E-03
   4   4   3  -9.83850156250E-04
   1   1   4   8.05159046875E-03
   2   1   4  -1.17224601562E-02
   3   1   4  -9.83850156250E-04
   4   1   4  -8.03187656250E-04
   1   2   4  -1.17224601562E-02
   2   2   4  -6.06127578125E-03
   3   2   4   2.75804734375E-03
   4   2   4   6.23133593750E-04
   1   3   4  -9.83850156250E-04
   2   3   4   2.75804734375E-03
   3   3   4  -1.74489203125E-03
   4   3   4  -8.03187656250E-04
   1   4   4  -8.03187656250E-04
   2   4   4   6.23133593750E-04
   3   4   4  -8.03187656250E-04
   4   4   4   6.02620921875E-03
