  1.500000000000000E-002  0.612137110380930        2.12324343671892     
   4   4   4
   1   1   1   1
   1   1   1   7.65183710937E-02
   2   1   1  -1.35818548438E-02
   3   1   1   2.08539734375E-03
   4   1   1  -1.35818548438E-02
   1   2   1   1.04919760937E-02
   2   2   1  -1.37866296875E-03
   3   2   1   5.25551718750E-04
   4   2   1  -1.35818548438E-02
   1   3   1  -1.77432226562E-02
   2   3   1  -1.37866296875E-03
   3   3   1   2.08539734375E-03
   4   3   1  -1.37866296875E-03
   1   4   1   1.04919760937E-02
   2   4   1  -1.35818548438E-02
   3   4   1   5.25551718750E-04
   4   4   1  -1.37866296875E-03
   1   1   2  -1.35818548437E-02
   2   1   2   5.25551718750E-04
   3   1   2  -1.37866296875E-03
   4   1   2   1.04919760938E-02
   1   2   2  -1.37866296875E-03
   2   2   2   2.29311310938E-02
   3   2   2  -1.37866296875E-03
   4   2   2   1.53443859375E-03
   1   3   2  -1.37866296875E-03
   2   3   2   5.25551718750E-04
   3   3   2   5.25423140625E-03
   4   3   2  -8.10919765625E-03
   1   4   2  -1.35818548437E-02
   2   4   2  -1.66785639062E-02
   3   4   2   5.25423140625E-03
   4   4   2   1.53443859375E-03
   1   1   3   2.08539734375E-03
   2   1   3  -1.37866296875E-03
   3   1   3  -1.77432226562E-02
   4   1   3  -1.37866296875E-03
   1   2   3   5.25551718750E-04
   2   2   3  -1.37866296875E-03
   3   2   3  -8.10919765625E-03
   4   2   3   5.25423140625E-03
   1   3   3   2.08539734375E-03
   2   3   3   5.25423140625E-03
   3   3   3   6.93380359375E-03
   4   3   3   5.25423140625E-03
   1   4   3   5.25551718750E-04
   2   4   3   5.25423140625E-03
   3   4   3  -8.10919765625E-03
   4   4   3  -1.37866296875E-03
   1   1   4  -1.35818548437E-02
   2   1   4   1.04919760938E-02
   3   1   4  -1.37866296875E-03
   4   1   4   5.25551718750E-04
   1   2   4  -1.35818548437E-02
   2   2   4   1.53443859375E-03
   3   2   4   5.25423140625E-03
   4   2   4  -1.66785639062E-02
   1   3   4  -1.37866296875E-03
   2   3   4  -8.10919765625E-03
   3   3   4   5.25423140625E-03
   4   3   4   5.25551718750E-04
   1   4   4  -1.37866296875E-03
   2   4   4   1.53443859375E-03
   3   4   4  -1.37866296875E-03
   4   4   4   2.29311310938E-02
   1   2   1   1
   1   1   1  -6.50521303491E-19
   2   1   1  -1.08420217249E-19
   3   1   1  -8.67361737988E-19
   4   1   1  -1.08420217249E-19
   1   2   1  -1.08420217249E-19
   2   2   1   1.00267475000E-02
   3   2   1  -1.13938812500E-03
   4   2   1  -1.89327156250E-02
   1   3   1   0.00000000000E+00
   2   3   1  -1.13938812500E-03
   3   3   1   1.75826625000E-03
   4   3   1  -1.13938812500E-03
   1   4   1  -1.08420217249E-19
   2   4   1  -1.89327156250E-02
   3   4   1  -1.13938812500E-03
   4   4   1   1.00267475000E-02
   1   1   2   1.89327156250E-02
   2   1   2   1.13938812500E-03
   3   1   2  -1.00267475000E-02
   4   1   2  -1.08420217249E-19
   1   2   2   1.13938812500E-03
   2   2   2   0.00000000000E+00
   3   2   2  -1.13938812500E-03
   4   2   2   0.00000000000E+00
   1   3   2  -1.00267475000E-02
   2   3   2  -1.13938812500E-03
   3   3   2   7.50657687500E-03
   4   3   2   1.08420217249E-19
   1   4   2  -1.08420217249E-19
   2   4   2   0.00000000000E+00
   3   4   2   0.00000000000E+00
   4   4   2   0.00000000000E+00
   1   1   3  -1.75826625000E-03
   2   1   3   1.13938812500E-03
   3   1   3  -8.67361737988E-19
   4   1   3   1.13938812500E-03
   1   2   3   1.13938812500E-03
   2   2   3   1.00267475000E-02
   3   2   3   0.00000000000E+00
   4   2   3  -7.50657687500E-03
   1   3   3   0.00000000000E+00
   2   3   3   1.08420217249E-19
   3   3   3  -2.16840434497E-19
   4   3   3   1.08420217249E-19
   1   4   3   1.13938812500E-03
   2   4   3  -7.50657687500E-03
   3   4   3   0.00000000000E+00
   4   4   3   1.00267475000E-02
   1   1   4   1.89327156250E-02
   2   1   4  -1.08420217249E-19
   3   1   4  -1.00267475000E-02
   4   1   4   1.13938812500E-03
   1   2   4  -1.08420217249E-19
   2   2   4   0.00000000000E+00
   3   2   4   0.00000000000E+00
   4   2   4   0.00000000000E+00
   1   3   4  -1.00267475000E-02
   2   3   4   1.08420217249E-19
   3   3   4   7.50657687500E-03
   4   3   4  -1.13938812500E-03
   1   4   4   1.13938812500E-03
   2   4   4   0.00000000000E+00
   3   4   4  -1.13938812500E-03
   4   4   4   0.00000000000E+00
   1   3   1   1
   1   1   1   6.50521303491E-19
   2   1   1   1.89327156250E-02
   3   1   1  -1.75826625000E-03
   4   1   1   1.89327156250E-02
   1   2   1   1.08420217249E-19
   2   2   1   1.13938812500E-03
   3   2   1   1.13938812500E-03
   4   2   1   1.08420217249E-19
   1   3   1   1.08420217249E-19
   2   3   1  -1.00267475000E-02
   3   3   1   3.25260651746E-19
   4   3   1  -1.00267475000E-02
   1   4   1   1.08420217249E-19
   2   4   1   1.08420217249E-19
   3   4   1   1.13938812500E-03
   4   4   1   1.13938812500E-03
   1   1   2   1.08420217249E-19
   2   1   2   1.13938812500E-03
   3   1   2   1.13938812500E-03
   4   1   2   1.08420217249E-19
   1   2   2   1.00267475000E-02
   2   2   2   0.00000000000E+00
   3   2   2   1.00267475000E-02
   4   2   2   0.00000000000E+00
   1   3   2  -1.13938812500E-03
   2   3   2  -1.13938812500E-03
   3   3   2   0.00000000000E+00
   4   3   2  -1.08420217249E-19
   1   4   2  -1.89327156250E-02
   2   4   2   0.00000000000E+00
   3   4   2  -7.50657687500E-03
   4   4   2   0.00000000000E+00
   1   1   3   0.00000000000E+00
   2   1   3  -1.00267475000E-02
   3   1   3   3.25260651746E-19
   4   1   3  -1.00267475000E-02
   1   2   3  -1.13938812500E-03
   2   2   3  -1.13938812500E-03
   3   2   3   0.00000000000E+00
   4   2   3  -1.08420217249E-19
   1   3   3   1.75826625000E-03
   2   3   3   7.50657687500E-03
   3   3   3  -3.25260651746E-19
   4   3   3   7.50657687500E-03
   1   4   3  -1.13938812500E-03
   2   4   3  -1.08420217249E-19
   3   4   3   0.00000000000E+00
   4   4   3  -1.13938812500E-03
   1   1   4   1.08420217249E-19
   2   1   4   1.08420217249E-19
   3   1   4   1.13938812500E-03
   4   1   4   1.13938812500E-03
   1   2   4  -1.89327156250E-02
   2   2   4   0.00000000000E+00
   3   2   4  -7.50657687500E-03
   4   2   4   0.00000000000E+00
   1   3   4  -1.13938812500E-03
   2   3   4  -1.08420217249E-19
   3   3   4   0.00000000000E+00
   4   3   4  -1.13938812500E-03
   1   4   4   1.00267475000E-02
   2   4   4   0.00000000000E+00
   3   4   4   1.00267475000E-02
   4   4   4   0.00000000000E+00
   2   1   1   1
   1   1   1  -6.50521303491E-19
   2   1   1  -1.08420217249E-19
   3   1   1  -8.67361737988E-19
   4   1   1  -1.08420217249E-19
   1   2   1  -1.08420217249E-19
   2   2   1   1.00267475000E-02
   3   2   1  -1.13938812500E-03
   4   2   1  -1.89327156250E-02
   1   3   1   0.00000000000E+00
   2   3   1  -1.13938812500E-03
   3   3   1   1.75826625000E-03
   4   3   1  -1.13938812500E-03
   1   4   1  -1.08420217249E-19
   2   4   1  -1.89327156250E-02
   3   4   1  -1.13938812500E-03
   4   4   1   1.00267475000E-02
   1   1   2   1.89327156250E-02
   2   1   2   1.13938812500E-03
   3   1   2  -1.00267475000E-02
   4   1   2  -1.08420217249E-19
   1   2   2   1.13938812500E-03
   2   2   2   0.00000000000E+00
   3   2   2  -1.13938812500E-03
   4   2   2   0.00000000000E+00
   1   3   2  -1.00267475000E-02
   2   3   2  -1.13938812500E-03
   3   3   2   7.50657687500E-03
   4   3   2   1.08420217249E-19
   1   4   2  -1.08420217249E-19
   2   4   2   0.00000000000E+00
   3   4   2   0.00000000000E+00
   4   4   2   0.00000000000E+00
   1   1   3  -1.75826625000E-03
   2   1   3   1.13938812500E-03
   3   1   3  -8.67361737988E-19
   4   1   3   1.13938812500E-03
   1   2   3   1.13938812500E-03
   2   2   3   1.00267475000E-02
   3   2   3   0.00000000000E+00
   4   2   3  -7.50657687500E-03
   1   3   3   0.00000000000E+00
   2   3   3   1.08420217249E-19
   3   3   3  -2.16840434497E-19
   4   3   3   1.08420217249E-19
   1   4   3   1.13938812500E-03
   2   4   3  -7.50657687500E-03
   3   4   3   0.00000000000E+00
   4   4   3   1.00267475000E-02
   1   1   4   1.89327156250E-02
   2   1   4  -1.08420217249E-19
   3   1   4  -1.00267475000E-02
   4   1   4   1.13938812500E-03
   1   2   4  -1.08420217249E-19
   2   2   4   0.00000000000E+00
   3   2   4   0.00000000000E+00
   4   2   4   0.00000000000E+00
   1   3   4  -1.00267475000E-02
   2   3   4   1.08420217249E-19
   3   3   4   7.50657687500E-03
   4   3   4  -1.13938812500E-03
   1   4   4   1.13938812500E-03
   2   4   4   0.00000000000E+00
   3   4   4  -1.13938812500E-03
   4   4   4   0.00000000000E+00
   2   2   1   1
   1   1   1   7.65183710937E-02
   2   1   1   1.04919760938E-02
   3   1   1  -1.77432226562E-02
   4   1   1   1.04919760938E-02
   1   2   1  -1.35818548437E-02
   2   2   1  -1.37866296875E-03
   3   2   1  -1.37866296875E-03
   4   2   1  -1.35818548438E-02
   1   3   1   2.08539734375E-03
   2   3   1   5.25551718750E-04
   3   3   1   2.08539734375E-03
   4   3   1   5.25551718750E-04
   1   4   1  -1.35818548437E-02
   2   4   1  -1.35818548438E-02
   3   4   1  -1.37866296875E-03
   4   4   1  -1.37866296875E-03
   1   1   2  -1.35818548437E-02
   2   1   2  -1.37866296875E-03
   3   1   2  -1.37866296875E-03
   4   1   2  -1.35818548438E-02
   1   2   2   5.25551718750E-04
   2   2   2   2.29311310938E-02
   3   2   2   5.25551718750E-04
   4   2   2  -1.66785639062E-02
   1   3   2  -1.37866296875E-03
   2   3   2  -1.37866296875E-03
   3   3   2   5.25423140625E-03
   4   3   2   5.25423140625E-03
   1   4   2   1.04919760937E-02
   2   4   2   1.53443859375E-03
   3   4   2  -8.10919765625E-03
   4   4   2   1.53443859375E-03
   1   1   3   2.08539734375E-03
   2   1   3   5.25551718750E-04
   3   1   3   2.08539734375E-03
   4   1   3   5.25551718750E-04
   1   2   3  -1.37866296875E-03
   2   2   3  -1.37866296875E-03
   3   2   3   5.25423140625E-03
   4   2   3   5.25423140625E-03
   1   3   3  -1.77432226562E-02
   2   3   3  -8.10919765625E-03
   3   3   3   6.93380359375E-03
   4   3   3  -8.10919765625E-03
   1   4   3  -1.37866296875E-03
   2   4   3   5.25423140625E-03
   3   4   3   5.25423140625E-03
   4   4   3  -1.37866296875E-03
   1   1   4  -1.35818548437E-02
   2   1   4  -1.35818548438E-02
   3   1   4  -1.37866296875E-03
   4   1   4  -1.37866296875E-03
   1   2   4   1.04919760937E-02
   2   2   4   1.53443859375E-03
   3   2   4  -8.10919765625E-03
   4   2   4   1.53443859375E-03
   1   3   4  -1.37866296875E-03
   2   3   4   5.25423140625E-03
   3   3   4   5.25423140625E-03
   4   3   4  -1.37866296875E-03
   1   4   4   5.25551718750E-04
   2   4   4  -1.66785639062E-02
   3   4   4   5.25551718750E-04
   4   4   4   2.29311310938E-02
   2   3   1   1
   1   1   1   6.50521303491E-19
   2   1   1   1.08420217249E-19
   3   1   1   3.25260651746E-19
   4   1   1   1.08420217249E-19
   1   2   1  -1.89327156250E-02
   2   2   1  -1.13938812500E-03
   3   2   1   1.00267475000E-02
   4   2   1   1.08420217249E-19
   1   3   1   1.75826625000E-03
   2   3   1  -1.13938812500E-03
   3   3   1   3.25260651746E-19
   4   3   1  -1.13938812500E-03
   1   4   1  -1.89327156250E-02
   2   4   1   1.08420217249E-19
   3   4   1   1.00267475000E-02
   4   4   1  -1.13938812500E-03
   1   1   2   1.08420217249E-19
   2   1   2  -1.00267475000E-02
   3   1   2   1.13938812500E-03
   4   1   2   1.89327156250E-02
   1   2   2  -1.13938812500E-03
   2   2   2   0.00000000000E+00
   3   2   2   1.13938812500E-03
   4   2   2   0.00000000000E+00
   1   3   2  -1.13938812500E-03
   2   3   2  -1.00267475000E-02
   3   3   2   0.00000000000E+00
   4   3   2   7.50657687500E-03
   1   4   2   1.08420217249E-19
   2   4   2   0.00000000000E+00
   3   4   2   0.00000000000E+00
   4   4   2   0.00000000000E+00
   1   1   3   0.00000000000E+00
   2   1   3   1.13938812500E-03
   3   1   3  -1.75826625000E-03
   4   1   3   1.13938812500E-03
   1   2   3   1.00267475000E-02
   2   2   3   1.13938812500E-03
   3   2   3  -7.50657687500E-03
   4   2   3  -1.08420217249E-19
   1   3   3   1.08420217249E-19
   2   3   3  -1.08420217249E-19
   3   3   3  -3.25260651746E-19
   4   3   3  -1.08420217249E-19
   1   4   3   1.00267475000E-02
   2   4   3  -1.08420217249E-19
   3   4   3  -7.50657687500E-03
   4   4   3   1.13938812500E-03
   1   1   4   1.08420217249E-19
   2   1   4   1.89327156250E-02
   3   1   4   1.13938812500E-03
   4   1   4  -1.00267475000E-02
   1   2   4   1.08420217249E-19
   2   2   4   0.00000000000E+00
   3   2   4   0.00000000000E+00
   4   2   4   0.00000000000E+00
   1   3   4  -1.13938812500E-03
   2   3   4   7.50657687500E-03
   3   3   4   0.00000000000E+00
   4   3   4  -1.00267475000E-02
   1   4   4  -1.13938812500E-03
   2   4   4   0.00000000000E+00
   3   4   4   1.13938812500E-03
   4   4   4   0.00000000000E+00
   3   1   1   1
   1   1   1   6.50521303491E-19
   2   1   1   1.89327156250E-02
   3   1   1  -1.75826625000E-03
   4   1   1   1.89327156250E-02
   1   2   1   1.08420217249E-19
   2   2   1   1.13938812500E-03
   3   2   1   1.13938812500E-03
   4   2   1   1.08420217249E-19
   1   3   1   1.08420217249E-19
   2   3   1  -1.00267475000E-02
   3   3   1   3.25260651746E-19
   4   3   1  -1.00267475000E-02
   1   4   1   1.08420217249E-19
   2   4   1   1.08420217249E-19
   3   4   1   1.13938812500E-03
   4   4   1   1.13938812500E-03
   1   1   2   1.08420217249E-19
   2   1   2   1.13938812500E-03
   3   1   2   1.13938812500E-03
   4   1   2   1.08420217249E-19
   1   2   2   1.00267475000E-02
   2   2   2   0.00000000000E+00
   3   2   2   1.00267475000E-02
   4   2   2   0.00000000000E+00
   1   3   2  -1.13938812500E-03
   2   3   2  -1.13938812500E-03
   3   3   2   0.00000000000E+00
   4   3   2  -1.08420217249E-19
   1   4   2  -1.89327156250E-02
   2   4   2   0.00000000000E+00
   3   4   2  -7.50657687500E-03
   4   4   2   0.00000000000E+00
   1   1   3   0.00000000000E+00
   2   1   3  -1.00267475000E-02
   3   1   3   3.25260651746E-19
   4   1   3  -1.00267475000E-02
   1   2   3  -1.13938812500E-03
   2   2   3  -1.13938812500E-03
   3   2   3   0.00000000000E+00
   4   2   3  -1.08420217249E-19
   1   3   3   1.75826625000E-03
   2   3   3   7.50657687500E-03
   3   3   3  -3.25260651746E-19
   4   3   3   7.50657687500E-03
   1   4   3  -1.13938812500E-03
   2   4   3  -1.08420217249E-19
   3   4   3   0.00000000000E+00
   4   4   3  -1.13938812500E-03
   1   1   4   1.08420217249E-19
   2   1   4   1.08420217249E-19
   3   1   4   1.13938812500E-03
   4   1   4   1.13938812500E-03
   1   2   4  -1.89327156250E-02
   2   2   4   0.00000000000E+00
   3   2   4  -7.50657687500E-03
   4   2   4   0.00000000000E+00
   1   3   4  -1.13938812500E-03
   2   3   4  -1.08420217249E-19
   3   3   4   0.00000000000E+00
   4   3   4  -1.13938812500E-03
   1   4   4   1.00267475000E-02
   2   4   4   0.00000000000E+00
   3   4   4   1.00267475000E-02
   4   4   4   0.00000000000E+00
   3   2   1   1
   1   1   1   6.50521303491E-19
   2   1   1   1.08420217249E-19
   3   1   1   3.25260651746E-19
   4   1   1   1.08420217249E-19
   1   2   1  -1.89327156250E-02
   2   2   1  -1.13938812500E-03
   3   2   1   1.00267475000E-02
   4   2   1   1.08420217249E-19
   1   3   1   1.75826625000E-03
   2   3   1  -1.13938812500E-03
   3   3   1   3.25260651746E-19
   4   3   1  -1.13938812500E-03
   1   4   1  -1.89327156250E-02
   2   4   1   1.08420217249E-19
   3   4   1   1.00267475000E-02
   4   4   1  -1.13938812500E-03
   1   1   2   1.08420217249E-19
   2   1   2  -1.00267475000E-02
   3   1   2   1.13938812500E-03
   4   1   2   1.89327156250E-02
   1   2   2  -1.13938812500E-03
   2   2   2   0.00000000000E+00
   3   2   2   1.13938812500E-03
   4   2   2   0.00000000000E+00
   1   3   2  -1.13938812500E-03
   2   3   2  -1.00267475000E-02
   3   3   2   0.00000000000E+00
   4   3   2   7.50657687500E-03
   1   4   2   1.08420217249E-19
   2   4   2   0.00000000000E+00
   3   4   2   0.00000000000E+00
   4   4   2   0.00000000000E+00
   1   1   3   0.00000000000E+00
   2   1   3   1.13938812500E-03
   3   1   3  -1.75826625000E-03
   4   1   3   1.13938812500E-03
   1   2   3   1.00267475000E-02
   2   2   3   1.13938812500E-03
   3   2   3  -7.50657687500E-03
   4   2   3  -1.08420217249E-19
   1   3   3   1.08420217249E-19
   2   3   3  -1.08420217249E-19
   3   3   3  -3.25260651746E-19
   4   3   3  -1.08420217249E-19
   1   4   3   1.00267475000E-02
   2   4   3  -1.08420217249E-19
   3   4   3  -7.50657687500E-03
   4   4   3   1.13938812500E-03
   1   1   4   1.08420217249E-19
   2   1   4   1.89327156250E-02
   3   1   4   1.13938812500E-03
   4   1   4  -1.00267475000E-02
   1   2   4   1.08420217249E-19
   2   2   4   0.00000000000E+00
   3   2   4   0.00000000000E+00
   4   2   4   0.00000000000E+00
   1   3   4  -1.13938812500E-03
   2   3   4   7.50657687500E-03
   3   3   4   0.00000000000E+00
   4   3   4  -1.00267475000E-02
   1   4   4  -1.13938812500E-03
   2   4   4   0.00000000000E+00
   3   4   4   1.13938812500E-03
   4   4   4   0.00000000000E+00
   3   3   1   1
   1   1   1   7.65183710937E-02
   2   1   1  -1.35818548438E-02
   3   1   1   2.08539734375E-03
   4   1   1  -1.35818548438E-02
   1   2   1  -1.35818548437E-02
   2   2   1   5.25551718750E-04
   3   2   1  -1.37866296875E-03
   4   2   1   1.04919760937E-02
   1   3   1   2.08539734375E-03
   2   3   1  -1.37866296875E-03
   3   3   1  -1.77432226563E-02
   4   3   1  -1.37866296875E-03
   1   4   1  -1.35818548437E-02
   2   4   1   1.04919760937E-02
   3   4   1  -1.37866296875E-03
   4   4   1   5.25551718750E-04
   1   1   2   1.04919760937E-02
   2   1   2  -1.37866296875E-03
   3   1   2   5.25551718750E-04
   4   1   2  -1.35818548438E-02
   1   2   2  -1.37866296875E-03
   2   2   2   2.29311310938E-02
   3   2   2  -1.37866296875E-03
   4   2   2   1.53443859375E-03
   1   3   2   5.25551718750E-04
   2   3   2  -1.37866296875E-03
   3   3   2  -8.10919765625E-03
   4   3   2   5.25423140625E-03
   1   4   2  -1.35818548437E-02
   2   4   2   1.53443859375E-03
   3   4   2   5.25423140625E-03
   4   4   2  -1.66785639062E-02
   1   1   3  -1.77432226562E-02
   2   1   3  -1.37866296875E-03
   3   1   3   2.08539734375E-03
   4   1   3  -1.37866296875E-03
   1   2   3  -1.37866296875E-03
   2   2   3   5.25551718750E-04
   3   2   3   5.25423140625E-03
   4   2   3  -8.10919765625E-03
   1   3   3   2.08539734375E-03
   2   3   3   5.25423140625E-03
   3   3   3   6.93380359375E-03
   4   3   3   5.25423140625E-03
   1   4   3  -1.37866296875E-03
   2   4   3  -8.10919765625E-03
   3   4   3   5.25423140625E-03
   4   4   3   5.25551718750E-04
   1   1   4   1.04919760937E-02
   2   1   4  -1.35818548438E-02
   3   1   4   5.25551718750E-04
   4   1   4  -1.37866296875E-03
   1   2   4  -1.35818548437E-02
   2   2   4  -1.66785639062E-02
   3   2   4   5.25423140625E-03
   4   2   4   1.53443859375E-03
   1   3   4   5.25551718750E-04
   2   3   4   5.25423140625E-03
   3   3   4  -8.10919765625E-03
   4   3   4  -1.37866296875E-03
   1   4   4  -1.37866296875E-03
   2   4   4   1.53443859375E-03
   3   4   4  -1.37866296875E-03
   4   4   4   2.29311310938E-02
