  5.000000000000000E-003  0.611634550690563        1.33876113657694     
   4   4   4
   1   1   1   1
   1   1   1   4.06650578125E-02
   2   1   1  -9.64986250000E-04
   3   1   1  -7.56728437500E-04
   4   1   1  -9.64986250000E-04
   1   2   1   9.48633437500E-04
   2   2   1   1.69375000000E-06
   3   2   1  -1.84879062500E-04
   4   2   1  -9.64986250000E-04
   1   3   1  -3.56061521875E-02
   2   3   1   1.69375000000E-06
   3   3   1  -7.56728437500E-04
   4   3   1   1.69375000000E-06
   1   4   1   9.48633437500E-04
   2   4   1  -9.64986250000E-04
   3   4   1  -1.84879062500E-04
   4   4   1   1.69375000000E-06
   1   1   2  -9.64986250000E-04
   2   1   2  -1.84879062500E-04
   3   1   2   1.69375000000E-06
   4   1   2   9.48633437500E-04
   1   2   2   1.69375000000E-06
   2   2   2   3.77475603125E-02
   3   2   2   1.69375000000E-06
   4   2   2  -7.20278437500E-04
   1   3   2   1.69375000000E-06
   2   3   2  -1.84879062500E-04
   3   3   2   9.55186250000E-04
   4   3   2  -1.25318406250E-03
   1   4   2  -9.64986250000E-04
   2   4   2  -3.56220421875E-02
   3   4   2   9.55186250000E-04
   4   4   2  -7.20278437500E-04
   1   1   3  -7.56728437500E-04
   2   1   3   1.69375000000E-06
   3   1   3  -3.56061521875E-02
   4   1   3   1.69375000000E-06
   1   2   3  -1.84879062500E-04
   2   2   3   1.69375000000E-06
   3   2   3  -1.25318406250E-03
   4   2   3   9.55186250000E-04
   1   3   3  -7.56728437500E-04
   2   3   3   9.55186250000E-04
   3   3   3   3.49527728125E-02
   4   3   3   9.55186250000E-04
   1   4   3  -1.84879062500E-04
   2   4   3   9.55186250000E-04
   3   4   3  -1.25318406250E-03
   4   4   3   1.69375000000E-06
   1   1   4  -9.64986250000E-04
   2   1   4   9.48633437500E-04
   3   1   4   1.69375000000E-06
   4   1   4  -1.84879062500E-04
   1   2   4  -9.64986250000E-04
   2   2   4  -7.20278437500E-04
   3   2   4   9.55186250000E-04
   4   2   4  -3.56220421875E-02
   1   3   4   1.69375000000E-06
   2   3   4  -1.25318406250E-03
   3   3   4   9.55186250000E-04
   4   3   4  -1.84879062500E-04
   1   4   4   1.69375000000E-06
   2   4   4  -7.20278437500E-04
   3   4   4   1.69375000000E-06
   4   4   4   3.77475603125E-02
   1   2   1   1
   1   1   1   7.86046575052E-19
   2   1   1   0.00000000000E+00
   3   1   1   0.00000000000E+00
   4   1   1   0.00000000000E+00
   1   2   1   0.00000000000E+00
   2   2   1   1.81389162500E-02
   3   2   1  -1.54019375000E-04
   4   2   1  -1.84097106250E-02
   1   3   1   0.00000000000E+00
   2   3   1  -1.54019375000E-04
   3   3   1   2.41012500000E-05
   4   3   1  -1.54019375000E-04
   1   4   1   0.00000000000E+00
   2   4   1  -1.84097106250E-02
   3   4   1  -1.54019375000E-04
   4   4   1   1.81389162500E-02
   1   1   2   1.84097106250E-02
   2   1   2   1.54019375000E-04
   3   1   2  -1.81389162500E-02
   4   1   2   0.00000000000E+00
   1   2   2   1.54019375000E-04
   2   2   2   0.00000000000E+00
   3   2   2  -1.54019375000E-04
   4   2   2   0.00000000000E+00
   1   3   2  -1.81389162500E-02
   2   3   2  -1.54019375000E-04
   3   3   2   1.78695018750E-02
   4   3   2   0.00000000000E+00
   1   4   2   0.00000000000E+00
   2   4   2   0.00000000000E+00
   3   4   2   0.00000000000E+00
   4   4   2   0.00000000000E+00
   1   1   3  -2.41012500000E-05
   2   1   3   1.54019375000E-04
   3   1   3   0.00000000000E+00
   4   1   3   1.54019375000E-04
   1   2   3   1.54019375000E-04
   2   2   3   1.81389162500E-02
   3   2   3   0.00000000000E+00
   4   2   3  -1.78695018750E-02
   1   3   3   0.00000000000E+00
   2   3   3   0.00000000000E+00
   3   3   3  -7.86046575052E-19
   4   3   3   0.00000000000E+00
   1   4   3   1.54019375000E-04
   2   4   3  -1.78695018750E-02
   3   4   3   0.00000000000E+00
   4   4   3   1.81389162500E-02
   1   1   4   1.84097106250E-02
   2   1   4   0.00000000000E+00
   3   1   4  -1.81389162500E-02
   4   1   4   1.54019375000E-04
   1   2   4   0.00000000000E+00
   2   2   4   0.00000000000E+00
   3   2   4   0.00000000000E+00
   4   2   4   0.00000000000E+00
   1   3   4  -1.81389162500E-02
   2   3   4   0.00000000000E+00
   3   3   4   1.78695018750E-02
   4   3   4  -1.54019375000E-04
   1   4   4   1.54019375000E-04
   2   4   4   0.00000000000E+00
   3   4   4  -1.54019375000E-04
   4   4   4   0.00000000000E+00
   1   3   1   1
   1   1   1  -3.93023287526E-19
   2   1   1   1.84097106250E-02
   3   1   1  -2.41012500000E-05
   4   1   1   1.84097106250E-02
   1   2   1  -1.35525271561E-20
   2   2   1   1.54019375000E-04
   3   2   1   1.54019375000E-04
   4   2   1   0.00000000000E+00
   1   3   1   3.93023287526E-19
   2   3   1  -1.81389162500E-02
   3   3   1  -3.93023287526E-19
   4   3   1  -1.81389162500E-02
   1   4   1  -1.35525271561E-20
   2   4   1   0.00000000000E+00
   3   4   1   1.54019375000E-04
   4   4   1   1.54019375000E-04
   1   1   2   0.00000000000E+00
   2   1   2   1.54019375000E-04
   3   1   2   1.54019375000E-04
   4   1   2   1.35525271561E-20
   1   2   2   1.81389162500E-02
   2   2   2   0.00000000000E+00
   3   2   2   1.81389162500E-02
   4   2   2   0.00000000000E+00
   1   3   2  -1.54019375000E-04
   2   3   2  -1.54019375000E-04
   3   3   2   0.00000000000E+00
   4   3   2   0.00000000000E+00
   1   4   2  -1.84097106250E-02
   2   4   2   0.00000000000E+00
   3   4   2  -1.78695018750E-02
   4   4   2   0.00000000000E+00
   1   1   3   3.93023287526E-19
   2   1   3  -1.81389162500E-02
   3   1   3  -3.93023287526E-19
   4   1   3  -1.81389162500E-02
   1   2   3  -1.54019375000E-04
   2   2   3  -1.54019375000E-04
   3   2   3   0.00000000000E+00
   4   2   3   0.00000000000E+00
   1   3   3   2.41012500000E-05
   2   3   3   1.78695018750E-02
   3   3   3   3.93023287526E-19
   4   3   3   1.78695018750E-02
   1   4   3  -1.54019375000E-04
   2   4   3   0.00000000000E+00
   3   4   3   0.00000000000E+00
   4   4   3  -1.54019375000E-04
   1   1   4   0.00000000000E+00
   2   1   4   1.35525271561E-20
   3   1   4   1.54019375000E-04
   4   1   4   1.54019375000E-04
   1   2   4  -1.84097106250E-02
   2   2   4   0.00000000000E+00
   3   2   4  -1.78695018750E-02
   4   2   4   0.00000000000E+00
   1   3   4  -1.54019375000E-04
   2   3   4   0.00000000000E+00
   3   3   4   0.00000000000E+00
   4   3   4  -1.54019375000E-04
   1   4   4   1.81389162500E-02
   2   4   4   0.00000000000E+00
   3   4   4   1.81389162500E-02
   4   4   4   0.00000000000E+00
   2   1   1   1
   1   1   1   7.86046575052E-19
   2   1   1   0.00000000000E+00
   3   1   1   0.00000000000E+00
   4   1   1   0.00000000000E+00
   1   2   1   0.00000000000E+00
   2   2   1   1.81389162500E-02
   3   2   1  -1.54019375000E-04
   4   2   1  -1.84097106250E-02
   1   3   1   0.00000000000E+00
   2   3   1  -1.54019375000E-04
   3   3   1   2.41012500000E-05
   4   3   1  -1.54019375000E-04
   1   4   1   0.00000000000E+00
   2   4   1  -1.84097106250E-02
   3   4   1  -1.54019375000E-04
   4   4   1   1.81389162500E-02
   1   1   2   1.84097106250E-02
   2   1   2   1.54019375000E-04
   3   1   2  -1.81389162500E-02
   4   1   2   0.00000000000E+00
   1   2   2   1.54019375000E-04
   2   2   2   0.00000000000E+00
   3   2   2  -1.54019375000E-04
   4   2   2   0.00000000000E+00
   1   3   2  -1.81389162500E-02
   2   3   2  -1.54019375000E-04
   3   3   2   1.78695018750E-02
   4   3   2   0.00000000000E+00
   1   4   2   0.00000000000E+00
   2   4   2   0.00000000000E+00
   3   4   2   0.00000000000E+00
   4   4   2   0.00000000000E+00
   1   1   3  -2.41012500000E-05
   2   1   3   1.54019375000E-04
   3   1   3   0.00000000000E+00
   4   1   3   1.54019375000E-04
   1   2   3   1.54019375000E-04
   2   2   3   1.81389162500E-02
   3   2   3   0.00000000000E+00
   4   2   3  -1.78695018750E-02
   1   3   3   0.00000000000E+00
   2   3   3   0.00000000000E+00
   3   3   3  -7.86046575052E-19
   4   3   3   0.00000000000E+00
   1   4   3   1.54019375000E-04
   2   4   3  -1.78695018750E-02
   3   4   3   0.00000000000E+00
   4   4   3   1.81389162500E-02
   1   1   4   1.84097106250E-02
   2   1   4   0.00000000000E+00
   3   1   4  -1.81389162500E-02
   4   1   4   1.54019375000E-04
   1   2   4   0.00000000000E+00
   2   2   4   0.00000000000E+00
   3   2   4   0.00000000000E+00
   4   2   4   0.00000000000E+00
   1   3   4  -1.81389162500E-02
   2   3   4   0.00000000000E+00
   3   3   4   1.78695018750E-02
   4   3   4  -1.54019375000E-04
   1   4   4   1.54019375000E-04
   2   4   4   0.00000000000E+00
   3   4   4  -1.54019375000E-04
   4   4   4   0.00000000000E+00
   2   2   1   1
   1   1   1   4.06650578125E-02
   2   1   1   9.48633437500E-04
   3   1   1  -3.56061521875E-02
   4   1   1   9.48633437500E-04
   1   2   1  -9.64986250000E-04
   2   2   1   1.69375000000E-06
   3   2   1   1.69375000000E-06
   4   2   1  -9.64986250000E-04
   1   3   1  -7.56728437500E-04
   2   3   1  -1.84879062500E-04
   3   3   1  -7.56728437500E-04
   4   3   1  -1.84879062500E-04
   1   4   1  -9.64986250000E-04
   2   4   1  -9.64986250000E-04
   3   4   1   1.69375000000E-06
   4   4   1   1.69375000000E-06
   1   1   2  -9.64986250000E-04
   2   1   2   1.69375000000E-06
   3   1   2   1.69375000000E-06
   4   1   2  -9.64986250000E-04
   1   2   2  -1.84879062500E-04
   2   2   2   3.77475603125E-02
   3   2   2  -1.84879062500E-04
   4   2   2  -3.56220421875E-02
   1   3   2   1.69375000000E-06
   2   3   2   1.69375000000E-06
   3   3   2   9.55186250000E-04
   4   3   2   9.55186250000E-04
   1   4   2   9.48633437500E-04
   2   4   2  -7.20278437500E-04
   3   4   2  -1.25318406250E-03
   4   4   2  -7.20278437500E-04
   1   1   3  -7.56728437500E-04
   2   1   3  -1.84879062500E-04
   3   1   3  -7.56728437500E-04
   4   1   3  -1.84879062500E-04
   1   2   3   1.69375000000E-06
   2   2   3   1.69375000000E-06
   3   2   3   9.55186250000E-04
   4   2   3   9.55186250000E-04
   1   3   3  -3.56061521875E-02
   2   3   3  -1.25318406250E-03
   3   3   3   3.49527728125E-02
   4   3   3  -1.25318406250E-03
   1   4   3   1.69375000000E-06
   2   4   3   9.55186250000E-04
   3   4   3   9.55186250000E-04
   4   4   3   1.69375000000E-06
   1   1   4  -9.64986250000E-04
   2   1   4  -9.64986250000E-04
   3   1   4   1.69375000000E-06
   4   1   4   1.69375000000E-06
   1   2   4   9.48633437500E-04
   2   2   4  -7.20278437500E-04
   3   2   4  -1.25318406250E-03
   4   2   4  -7.20278437500E-04
   1   3   4   1.69375000000E-06
   2   3   4   9.55186250000E-04
   3   3   4   9.55186250000E-04
   4   3   4   1.69375000000E-06
   1   4   4  -1.84879062500E-04
   2   4   4  -3.56220421875E-02
   3   4   4  -1.84879062500E-04
   4   4   4   3.77475603125E-02
   2   3   1   1
   1   1   1  -3.93023287526E-19
   2   1   1   1.35525271561E-20
   3   1   1  -3.93023287526E-19
   4   1   1   1.35525271561E-20
   1   2   1  -1.84097106250E-02
   2   2   1  -1.54019375000E-04
   3   2   1   1.81389162500E-02
   4   2   1   0.00000000000E+00
   1   3   1   2.41012500000E-05
   2   3   1  -1.54019375000E-04
   3   3   1  -3.93023287526E-19
   4   3   1  -1.54019375000E-04
   1   4   1  -1.84097106250E-02
   2   4   1   0.00000000000E+00
   3   4   1   1.81389162500E-02
   4   4   1  -1.54019375000E-04
   1   1   2   0.00000000000E+00
   2   1   2  -1.81389162500E-02
   3   1   2   1.54019375000E-04
   4   1   2   1.84097106250E-02
   1   2   2  -1.54019375000E-04
   2   2   2   0.00000000000E+00
   3   2   2   1.54019375000E-04
   4   2   2   0.00000000000E+00
   1   3   2  -1.54019375000E-04
   2   3   2  -1.81389162500E-02
   3   3   2   0.00000000000E+00
   4   3   2   1.78695018750E-02
   1   4   2  -1.35525271561E-20
   2   4   2   0.00000000000E+00
   3   4   2   0.00000000000E+00
   4   4   2   0.00000000000E+00
   1   1   3   3.93023287526E-19
   2   1   3   1.54019375000E-04
   3   1   3  -2.41012500000E-05
   4   1   3   1.54019375000E-04
   1   2   3   1.81389162500E-02
   2   2   3   1.54019375000E-04
   3   2   3  -1.78695018750E-02
   4   2   3   0.00000000000E+00
   1   3   3   3.93023287526E-19
   2   3   3   0.00000000000E+00
   3   3   3   3.93023287526E-19
   4   3   3   0.00000000000E+00
   1   4   3   1.81389162500E-02
   2   4   3   0.00000000000E+00
   3   4   3  -1.78695018750E-02
   4   4   3   1.54019375000E-04
   1   1   4   0.00000000000E+00
   2   1   4   1.84097106250E-02
   3   1   4   1.54019375000E-04
   4   1   4  -1.81389162500E-02
   1   2   4  -1.35525271561E-20
   2   2   4   0.00000000000E+00
   3   2   4   0.00000000000E+00
   4   2   4   0.00000000000E+00
   1   3   4  -1.54019375000E-04
   2   3   4   1.78695018750E-02
   3   3   4   0.00000000000E+00
   4   3   4  -1.81389162500E-02
   1   4   4  -1.54019375000E-04
   2   4   4   0.00000000000E+00
   3   4   4   1.54019375000E-04
   4   4   4   0.00000000000E+00
   3   1   1   1
   1   1   1  -3.93023287526E-19
   2   1   1   1.84097106250E-02
   3   1   1  -2.41012500000E-05
   4   1   1   1.84097106250E-02
   1   2   1  -1.35525271561E-20
   2   2   1   1.54019375000E-04
   3   2   1   1.54019375000E-04
   4   2   1   0.00000000000E+00
   1   3   1   3.93023287526E-19
   2   3   1  -1.81389162500E-02
   3   3   1  -3.93023287526E-19
   4   3   1  -1.81389162500E-02
   1   4   1  -1.35525271561E-20
   2   4   1   0.00000000000E+00
   3   4   1   1.54019375000E-04
   4   4   1   1.54019375000E-04
   1   1   2   0.00000000000E+00
   2   1   2   1.54019375000E-04
   3   1   2   1.54019375000E-04
   4   1   2   1.35525271561E-20
   1   2   2   1.81389162500E-02
   2   2   2   0.00000000000E+00
   3   2   2   1.81389162500E-02
   4   2   2   0.00000000000E+00
   1   3   2  -1.54019375000E-04
   2   3   2  -1.54019375000E-04
   3   3   2   0.00000000000E+00
   4   3   2   0.00000000000E+00
   1   4   2  -1.84097106250E-02
   2   4   2   0.00000000000E+00
   3   4   2  -1.78695018750E-02
   4   4   2   0.00000000000E+00
   1   1   3   3.93023287526E-19
   2   1   3  -1.81389162500E-02
   3   1   3  -3.93023287526E-19
   4   1   3  -1.81389162500E-02
   1   2   3  -1.54019375000E-04
   2   2   3  -1.54019375000E-04
   3   2   3   0.00000000000E+00
   4   2   3   0.00000000000E+00
   1   3   3   2.41012500000E-05
   2   3   3   1.78695018750E-02
   3   3   3   3.93023287526E-19
   4   3   3   1.78695018750E-02
   1   4   3  -1.54019375000E-04
   2   4   3   0.00000000000E+00
   3   4   3   0.00000000000E+00
   4   4   3  -1.54019375000E-04
   1   1   4   0.00000000000E+00
   2   1   4   1.35525271561E-20
   3   1   4   1.54019375000E-04
   4   1   4   1.54019375000E-04
   1   2   4  -1.84097106250E-02
   2   2   4   0.00000000000E+00
   3   2   4  -1.78695018750E-02
   4   2   4   0.00000000000E+00
   1   3   4  -1.54019375000E-04
   2   3   4   0.00000000000E+00
   3   3   4   0.00000000000E+00
   4   3   4  -1.54019375000E-04
   1   4   4   1.81389162500E-02
   2   4   4   0.00000000000E+00
   3   4   4   1.81389162500E-02
   4   4   4   0.00000000000E+00
   3   2   1   1
   1   1   1  -3.93023287526E-19
   2   1   1   1.35525271561E-20
   3   1   1  -3.93023287526E-19
   4   1   1   1.35525271561E-20
   1   2   1  -1.84097106250E-02
   2   2   1  -1.54019375000E-04
   3   2   1   1.81389162500E-02
   4   2   1   0.00000000000E+00
   1   3   1   2.41012500000E-05
   2   3   1  -1.54019375000E-04
   3   3   1  -3.93023287526E-19
   4   3   1  -1.54019375000E-04
   1   4   1  -1.84097106250E-02
   2   4   1   0.00000000000E+00
   3   4   1   1.81389162500E-02
   4   4   1  -1.54019375000E-04
   1   1   2   0.00000000000E+00
   2   1   2  -1.81389162500E-02
   3   1   2   1.54019375000E-04
   4   1   2   1.84097106250E-02
   1   2   2  -1.54019375000E-04
   2   2   2   0.00000000000E+00
   3   2   2   1.54019375000E-04
   4   2   2   0.00000000000E+00
   1   3   2  -1.54019375000E-04
   2   3   2  -1.81389162500E-02
   3   3   2   0.00000000000E+00
   4   3   2   1.78695018750E-02
   1   4   2  -1.35525271561E-20
   2   4   2   0.00000000000E+00
   3   4   2   0.00000000000E+00
   4   4   2   0.00000000000E+00
   1   1   3   3.93023287526E-19
   2   1   3   1.54019375000E-04
   3   1   3  -2.41012500000E-05
   4   1   3   1.54019375000E-04
   1   2   3   1.81389162500E-02
   2   2   3   1.54019375000E-04
   3   2   3  -1.78695018750E-02
   4   2   3   0.00000000000E+00
   1   3   3   3.93023287526E-19
   2   3   3   0.00000000000E+00
   3   3   3   3.93023287526E-19
   4   3   3   0.00000000000E+00
   1   4   3   1.81389162500E-02
   2   4   3   0.00000000000E+00
   3   4   3  -1.78695018750E-02
   4   4   3   1.54019375000E-04
   1   1   4   0.00000000000E+00
   2   1   4   1.84097106250E-02
   3   1   4   1.54019375000E-04
   4   1   4  -1.81389162500E-02
   1   2   4  -1.35525271561E-20
   2   2   4   0.00000000000E+00
   3   2   4   0.00000000000E+00
   4   2   4   0.00000000000E+00
   1   3   4  -1.54019375000E-04
   2   3   4   1.78695018750E-02
   3   3   4   0.00000000000E+00
   4   3   4  -1.81389162500E-02
   1   4   4  -1.54019375000E-04
   2   4   4   0.00000000000E+00
   3   4   4   1.54019375000E-04
   4   4   4   0.00000000000E+00
   3   3   1   1
   1   1   1   4.06650578125E-02
   2   1   1  -9.64986250000E-04
   3   1   1  -7.56728437500E-04
   4   1   1  -9.64986250000E-04
   1   2   1  -9.64986250000E-04
   2   2   1  -1.84879062500E-04
   3   2   1   1.69375000000E-06
   4   2   1   9.48633437500E-04
   1   3   1  -7.56728437500E-04
   2   3   1   1.69375000000E-06
   3   3   1  -3.56061521875E-02
   4   3   1   1.69375000000E-06
   1   4   1  -9.64986250000E-04
   2   4   1   9.48633437500E-04
   3   4   1   1.69375000000E-06
   4   4   1  -1.84879062500E-04
   1   1   2   9.48633437500E-04
   2   1   2   1.69375000000E-06
   3   1   2  -1.84879062500E-04
   4   1   2  -9.64986250000E-04
   1   2   2   1.69375000000E-06
   2   2   2   3.77475603125E-02
   3   2   2   1.69375000000E-06
   4   2   2  -7.20278437500E-04
   1   3   2  -1.84879062500E-04
   2   3   2   1.69375000000E-06
   3   3   2  -1.25318406250E-03
   4   3   2   9.55186250000E-04
   1   4   2  -9.64986250000E-04
   2   4   2  -7.20278437500E-04
   3   4   2   9.55186250000E-04
   4   4   2  -3.56220421875E-02
   1   1   3  -3.56061521875E-02
   2   1   3   1.69375000000E-06
   3   1   3  -7.56728437500E-04
   4   1   3   1.69375000000E-06
   1   2   3   1.69375000000E-06
   2   2   3  -1.84879062500E-04
   3   2   3   9.55186250000E-04
   4   2   3  -1.25318406250E-03
   1   3   3  -7.56728437500E-04
   2   3   3   9.55186250000E-04
   3   3   3   3.49527728125E-02
   4   3   3   9.55186250000E-04
   1   4   3   1.69375000000E-06
   2   4   3  -1.25318406250E-03
   3   4   3   9.55186250000E-04
   4   4   3  -1.84879062500E-04
   1   1   4   9.48633437500E-04
   2   1   4  -9.64986250000E-04
   3   1   4  -1.84879062500E-04
   4   1   4   1.69375000000E-06
   1   2   4  -9.64986250000E-04
   2   2   4  -3.56220421875E-02
   3   2   4   9.55186250000E-04
   4   2   4  -7.20278437500E-04
   1   3   4  -1.84879062500E-04
   2   3   4   9.55186250000E-04
   3   3   4  -1.25318406250E-03
   4   3   4   1.69375000000E-06
   1   4   4   1.69375000000E-06
   2   4   4  -7.20278437500E-04
   3   4   4   1.69375000000E-06
   4   4   4   3.77475603125E-02
