  1.000000000000000E-002  0.612028886674362        1.88175823095828     
   4   4   4
   1   1   1   1
   1   1   1   7.26568318750E-02
   2   1   1  -1.04882943750E-02
   3   1   1   9.00676875000E-04
   4   1   1  -1.04882943750E-02
   1   2   1   9.68384437500E-03
   2   2   1  -4.68095625000E-04
   3   2   1  -9.55306875000E-04
   4   2   1  -1.04882943750E-02
   1   3   1  -3.08024281250E-02
   2   3   1  -4.68095625000E-04
   3   3   1   9.00676875000E-04
   4   3   1  -4.68095625000E-04
   1   4   1   9.68384437500E-03
   2   4   1  -1.04882943750E-02
   3   4   1  -9.55306875000E-04
   4   4   1  -4.68095625000E-04
   1   1   2  -1.04882943750E-02
   2   1   2  -9.55306875000E-04
   3   1   2  -4.68095625000E-04
   4   1   2   9.68384437500E-03
   1   2   2  -4.68095625000E-04
   2   2   2   3.53270256250E-02
   3   2   2  -4.68095625000E-04
   4   2   2   1.43299562500E-03
   1   3   2  -4.68095625000E-04
   2   3   2  -9.55306875000E-04
   3   3   2   6.63753062500E-03
   4   3   2  -1.02067656250E-02
   1   4   2  -1.04882943750E-02
   2   4   2  -2.94769243750E-02
   3   4   2   6.63753062500E-03
   4   4   2   1.43299562500E-03
   1   1   3   9.00676875000E-04
   2   1   3  -4.68095625000E-04
   3   1   3  -3.08024281250E-02
   4   1   3  -4.68095625000E-04
   1   2   3  -9.55306875000E-04
   2   2   3  -4.68095625000E-04
   3   2   3  -1.02067656250E-02
   4   2   3   6.63753062500E-03
   1   3   3   9.00676875000E-04
   2   3   3   6.63753062500E-03
   3   3   3   1.59429118750E-02
   4   3   3   6.63753062500E-03
   1   4   3  -9.55306875000E-04
   2   4   3   6.63753062500E-03
   3   4   3  -1.02067656250E-02
   4   4   3  -4.68095625000E-04
   1   1   4  -1.04882943750E-02
   2   1   4   9.68384437500E-03
   3   1   4  -4.68095625000E-04
   4   1   4  -9.55306875000E-04
   1   2   4  -1.04882943750E-02
   2   2   4   1.43299562500E-03
   3   2   4   6.63753062500E-03
   4   2   4  -2.94769243750E-02
   1   3   4  -4.68095625000E-04
   2   3   4  -1.02067656250E-02
   3   3   4   6.63753062500E-03
   4   3   4  -9.55306875000E-04
   1   4   4  -4.68095625000E-04
   2   4   4   1.43299562500E-03
   3   4   4  -4.68095625000E-04
   4   4   4   3.53270256250E-02
   1   2   1   1
   1   1   1   0.00000000000E+00
   2   1   1  -1.08420217249E-19
   3   1   1   0.00000000000E+00
   4   1   1  -1.08420217249E-19
   1   2   1   0.00000000000E+00
   2   2   1   1.61348350000E-02
   3   2   1  -1.51789750000E-03
   4   2   1  -2.08050175000E-02
   1   3   1  -1.73472347598E-18
   2   3   1  -1.51789750000E-03
   3   3   1   3.83260000000E-04
   4   3   1  -1.51789750000E-03
   1   4   1   0.00000000000E+00
   2   4   1  -2.08050175000E-02
   3   4   1  -1.51789750000E-03
   4   4   1   1.61348350000E-02
   1   1   2   2.08050175000E-02
   2   1   2   1.51789750000E-03
   3   1   2  -1.61348350000E-02
   4   1   2  -1.08420217249E-19
   1   2   2   1.51789750000E-03
   2   2   2   0.00000000000E+00
   3   2   2  -1.51789750000E-03
   4   2   2   0.00000000000E+00
   1   3   2  -1.61348350000E-02
   2   3   2  -1.51789750000E-03
   3   3   2   1.35852925000E-02
   4   3   2   1.08420217249E-19
   1   4   2   0.00000000000E+00
   2   4   2   0.00000000000E+00
   3   4   2   0.00000000000E+00
   4   4   2   0.00000000000E+00
   1   1   3  -3.83260000000E-04
   2   1   3   1.51789750000E-03
   3   1   3   0.00000000000E+00
   4   1   3   1.51789750000E-03
   1   2   3   1.51789750000E-03
   2   2   3   1.61348350000E-02
   3   2   3   0.00000000000E+00
   4   2   3  -1.35852925000E-02
   1   3   3  -1.73472347598E-18
   2   3   3   1.08420217249E-19
   3   3   3   0.00000000000E+00
   4   3   3   1.08420217249E-19
   1   4   3   1.51789750000E-03
   2   4   3  -1.35852925000E-02
   3   4   3   0.00000000000E+00
   4   4   3   1.61348350000E-02
   1   1   4   2.08050175000E-02
   2   1   4  -1.08420217249E-19
   3   1   4  -1.61348350000E-02
   4   1   4   1.51789750000E-03
   1   2   4   0.00000000000E+00
   2   2   4   0.00000000000E+00
   3   2   4   0.00000000000E+00
   4   2   4   0.00000000000E+00
   1   3   4  -1.61348350000E-02
   2   3   4   1.08420217249E-19
   3   3   4   1.35852925000E-02
   4   3   4  -1.51789750000E-03
   1   4   4   1.51789750000E-03
   2   4   4   0.00000000000E+00
   3   4   4  -1.51789750000E-03
   4   4   4   0.00000000000E+00
   1   3   1   1
   1   1   1  -8.67361737988E-19
   2   1   1   2.08050175000E-02
   3   1   1  -3.83260000000E-04
   4   1   1   2.08050175000E-02
   1   2   1  -1.08420217249E-19
   2   2   1   1.51789750000E-03
   3   2   1   1.51789750000E-03
   4   2   1   1.08420217249E-19
   1   3   1   8.67361737988E-19
   2   3   1  -1.61348350000E-02
   3   3   1   0.00000000000E+00
   4   3   1  -1.61348350000E-02
   1   4   1  -1.08420217249E-19
   2   4   1   1.08420217249E-19
   3   4   1   1.51789750000E-03
   4   4   1   1.51789750000E-03
   1   1   2   0.00000000000E+00
   2   1   2   1.51789750000E-03
   3   1   2   1.51789750000E-03
   4   1   2   1.08420217249E-19
   1   2   2   1.61348350000E-02
   2   2   2   0.00000000000E+00
   3   2   2   1.61348350000E-02
   4   2   2   0.00000000000E+00
   1   3   2  -1.51789750000E-03
   2   3   2  -1.51789750000E-03
   3   3   2   0.00000000000E+00
   4   3   2  -1.08420217249E-19
   1   4   2  -2.08050175000E-02
   2   4   2   0.00000000000E+00
   3   4   2  -1.35852925000E-02
   4   4   2   0.00000000000E+00
   1   1   3   8.67361737988E-19
   2   1   3  -1.61348350000E-02
   3   1   3   0.00000000000E+00
   4   1   3  -1.61348350000E-02
   1   2   3  -1.51789750000E-03
   2   2   3  -1.51789750000E-03
   3   2   3   1.08420217249E-19
   4   2   3  -1.08420217249E-19
   1   3   3   3.83260000000E-04
   2   3   3   1.35852925000E-02
   3   3   3   0.00000000000E+00
   4   3   3   1.35852925000E-02
   1   4   3  -1.51789750000E-03
   2   4   3  -1.08420217249E-19
   3   4   3   1.08420217249E-19
   4   4   3  -1.51789750000E-03
   1   1   4   0.00000000000E+00
   2   1   4   1.08420217249E-19
   3   1   4   1.51789750000E-03
   4   1   4   1.51789750000E-03
   1   2   4  -2.08050175000E-02
   2   2   4   0.00000000000E+00
   3   2   4  -1.35852925000E-02
   4   2   4   0.00000000000E+00
   1   3   4  -1.51789750000E-03
   2   3   4  -1.08420217249E-19
   3   3   4   0.00000000000E+00
   4   3   4  -1.51789750000E-03
   1   4   4   1.61348350000E-02
   2   4   4   0.00000000000E+00
   3   4   4   1.61348350000E-02
   4   4   4   0.00000000000E+00
   2   1   1   1
   1   1   1   0.00000000000E+00
   2   1   1  -1.08420217249E-19
   3   1   1   0.00000000000E+00
   4   1   1  -1.08420217249E-19
   1   2   1   0.00000000000E+00
   2   2   1   1.61348350000E-02
   3   2   1  -1.51789750000E-03
   4   2   1  -2.08050175000E-02
   1   3   1  -1.73472347598E-18
   2   3   1  -1.51789750000E-03
   3   3   1   3.83260000000E-04
   4   3   1  -1.51789750000E-03
   1   4   1   0.00000000000E+00
   2   4   1  -2.08050175000E-02
   3   4   1  -1.51789750000E-03
   4   4   1   1.61348350000E-02
   1   1   2   2.08050175000E-02
   2   1   2   1.51789750000E-03
   3   1   2  -1.61348350000E-02
   4   1   2  -1.08420217249E-19
   1   2   2   1.51789750000E-03
   2   2   2   0.00000000000E+00
   3   2   2  -1.51789750000E-03
   4   2   2   0.00000000000E+00
   1   3   2  -1.61348350000E-02
   2   3   2  -1.51789750000E-03
   3   3   2   1.35852925000E-02
   4   3   2   1.08420217249E-19
   1   4   2   0.00000000000E+00
   2   4   2   0.00000000000E+00
   3   4   2   0.00000000000E+00
   4   4   2   0.00000000000E+00
   1   1   3  -3.83260000000E-04
   2   1   3   1.51789750000E-03
   3   1   3   0.00000000000E+00
   4   1   3   1.51789750000E-03
   1   2   3   1.51789750000E-03
   2   2   3   1.61348350000E-02
   3   2   3   0.00000000000E+00
   4   2   3  -1.35852925000E-02
   1   3   3  -1.73472347598E-18
   2   3   3   1.08420217249E-19
   3   3   3   0.00000000000E+00
   4   3   3   1.08420217249E-19
   1   4   3   1.51789750000E-03
   2   4   3  -1.35852925000E-02
   3   4   3   0.00000000000E+00
   4   4   3   1.61348350000E-02
   1   1   4   2.08050175000E-02
   2   1   4  -1.08420217249E-19
   3   1   4  -1.61348350000E-02
   4   1   4   1.51789750000E-03
   1   2   4   0.00000000000E+00
   2   2   4   0.00000000000E+00
   3   2   4   0.00000000000E+00
   4   2   4   0.00000000000E+00
   1   3   4  -1.61348350000E-02
   2   3   4   1.08420217249E-19
   3   3   4   1.35852925000E-02
   4   3   4  -1.51789750000E-03
   1   4   4   1.51789750000E-03
   2   4   4   0.00000000000E+00
   3   4   4  -1.51789750000E-03
   4   4   4   0.00000000000E+00
   2   2   1   1
   1   1   1   7.26568318750E-02
   2   1   1   9.68384437500E-03
   3   1   1  -3.08024281250E-02
   4   1   1   9.68384437500E-03
   1   2   1  -1.04882943750E-02
   2   2   1  -4.68095625000E-04
   3   2   1  -4.68095625000E-04
   4   2   1  -1.04882943750E-02
   1   3   1   9.00676875000E-04
   2   3   1  -9.55306875000E-04
   3   3   1   9.00676875000E-04
   4   3   1  -9.55306875000E-04
   1   4   1  -1.04882943750E-02
   2   4   1  -1.04882943750E-02
   3   4   1  -4.68095625000E-04
   4   4   1  -4.68095625000E-04
   1   1   2  -1.04882943750E-02
   2   1   2  -4.68095625000E-04
   3   1   2  -4.68095625000E-04
   4   1   2  -1.04882943750E-02
   1   2   2  -9.55306875000E-04
   2   2   2   3.53270256250E-02
   3   2   2  -9.55306875000E-04
   4   2   2  -2.94769243750E-02
   1   3   2  -4.68095625000E-04
   2   3   2  -4.68095625000E-04
   3   3   2   6.63753062500E-03
   4   3   2   6.63753062500E-03
   1   4   2   9.68384437500E-03
   2   4   2   1.43299562500E-03
   3   4   2  -1.02067656250E-02
   4   4   2   1.43299562500E-03
   1   1   3   9.00676875000E-04
   2   1   3  -9.55306875000E-04
   3   1   3   9.00676875000E-04
   4   1   3  -9.55306875000E-04
   1   2   3  -4.68095625000E-04
   2   2   3  -4.68095625000E-04
   3   2   3   6.63753062500E-03
   4   2   3   6.63753062500E-03
   1   3   3  -3.08024281250E-02
   2   3   3  -1.02067656250E-02
   3   3   3   1.59429118750E-02
   4   3   3  -1.02067656250E-02
   1   4   3  -4.68095625000E-04
   2   4   3   6.63753062500E-03
   3   4   3   6.63753062500E-03
   4   4   3  -4.68095625000E-04
   1   1   4  -1.04882943750E-02
   2   1   4  -1.04882943750E-02
   3   1   4  -4.68095625000E-04
   4   1   4  -4.68095625000E-04
   1   2   4   9.68384437500E-03
   2   2   4   1.43299562500E-03
   3   2   4  -1.02067656250E-02
   4   2   4   1.43299562500E-03
   1   3   4  -4.68095625000E-04
   2   3   4   6.63753062500E-03
   3   3   4   6.63753062500E-03
   4   3   4  -4.68095625000E-04
   1   4   4  -9.55306875000E-04
   2   4   4  -2.94769243750E-02
   3   4   4  -9.55306875000E-04
   4   4   4   3.53270256250E-02
   2   3   1   1
   1   1   1  -8.67361737988E-19
   2   1   1   1.08420217249E-19
   3   1   1   0.00000000000E+00
   4   1   1   1.08420217249E-19
   1   2   1  -2.08050175000E-02
   2   2   1  -1.51789750000E-03
   3   2   1   1.61348350000E-02
   4   2   1   1.08420217249E-19
   1   3   1   3.83260000000E-04
   2   3   1  -1.51789750000E-03
   3   3   1   0.00000000000E+00
   4   3   1  -1.51789750000E-03
   1   4   1  -2.08050175000E-02
   2   4   1   1.08420217249E-19
   3   4   1   1.61348350000E-02
   4   4   1  -1.51789750000E-03
   1   1   2   0.00000000000E+00
   2   1   2  -1.61348350000E-02
   3   1   2   1.51789750000E-03
   4   1   2   2.08050175000E-02
   1   2   2  -1.51789750000E-03
   2   2   2   0.00000000000E+00
   3   2   2   1.51789750000E-03
   4   2   2   0.00000000000E+00
   1   3   2  -1.51789750000E-03
   2   3   2  -1.61348350000E-02
   3   3   2   0.00000000000E+00
   4   3   2   1.35852925000E-02
   1   4   2  -1.08420217249E-19
   2   4   2   0.00000000000E+00
   3   4   2   1.08420217249E-19
   4   4   2   0.00000000000E+00
   1   1   3   8.67361737988E-19
   2   1   3   1.51789750000E-03
   3   1   3  -3.83260000000E-04
   4   1   3   1.51789750000E-03
   1   2   3   1.61348350000E-02
   2   2   3   1.51789750000E-03
   3   2   3  -1.35852925000E-02
   4   2   3  -1.08420217249E-19
   1   3   3   8.67361737988E-19
   2   3   3  -1.08420217249E-19
   3   3   3   0.00000000000E+00
   4   3   3  -1.08420217249E-19
   1   4   3   1.61348350000E-02
   2   4   3  -1.08420217249E-19
   3   4   3  -1.35852925000E-02
   4   4   3   1.51789750000E-03
   1   1   4   0.00000000000E+00
   2   1   4   2.08050175000E-02
   3   1   4   1.51789750000E-03
   4   1   4  -1.61348350000E-02
   1   2   4  -1.08420217249E-19
   2   2   4   0.00000000000E+00
   3   2   4   1.08420217249E-19
   4   2   4   0.00000000000E+00
   1   3   4  -1.51789750000E-03
   2   3   4   1.35852925000E-02
   3   3   4   0.00000000000E+00
   4   3   4  -1.61348350000E-02
   1   4   4  -1.51789750000E-03
   2   4   4   0.00000000000E+00
   3   4   4   1.51789750000E-03
   4   4   4   0.00000000000E+00
   3   1   1   1
   1   1   1  -8.67361737988E-19
   2   1   1   2.08050175000E-02
   3   1   1  -3.83260000000E-04
   4   1   1   2.08050175000E-02
   1   2   1  -1.08420217249E-19
   2   2   1   1.51789750000E-03
   3   2   1   1.51789750000E-03
   4   2   1   1.08420217249E-19
   1   3   1   8.67361737988E-19
   2   3   1  -1.61348350000E-02
   3   3   1   0.00000000000E+00
   4   3   1  -1.61348350000E-02
   1   4   1  -1.08420217249E-19
   2   4   1   1.08420217249E-19
   3   4   1   1.51789750000E-03
   4   4   1   1.51789750000E-03
   1   1   2   0.00000000000E+00
   2   1   2   1.51789750000E-03
   3   1   2   1.51789750000E-03
   4   1   2   1.08420217249E-19
   1   2   2   1.61348350000E-02
   2   2   2   0.00000000000E+00
   3   2   2   1.61348350000E-02
   4   2   2   0.00000000000E+00
   1   3   2  -1.51789750000E-03
   2   3   2  -1.51789750000E-03
   3   3   2   0.00000000000E+00
   4   3   2  -1.08420217249E-19
   1   4   2  -2.08050175000E-02
   2   4   2   0.00000000000E+00
   3   4   2  -1.35852925000E-02
   4   4   2   0.00000000000E+00
   1   1   3   8.67361737988E-19
   2   1   3  -1.61348350000E-02
   3   1   3   0.00000000000E+00
   4   1   3  -1.61348350000E-02
   1   2   3  -1.51789750000E-03
   2   2   3  -1.51789750000E-03
   3   2   3   1.08420217249E-19
   4   2   3  -1.08420217249E-19
   1   3   3   3.83260000000E-04
   2   3   3   1.35852925000E-02
   3   3   3   0.00000000000E+00
   4   3   3   1.35852925000E-02
   1   4   3  -1.51789750000E-03
   2   4   3  -1.08420217249E-19
   3   4   3   1.08420217249E-19
   4   4   3  -1.51789750000E-03
   1   1   4   0.00000000000E+00
   2   1   4   1.08420217249E-19
   3   1   4   1.51789750000E-03
   4   1   4   1.51789750000E-03
   1   2   4  -2.08050175000E-02
   2   2   4   0.00000000000E+00
   3   2   4  -1.35852925000E-02
   4   2   4   0.00000000000E+00
   1   3   4  -1.51789750000E-03
   2   3   4  -1.08420217249E-19
   3   3   4   0.00000000000E+00
   4   3   4  -1.51789750000E-03
   1   4   4   1.61348350000E-02
   2   4   4   0.00000000000E+00
   3   4   4   1.61348350000E-02
   4   4   4   0.00000000000E+00
   3   2   1   1
   1   1   1  -8.67361737988E-19
   2   1   1   1.08420217249E-19
   3   1   1   0.00000000000E+00
   4   1   1   1.08420217249E-19
   1   2   1  -2.08050175000E-02
   2   2   1  -1.51789750000E-03
   3   2   1   1.61348350000E-02
   4   2   1   1.08420217249E-19
   1   3   1   3.83260000000E-04
   2   3   1  -1.51789750000E-03
   3   3   1   0.00000000000E+00
   4   3   1  -1.51789750000E-03
   1   4   1  -2.08050175000E-02
   2   4   1   1.08420217249E-19
   3   4   1   1.61348350000E-02
   4   4   1  -1.51789750000E-03
   1   1   2   0.00000000000E+00
   2   1   2  -1.61348350000E-02
   3   1   2   1.51789750000E-03
   4   1   2   2.08050175000E-02
   1   2   2  -1.51789750000E-03
   2   2   2   0.00000000000E+00
   3   2   2   1.51789750000E-03
   4   2   2   0.00000000000E+00
   1   3   2  -1.51789750000E-03
   2   3   2  -1.61348350000E-02
   3   3   2   0.00000000000E+00
   4   3   2   1.35852925000E-02
   1   4   2  -1.08420217249E-19
   2   4   2   0.00000000000E+00
   3   4   2   1.08420217249E-19
   4   4   2   0.00000000000E+00
   1   1   3   8.67361737988E-19
   2   1   3   1.51789750000E-03
   3   1   3  -3.83260000000E-04
   4   1   3   1.51789750000E-03
   1   2   3   1.61348350000E-02
   2   2   3   1.51789750000E-03
   3   2   3  -1.35852925000E-02
   4   2   3  -1.08420217249E-19
   1   3   3   8.67361737988E-19
   2   3   3  -1.08420217249E-19
   3   3   3   0.00000000000E+00
   4   3   3  -1.08420217249E-19
   1   4   3   1.61348350000E-02
   2   4   3  -1.08420217249E-19
   3   4   3  -1.35852925000E-02
   4   4   3   1.51789750000E-03
   1   1   4   0.00000000000E+00
   2   1   4   2.08050175000E-02
   3   1   4   1.51789750000E-03
   4   1   4  -1.61348350000E-02
   1   2   4  -1.08420217249E-19
   2   2   4   0.00000000000E+00
   3   2   4   1.08420217249E-19
   4   2   4   0.00000000000E+00
   1   3   4  -1.51789750000E-03
   2   3   4   1.35852925000E-02
   3   3   4   0.00000000000E+00
   4   3   4  -1.61348350000E-02
   1   4   4  -1.51789750000E-03
   2   4   4   0.00000000000E+00
   3   4   4   1.51789750000E-03
   4   4   4   0.00000000000E+00
   3   3   1   1
   1   1   1   7.26568318750E-02
   2   1   1  -1.04882943750E-02
   3   1   1   9.00676875000E-04
   4   1   1  -1.04882943750E-02
   1   2   1  -1.04882943750E-02
   2   2   1  -9.55306875000E-04
   3   2   1  -4.68095625000E-04
   4   2   1   9.68384437500E-03
   1   3   1   9.00676875000E-04
   2   3   1  -4.68095625000E-04
   3   3   1  -3.08024281250E-02
   4   3   1  -4.68095625000E-04
   1   4   1  -1.04882943750E-02
   2   4   1   9.68384437500E-03
   3   4   1  -4.68095625000E-04
   4   4   1  -9.55306875000E-04
   1   1   2   9.68384437500E-03
   2   1   2  -4.68095625000E-04
   3   1   2  -9.55306875000E-04
   4   1   2  -1.04882943750E-02
   1   2   2  -4.68095625000E-04
   2   2   2   3.53270256250E-02
   3   2   2  -4.68095625000E-04
   4   2   2   1.43299562500E-03
   1   3   2  -9.55306875000E-04
   2   3   2  -4.68095625000E-04
   3   3   2  -1.02067656250E-02
   4   3   2   6.63753062500E-03
   1   4   2  -1.04882943750E-02
   2   4   2   1.43299562500E-03
   3   4   2   6.63753062500E-03
   4   4   2  -2.94769243750E-02
   1   1   3  -3.08024281250E-02
   2   1   3  -4.68095625000E-04
   3   1   3   9.00676875000E-04
   4   1   3  -4.68095625000E-04
   1   2   3  -4.68095625000E-04
   2   2   3  -9.55306875000E-04
   3   2   3   6.63753062500E-03
   4   2   3  -1.02067656250E-02
   1   3   3   9.00676875000E-04
   2   3   3   6.63753062500E-03
   3   3   3   1.59429118750E-02
   4   3   3   6.63753062500E-03
   1   4   3  -4.68095625000E-04
   2   4   3  -1.02067656250E-02
   3   4   3   6.63753062500E-03
   4   4   3  -9.55306875000E-04
   1   1   4   9.68384437500E-03
   2   1   4  -1.04882943750E-02
   3   1   4  -9.55306875000E-04
   4   1   4  -4.68095625000E-04
   1   2   4  -1.04882943750E-02
   2   2   4  -2.94769243750E-02
   3   2   4   6.63753062500E-03
   4   2   4   1.43299562500E-03
   1   3   4  -9.55306875000E-04
   2   3   4   6.63753062500E-03
   3   3   4  -1.02067656250E-02
   4   3   4  -4.68095625000E-04
   1   4   4  -4.68095625000E-04
   2   4   4   1.43299562500E-03
   3   4   4  -4.68095625000E-04
   4   4   4   3.53270256250E-02
