 AAAAAA
 (-3.479450206073006E-003,-4.153741461144817E-003)
 (-8.523717781778347E-003,-9.014013411645276E-004)
 (5.546468480840906E-004,-8.856297633008846E-003)
 (-9.324609779040993E-003,-6.400019310829819E-004)
 (4.963684210931721E-005,1.274098656242181E-004)
 (-9.511600942973389E-003,-5.525292556415219E-004)
 (-4.731875055452106E-005,2.745653304051375E-004)
 (-8.553412583900945E-003,-1.006527566772746E-002)
 (-7.328289804764175E-003,-8.848074421248103E-003)
 (-7.902885155143350E-003,-7.469070149263692E-004)
 (-2.621640615050116E-004,1.360434395490879E-004)
 (6.540223344207534E-004,-6.965882040398956E-003)
 (2.897384433818515E-006,9.139196748873531E-005)
 (1.707388110603904E-004,-1.509679497513060E-004)
 (7.759450427583079E-004,-6.016868367976503E-003)
 (-5.375702383016547E-003,-6.028838505898447E-003)
 (3.605762675791394E-004,-4.119721789778342E-003)
 (6.287908143344941E-004,-4.253382657234307E-003)
 (-3.818992701515661E-003,-4.527478347574804E-003)
 (3.220631120468718E-004,-3.586119710633888E-003)
 (2.072950496417761E-004,-3.257160971283426E-003)
 (-3.179450944194023E-003,-3.162464844941044E-004)
 (-2.275037271918780E-003,-2.693016226201823E-003)
 (1.529087518356402E-004,-2.443592122150055E-003)
 (-1.967492895410566E-003,-2.247116488587130E-003)
 (-2.104233952668138E-003,-8.178285911736779E-005)
 (-1.992721191072268E-003,-1.485897196823636E-004)
 (1.467882442407747E-005,-2.794049284734795E-005)
 (1.726462852867954E-004,-1.798735994007478E-003)
 (1.300319308822044E-004,-1.591128538314187E-003)
 (2.969773021791811E-005,-4.127531651251584E-006)
 (6.656071927731177E-005,2.505717524240075E-005)
 (-4.212415301453447E-005,-8.571274422708471E-006)
 (-1.188580830889942E-003,-1.402384197725790E-003)
 (-1.193877969786113E-003,-1.425685444569429E-003)
 (-9.054490987650816E-004,-1.089338392119874E-003)
 (1.933007547127931E-005,-3.388424274144937E-005)
 (7.726580119832245E-005,-9.136956337722929E-004)
 (-7.684470965130177E-004,-8.753459077322952E-005)
 (1.490207714161196E-005,3.035303276874676E-005)
 (8.171721387538174E-005,-6.502082650584767E-004)
 (5.372950119200264E-006,3.535245902822158E-006)
 (0.000000000000000E+000,0.000000000000000E+000)
 (0.000000000000000E+000,0.000000000000000E+000)
 (-4.289890327978933E-003,1.467887005451873E-003)
 (7.999494809429122E-003,-1.069358608935455E-002)
 (3.863350591603599E-003,2.416118565645242E-003)
 (-1.323523416382955E-002,1.693884621986639E-002)
 (-3.809687283850074E-005,3.287766613592301E-003)
 (-2.447900666425591E-002,3.233573672981915E-002)
 (4.476423166296026E-003,3.635206473056998E-002)
 (3.183733490049047E-004,-3.406358448094509E-004)
 (-6.140346635012877E-003,5.632176334995565E-004)
 (-1.844040000427263E-003,1.991446440569896E-003)
 (9.635032649774004E-004,6.711194011811471E-003)
 (3.801533940758073E-003,3.179360550180525E-003)
 (1.079569769598664E-003,8.932400134361593E-003)
 (1.146777897045571E-003,9.702082807489392E-003)
 (4.080433917246810E-003,3.303775220450701E-003)
 (-1.133746034588015E-003,1.241480602575924E-004)
 (2.405738009126046E-003,1.812056120018785E-003)
 (2.523240245116189E-003,1.899224031130642E-003)
 (-1.309371232966305E-003,1.216380727761865E-004)
 (1.770230467971338E-003,1.531122702058366E-003)
 (1.521339786950310E-003,1.111796968915110E-003)
 (-1.128336348423046E-003,1.748511840101160E-003)
 (-1.003239443780239E-003,1.474209994982822E-004)
 (1.660734850411108E-003,1.247944694104286E-003)
 (-4.777398405709283E-004,1.783816614562577E-005)
 (-1.730869647909090E-003,2.349338695090260E-003)
 (-1.818331945589356E-003,2.254611356095013E-003)
 (3.379898073854606E-004,2.794994027710219E-003)
 (8.330143824035197E-004,6.466595512342320E-004)
 (5.774608336739661E-004,5.179625675364573E-004)
 (1.161798713508632E-004,1.128897008206923E-003)
 (1.416539680403398E-004,1.127599445738624E-003)
 (-8.920192471643289E-005,9.400213664196720E-005)
 (-9.072924002673302E-004,1.659558580479163E-004)
 (-8.749914402332178E-004,1.026655541545857E-004)
 (2.315610909673474E-004,-2.120737817049441E-006)
 (2.659397582565290E-004,2.006941467301387E-003)
 (5.228049342536339E-004,4.222092460314506E-004)
 (-2.969117635531949E-004,3.447688194732731E-004)
 (1.227528125983834E-004,8.665242542500735E-004)
 (1.151364065567298E-004,1.314901722571681E-004)
 (5.980046691013300E-005,2.439757426268692E-004)
 (0.000000000000000E+000,0.000000000000000E+000)
 (0.000000000000000E+000,0.000000000000000E+000)
 (-1.435050988230716E-002,-2.042794065372440E-002)
 (-1.855806326799865E-002,-3.086224996663936E-003)
 (2.521009283583912E-002,-3.203311682964064E-002)
 (1.350979286659927E-002,-5.585822722767732E-003)
 (-3.441497485366396E-002,4.553375722832833E-003)
 (5.808072962680995E-004,5.878166857418818E-003)
 (-5.558547427028885E-004,1.392837960042894E-004)
 (3.074022842154041E-003,1.320512458858789E-003)
 (1.379989932788536E-003,-1.606374680113653E-003)
 (-1.269198528998811E-003,-1.169932727638580E-003)
 (-3.424396645274847E-003,-9.456644788829339E-004)
 (-3.420057669084654E-003,2.833567405160569E-003)
 (3.383880131577821E-003,3.302875957500047E-004)
 (-3.841994405727341E-004,-2.079277725543650E-003)
 (-8.787547011770072E-004,1.506843892548459E-004)
 (1.788967183189101E-004,-2.187099559331935E-005)
 (-3.128955674317603E-004,-1.831034918149231E-004)
 (3.771453875749689E-004,-1.236053618759407E-004)
 (-2.290028328730163E-005,2.440949913485753E-005)
 (-1.529014517825179E-003,2.513435721613466E-004)
 (-1.122949189020364E-003,1.289429711062848E-004)
 (-4.090978764918998E-005,-1.086287946786290E-004)
 (1.183215126055629E-004,-4.661562476224018E-004)
 (-4.143052828596408E-004,-1.874400411956371E-004)
 (1.307005215883795E-004,-1.233641511468693E-004)
 (-3.275460222791499E-004,-4.985358236270722E-004)
 (-4.556832105416129E-004,-1.620556130041418E-004)
 (-6.922929527836279E-004,8.068909983539411E-004)
 (7.865259995100357E-004,4.287466494413560E-004)
 (-3.864628765314853E-004,9.381003107593976E-004)
 (-1.058861589990020E-003,-8.333597173545297E-004)
 (-1.440490006114404E-003,1.686142950843470E-004)
 (3.655239934720875E-004,3.029856335381992E-004)
 (2.923775965179300E-004,-5.397796451886463E-004)
 (1.845224469872272E-004,5.304276411115009E-004)
 (2.063239671385842E-004,2.041227663212332E-004)
 (-4.252911203024936E-004,-1.051985747017684E-003)
 (4.476123528803625E-004,1.019836183463323E-003)
 (-3.597123600381132E-004,-3.738257492590036E-004)
 (-7.629518853720428E-004,-5.931688698210380E-004)
 (-1.616711667516568E-004,2.987927885751212E-005)
 (-2.578480590149176E-004,-2.117665562349762E-004)
 (0.000000000000000E+000,0.000000000000000E+000)
 (0.000000000000000E+000,0.000000000000000E+000)
 (-1.606098827936663E-002,-2.277354847126101E-002)
 (-2.045111809399077E-002,-3.536951110623448E-003)
 (-1.108833543852430E-002,-3.025255410165589E-002)
 (1.478668370354258E-002,1.234549950051244E-002)
 (-1.182498752042474E-002,2.523740347289408E-002)
 (-4.589412191147463E-004,-6.415137634763228E-003)
 (5.617604584769701E-004,1.633524306084173E-004)
 (6.827097778037924E-004,4.264120590237163E-003)
 (-1.191920386310147E-003,1.352281367447986E-003)
 (-1.049500627232422E-003,6.129875273802007E-004)
 (7.510432842451722E-004,2.438569695379770E-003)
 (2.389242842506246E-003,2.080678215857249E-003)
 (7.027677529661161E-005,-2.667990121578004E-003)
 (2.875652294812654E-003,2.027951082810068E-004)
 (9.167061842459995E-004,-1.438938788974613E-004)
 (8.455951476156077E-005,1.658760474697862E-004)
 (4.013813325617025E-004,-3.666432705063259E-004)
 (-2.859969050302244E-004,-1.452137374889907E-004)
 (5.441913399378175E-005,-9.000219826673048E-005)
 (1.448982501787879E-003,-2.473373829440595E-004)
 (1.062098754204603E-003,-1.195580907074065E-004)
 (1.395066692489667E-005,3.401773843999566E-005)
 (-2.883403279726087E-004,6.013382112776924E-005)
 (5.027707922209326E-004,-3.326913420829775E-004)
 (-9.901059702389594E-005,1.113812162914509E-004)
 (-1.765173305334358E-004,3.644022654100679E-004)
 (-4.464301268198888E-004,-1.089439667593669E-004)
 (-1.157361897386900E-003,4.184000909255425E-004)
 (-9.775931084565568E-004,5.962718034469688E-004)
 (5.991134107981248E-006,9.242209627488197E-004)
 (9.753633468412683E-004,7.800211531382822E-004)
 (-4.413744962283770E-004,1.040059926381116E-003)
 (-3.639834672365912E-004,-2.962113814209177E-004)
 (-3.953141860651643E-004,2.849968723206068E-004)
 (4.028539209121633E-004,3.094636811923417E-004)
 (1.767405728779441E-004,2.842861232270008E-004)
 (1.386367023788639E-003,2.852197730257853E-004)
 (-8.080381039835368E-004,1.220395119925364E-003)
 (-3.016850931781797E-004,2.420432036203535E-004)
 (7.057968639252001E-004,5.570971858832425E-004)
 (1.644018701298254E-004,-3.291460705669229E-005)
 (2.212603208344550E-004,1.993943500148320E-004)
 (0.000000000000000E+000,0.000000000000000E+000)
 (0.000000000000000E+000,0.000000000000000E+000)
 AAAAAA
 (-8.226100741442841E-003,-2.949465582949669E-003)
 (-3.513045395434300E-003,-8.092187078429463E-003)
 (-3.782998938329715E-005,1.089030437755739E-006)
 (3.649158008347511E-003,-9.325921494910025E-003)
 (-9.113402978471000E-003,-3.716978801776280E-003)
 (-8.815313163127144E-003,-3.583457594584710E-003)
 (-6.327892219462392E-003,-1.386146442171366E-002)
 (1.510642987937079E-005,4.702475027089483E-004)
 (-8.800623563787129E-003,-3.526661399586555E-003)
 (-4.555450212086625E-003,-1.110518566425180E-002)
 (-2.120796742995554E-004,-4.809860571978845E-005)
 (2.608238761617954E-003,-7.186833283980705E-003)
 (-6.762877234828225E-005,3.281288450979439E-004)
 (-4.144758347113451E-003,-9.046526754255147E-003)
 (2.146161514958641E-003,-5.360137759810565E-003)
 (-8.517899052822280E-005,1.060030479811285E-004)
 (2.161005189409667E-003,-5.071157843942074E-003)
 (1.752861825306054E-003,-4.418114879061161E-003)
 (-2.471558533452814E-003,-5.332370389551670E-003)
 (1.585933487953380E-003,-3.620410449155741E-003)
 (1.206071216397585E-003,-3.098236967954756E-003)
 (1.052704061180192E-003,-2.777232316472314E-003)
 (-2.867161576379486E-003,-1.026618064956472E-003)
 (-1.409081891359822E-003,-3.410262576943387E-003)
 (-2.183433119288401E-003,-7.866000963073245E-004)
 (-1.865189170071402E-003,-6.741478639142667E-004)
 (-1.094812647504067E-003,-2.489023475564359E-003)
 (1.624747537327996E-005,3.622647554006982E-005)
 (1.890018382473004E-005,8.757938726846009E-006)
 (5.148183174886916E-004,-1.415325207666813E-003)
 (-7.662140020206282E-004,-1.764913354724622E-003)
 (4.734346572694374E-004,-1.297762642821456E-003)
 (-2.557315296604508E-006,1.526907985011284E-005)
 (7.120641064723549E-006,-3.057529451290752E-005)
 (-7.606960229932912E-004,-1.563606877372152E-003)
 (5.710877629792649E-006,1.448304383725178E-005)
 (-2.185325432778741E-006,2.605837116366071E-005)
 (-4.142045304497893E-004,-9.999485831083119E-004)
 (2.549065720412306E-004,-6.544621636336836E-004)
 (-6.287166539722921E-004,-2.250079944974336E-004)
 (-6.192035251666858E-004,-2.246870393908711E-004)
 (3.456350269711228E-006,1.801041146262753E-006)
 (2.129009595474966E-004,-5.492323957066192E-004)
 (0.000000000000000E+000,0.000000000000000E+000)
 (-1.049514613139069E-002,1.740069079686939E-002)
 (-2.283872363556143E-003,1.438215230123187E-003)
 (-1.030152089868360E-003,-3.171707448378766E-003)
 (-1.145818857485511E-002,-5.807133648415600E-003)
 (1.530036217315905E-002,-2.870155576688443E-002)
 (9.855110734789417E-003,-1.822565515779264E-002)
 (1.443770487586086E-003,-6.939790456731805E-004)
 (-8.258633629454519E-003,-2.780067535159144E-002)
 (1.324709380251523E-003,-2.617600207491542E-003)
 (5.318054753372835E-003,-1.579939022259756E-003)
 (-3.110700238698065E-003,-9.143726549884020E-003)
 (-5.937933564565350E-003,-3.239110465127610E-003)
 (-3.312287805060694E-003,-1.117925435275188E-002)
 (1.345338628105640E-003,-5.525032540584229E-004)
 (-5.066444595905929E-003,-2.919385000183018E-003)
 (-3.000985533309259E-003,-9.309454002542149E-003)
 (-3.666380521127745E-003,-1.916117597013001E-003)
 (-3.487393754791740E-003,-1.637440632627634E-003)
 (9.913184461519961E-004,-3.588891947657567E-004)
 (-3.021133964581879E-003,-1.585008437451102E-003)
 (-2.357186849840030E-003,-1.285866924734518E-003)
 (-3.005106972847568E-003,-1.550128731148070E-003)
 (1.262159691810330E-003,-2.456944667805968E-003)
 (9.376994807349143E-004,-3.161615486476139E-004)
 (1.653366060191706E-003,-2.926468417883303E-003)
 (1.269671157632941E-003,-2.501169844865513E-003)
 (2.571965462529708E-004,-3.908663502617945E-005)
 (-5.549212602214437E-004,-1.807322472719257E-003)
 (-7.261408356559417E-004,-2.241060788473331E-003)
 (-6.600603039645276E-004,-3.308755539160717E-004)
 (7.864011503325955E-004,-1.877829546133951E-004)
 (-5.521383410117999E-004,-2.654928395194892E-004)
 (-2.878472316707735E-004,-1.033254854315918E-003)
 (-9.135899089013220E-004,-3.032330974996176E-003)
 (8.249121560818431E-004,-2.652313212842281E-004)
 (-1.315066656817105E-004,-4.550354460935554E-004)
 (-3.745570474714563E-004,-1.234442265975229E-003)
 (1.217160635872585E-004,7.851436233884590E-006)
 (-3.675607157792811E-004,-1.691064827760379E-004)
 (3.090194504167213E-004,-5.604471026138401E-004)
 (7.050699836513818E-004,-1.281608211951791E-003)
 (-4.330990236524828E-004,-1.420281579262927E-003)
 (-3.121581105005920E-004,-1.838104364000820E-004)
 (0.000000000000000E+000,0.000000000000000E+000)
 (-7.134597968759045E-003,-4.646151172729945E-003)
 (-8.819194994004187E-004,-1.945258949781685E-002)
 (-3.878324267707784E-002,1.655702921126920E-004)
 (2.461782229007309E-002,-2.545805326437870E-002)
 (2.628702082612358E-003,2.495856628256769E-003)
 (6.532174824817496E-004,-4.454413918726806E-004)
 (6.337020479654776E-005,-4.177849038823128E-005)
 (6.732414492410679E-006,-3.171149218982117E-004)
 (-5.998074615568446E-004,-9.614927847746952E-004)
 (1.015220769223888E-004,-3.445484653544725E-003)
 (-4.942956467170440E-003,-1.672433299321265E-004)
 (-4.593637195989749E-003,4.303900527968887E-003)
 (3.112812800378798E-003,-1.723402604874017E-004)
 (6.694342712685217E-005,2.488610256351493E-004)
 (-8.176947501582814E-004,6.659562481297629E-004)
 (-7.384611833709570E-004,-2.075817090822935E-004)
 (1.607033892615060E-004,-2.190739072868436E-004)
 (-3.271006763320396E-005,-4.766954452730933E-005)
 (8.984524745942073E-006,4.400082637198959E-004)
 (-1.329919673335351E-003,1.218454154776975E-003)
 (-1.017297222224242E-003,9.256785187972712E-004)
 (-5.383913081167351E-004,4.723992726374113E-004)
 (4.496543124741021E-005,-2.980448518786771E-005)
 (2.322457588041916E-005,-7.555779890817213E-004)
 (-1.287275369384044E-004,-2.099257137830771E-004)
 (-8.149399700177747E-005,-9.989670063177258E-005)
 (8.236236849272624E-006,-3.580573765844921E-004)
 (-1.313683568222855E-003,-9.484577725524365E-005)
 (-4.215766590500401E-004,3.982847281031442E-005)
 (7.529834283775821E-004,-6.770191220153991E-004)
 (2.965967953559242E-005,-1.135595330187777E-003)
 (-7.956076024828466E-004,8.194796798194294E-004)
 (-1.394749016886154E-003,6.496897016146119E-006)
 (-9.603879568996108E-004,-1.007029550054121E-004)
 (1.332254349317393E-005,9.417785401795654E-004)
 (4.252853532272393E-004,-2.305454763307374E-006)
 (-1.123438350903655E-003,-9.320275235383382E-005)
 (4.953429008076153E-006,1.363370733693047E-004)
 (-2.015587433054667E-006,3.238758768853044E-005)
 (-9.462174691661067E-005,-1.232791849864245E-004)
 (8.400412318545732E-005,6.195307684428679E-005)
 (-3.105679001667273E-004,-3.375297983437290E-005)
 (-1.305927093615466E-004,1.187827638509949E-004)
 (0.000000000000000E+000,0.000000000000000E+000)
 (5.849931068945736E-003,-2.361939241431105E-002)
 (7.695420953554820E-003,-6.339530696676475E-003)
 (-7.032578645204861E-003,-7.663858392510486E-003)
 (2.536545182292057E-002,4.577792135915170E-003)
 (2.504479066244887E-003,-1.249804182964038E-002)
 (-3.615632034734598E-003,1.729926836998132E-002)
 (-3.309346740042619E-004,4.979357128416483E-004)
 (2.223506297313913E-003,4.732016803964163E-003)
 (-7.742310615835449E-004,5.613183374839022E-003)
 (6.232390809200132E-003,-3.699896718734990E-003)
 (4.471563208302299E-003,6.809844741814491E-003)
 (6.817279418988836E-003,1.851693241254699E-003)
 (3.784489837688672E-003,6.065355658707250E-003)
 (2.410740217945725E-003,-1.390754303652496E-003)
 (6.291522990916061E-003,1.664152733993993E-003)
 (3.445249652743570E-003,5.311156027198595E-003)
 (4.232987644122598E-003,1.096479836566788E-003)
 (4.451018636699857E-003,9.842969556864538E-004)
 (1.448939128563137E-003,-8.235163579069559E-004)
 (4.194294050918458E-003,1.118337511209542E-003)
 (3.357493326472048E-003,8.506523288443717E-004)
 (3.815951610638676E-003,9.022911890477153E-004)
 (-2.193796888615197E-004,1.212495988578550E-003)
 (1.254769261895079E-003,-6.795498565897772E-004)
 (-8.850669974696249E-005,2.479871585584212E-004)
 (1.636852935608047E-004,-6.322202159502298E-004)
 (5.336022710470590E-004,-3.024210558764577E-004)
 (1.159680491263313E-003,1.929454314650613E-003)
 (-2.837293712287546E-004,-4.260511260206327E-004)
 (1.569588180599781E-004,1.210803179130162E-005)
 (8.448533070452990E-004,-6.178881155137246E-004)
 (2.793336246879690E-004,7.501923619048688E-005)
 (1.820558315463488E-004,3.644533807963441E-004)
 (1.342107801888451E-003,2.120194065229986E-003)
 (8.032459933492076E-004,-4.782667508926276E-004)
 (5.506887751032291E-004,8.778912013046277E-004)
 (6.887955326457678E-004,1.210172952383442E-003)
 (1.006180800165736E-004,-4.418208869340584E-005)
 (4.684710098777953E-005,2.250241595386649E-005)
 (-3.153719346166099E-005,1.631523707937261E-004)
 (2.107331314327588E-007,-6.851463012449822E-005)
 (3.921979801811149E-004,6.363584340076295E-004)
 (4.982545864439696E-004,1.424054096278137E-004)
 (0.000000000000000E+000,0.000000000000000E+000)
 AAAAAA
 (-8.683296776659409E-003,-2.707331242805134E-003)
 (-1.763284213666147E-004,6.147001269907800E-005)
 (-4.701866236639707E-003,-8.855719297153843E-003)
 (-8.466060248656631E-003,-1.667954393163806E-002)
 (3.024227868327273E-003,-9.051222147768340E-003)
 (-9.624000687332282E-003,-3.253014108846672E-003)
 (-8.872652009957200E-003,-2.825780038500522E-003)
 (-1.057121807849267E-002,-3.666082458438670E-003)
 (-1.080608319709747E-003,3.458244719944043E-004)
 (-2.976401104602525E-004,-4.794975311142157E-005)
 (-5.568047146038903E-003,-1.101865539735256E-002)
 (2.775172083048928E-003,-8.001942544097470E-003)
 (-5.475745051619988E-003,-1.104207989296156E-002)
 (-4.554225820341405E-004,-7.677017128765364E-005)
 (1.955185084993186E-003,-6.522995480205400E-003)
 (1.547781095300532E-003,-4.983751177010952E-003)
 (-1.146749103111975E-004,8.583151796183637E-006)
 (1.657907503318503E-003,-4.706870171094530E-003)
 (1.181077276127470E-003,-4.010539089469373E-003)
 (1.151111849911638E-003,-3.495439090414559E-003)
 (-2.442406666585400E-003,-4.885811760263538E-003)
 (1.099093140147395E-003,-3.230924845646430E-003)
 (-1.833474417373556E-003,-3.411708044886373E-003)
 (-2.661249646284883E-003,-8.293229506964202E-004)
 (-2.329717349242102E-003,-8.244156525441470E-004)
 (-7.784181248339332E-005,3.741526334721909E-005)
 (-1.811905069689282E-003,-6.330788681378790E-004)
 (6.460272919576603E-006,3.300433182308138E-005)
 (-1.047542250469247E-003,-2.166087521546158E-003)
 (-9.170636102612836E-004,-1.825349303154230E-003)
 (-1.009977344495511E-004,-1.839460093877967E-005)
 (4.098531612032251E-004,-1.185766856088744E-003)
 (-7.416782761836480E-004,-1.529039881367123E-003)
 (-4.644130514586093E-005,4.840194979784693E-005)
 (3.361979600110231E-004,-1.145814400893467E-003)
 (2.146475693223982E-005,-5.656589730542437E-007)
 (2.601801383974808E-005,6.390173731376505E-006)
 (-8.272658074761169E-004,-3.229308538227137E-004)
 (-3.974826625444708E-005,4.039384161589948E-005)
 (-5.801066704939114E-005,7.705522923701839E-006)
 (-3.530663846247790E-004,-7.111589071231257E-004)
 (0.000000000000000E+000,0.000000000000000E+000)
 (0.000000000000000E+000,0.000000000000000E+000)
 (0.000000000000000E+000,0.000000000000000E+000)
 (-1.105107164356548E-002,3.077232117667677E-002)
 (-1.163634070156008E-003,-2.144872249947506E-003)
 (-1.600609174599505E-003,3.223998585432333E-004)
 (-7.552137345950838E-005,5.765912649112297E-004)
 (-1.693858123969754E-002,-5.426152603197573E-003)
 (6.704570363463934E-003,-2.229704289485825E-002)
 (5.522460676054261E-003,-1.752357915067540E-002)
 (1.333454585163287E-003,-3.459601769146912E-003)
 (-1.018120081248469E-002,-2.025513521390925E-002)
 (-5.530111304100850E-003,-1.127185163090865E-002)
 (2.058250464896491E-003,-1.426481959412897E-003)
 (-9.004983685335874E-003,-3.447570146082603E-003)
 (-4.834861063744266E-005,-6.982227091276161E-005)
 (-5.612760810363411E-003,-1.139545079825670E-002)
 (-6.710021458121326E-003,-2.329553157944250E-003)
 (-6.117222108480355E-003,-2.038931064138549E-003)
 (-4.020894068859958E-003,-7.873394556560640E-003)
 (-5.320208132033357E-003,-1.793644372048491E-003)
 (-4.588857298276838E-003,-1.697799581773576E-003)
 (-4.812989508055873E-003,-1.727513853772531E-003)
 (1.734699412748054E-005,-1.742820476740934E-004)
 (-3.388652134159776E-003,-1.111986316832783E-003)
 (2.231043381906125E-004,-1.812718030275433E-004)
 (9.721317354094397E-004,-2.762193034487137E-003)
 (1.004925623672359E-003,-3.126692056672579E-003)
 (-1.720712389773826E-003,-3.427579733036642E-003)
 (5.875598474453208E-004,-1.958287009736957E-003)
 (-1.154409259676381E-003,-2.219009785706245E-003)
 (-1.129390749370846E-004,5.355767141363528E-005)
 (3.344923419437406E-004,-1.704195044688729E-004)
 (-7.767605206247215E-004,-1.490961180149285E-003)
 (-7.453612938293559E-004,-2.898580700807550E-004)
 (2.998370471803135E-004,-2.002578939492340E-004)
 (-4.484750821894972E-004,-9.471186377216272E-004)
 (-6.492715356125052E-004,-2.467330292506697E-004)
 (-3.661272081457228E-004,-8.278764411983285E-004)
 (-7.842871621808058E-004,-1.525194034353889E-003)
 (5.767414423990481E-004,-1.672119945592514E-003)
 (-9.983377582861309E-004,-1.869384966499394E-003)
 (-6.985725186109163E-004,-1.350965611136051E-003)
 (1.739301425365321E-004,-9.158194881488232E-005)
 (0.000000000000000E+000,0.000000000000000E+000)
 (0.000000000000000E+000,0.000000000000000E+000)
 (0.000000000000000E+000,0.000000000000000E+000)
 (-1.860750308021577E-003,2.256011285064632E-002)
 (5.511662106606125E-003,3.996288242595467E-003)
 (-1.413941739715803E-003,1.179251729350902E-003)
 (3.578661550952041E-004,2.587324765663205E-004)
 (-1.445274147168855E-002,7.362870041457875E-004)
 (-2.413786064421023E-005,1.505698009539936E-002)
 (1.792890272292651E-004,-7.545746077188603E-003)
 (-3.864720234330575E-004,-8.552720319062242E-003)
 (-4.926424616402319E-004,-2.318225402502345E-004)
 (-5.319836859637418E-003,-4.738304963195719E-003)
 (-4.850755672681507E-003,5.458467833741589E-003)
 (-5.803277464798923E-003,2.370525058869245E-004)
 (-1.261750214064959E-003,1.506259358384312E-003)
 (-3.076016076919920E-003,-2.574497694112447E-003)
 (-3.583269509871730E-003,3.572013858582793E-004)
 (-3.889299635488511E-003,3.388457324204504E-004)
 (-1.863530637736524E-003,-1.575790889957551E-003)
 (-3.418127601744424E-003,2.262467551365127E-004)
 (-3.096699996756853E-003,2.552534577666015E-004)
 (-3.251195849381246E-003,2.211905048401867E-004)
 (-5.950338662175093E-004,7.044212174667572E-004)
 (-2.287820374500908E-003,1.704268638377743E-004)
 (-8.412792756932558E-004,1.025691828660432E-003)
 (3.338502944549325E-005,-5.500655051466474E-004)
 (-1.528372606707765E-005,2.760076646305025E-004)
 (-1.072531952903288E-003,-9.651001528346392E-004)
 (4.021724105361205E-005,1.317732722445658E-003)
 (-1.222167845756856E-003,-1.111580881093238E-003)
 (-1.365632608103578E-005,5.897898322679428E-005)
 (-7.107512470178818E-004,8.426668241948773E-004)
 (6.312546568395600E-004,7.020975644930569E-004)
 (-2.931264018132807E-005,1.916849669047869E-005)
 (-7.070770712071093E-004,7.967646885496560E-004)
 (-2.088201194777588E-004,-1.787046208486658E-004)
 (-2.070232799044298E-004,5.204025366278354E-005)
 (-5.434753490533720E-004,-4.853577579892883E-004)
 (-8.084492811917521E-004,-7.146542059027654E-004)
 (5.400042893893565E-006,5.889844242584327E-004)
 (-3.637225676955674E-004,-2.958257085513378E-004)
 (-1.236060315158946E-004,-8.555544725736033E-005)
 (-3.991293764286606E-004,4.461123409375107E-004)
 (0.000000000000000E+000,0.000000000000000E+000)
 (0.000000000000000E+000,0.000000000000000E+000)
 (0.000000000000000E+000,0.000000000000000E+000)
 (-6.122074195504817E-003,-2.541447706965442E-003)
 (-3.622049870958089E-002,1.973332359739650E-002)
 (-7.176365385748685E-003,-1.203341089998494E-002)
 (1.381916843109012E-004,-6.055258135738098E-005)
 (7.432249182070983E-003,-2.624911082192094E-002)
 (5.902885141708399E-004,3.274666001096932E-004)
 (2.146388984522515E-004,1.153942536139972E-004)
 (-5.402538888294495E-004,-1.499540587323952E-004)
 (3.260349884059898E-004,-7.488794851545993E-005)
 (-4.144075735197367E-003,2.467194072577314E-003)
 (-1.651486203000899E-003,-3.302327614514688E-003)
 (-1.648317310383624E-003,5.454495294760372E-003)
 (3.558182689055371E-005,-1.902242750282357E-005)
 (2.358782823160768E-003,-1.315846574198701E-003)
 (2.691027298565561E-004,-9.353311373011754E-004)
 (-4.712575188132183E-005,1.069791868279031E-004)
 (8.013892593601169E-005,-3.344206949128716E-005)
 (3.386664508407712E-005,-1.398706291906962E-004)
 (-3.579934913597248E-004,1.177814685782820E-003)
 (-1.355255955857256E-004,3.745921747642683E-004)
 (1.323137084356323E-004,3.312092582964786E-004)
 (-2.436470558819380E-004,9.095420225814254E-004)
 (-4.285984470996795E-004,-7.182786810904019E-004)
 (5.341697607508459E-005,3.048263702473911E-005)
 (-1.039066530635940E-004,-5.099810066243949E-006)
 (-4.917682162081436E-004,2.605738571172357E-004)
 (-8.803640511630009E-005,-2.988326383038702E-005)
 (-8.888923556720570E-004,4.713475223034476E-004)
 (-2.579337806972867E-004,-5.147981573031535E-004)
 (-5.992944610679041E-004,-1.082168397881866E-003)
 (-3.373629627445778E-004,1.890931352935477E-004)
 (2.723445126663425E-004,-8.628783356056737E-004)
 (3.849681763340945E-004,6.667637032836005E-004)
 (-8.060876878633030E-004,4.747095454850827E-004)
 (-1.895439912340247E-004,7.385451053919293E-004)
 (2.711773274417172E-004,-1.267742050693834E-004)
 (-8.976627412414957E-004,4.998552545982031E-004)
 (4.630940301811401E-005,1.634553279937671E-005)
 (-3.525878472057778E-004,1.924848544193274E-004)
 (3.633355610403339E-004,-2.061232936602296E-004)
 (-4.906218671964241E-005,-8.520809726877162E-005)
 (0.000000000000000E+000,0.000000000000000E+000)
 (0.000000000000000E+000,0.000000000000000E+000)
 (0.000000000000000E+000,0.000000000000000E+000)
 AAAAAA
 (-9.829568053727113E-003,-5.009581542069950E-003)
 (-8.226085390681192E-004,6.201508442533919E-004)
 (-9.615158167109204E-003,-2.500015571572229E-002)
 (-3.508802623633093E-003,-9.369182309057807E-003)
 (3.774952905726769E-003,-7.382761056913012E-003)
 (-1.294586077286153E-002,-5.047286044895755E-003)
 (-1.080465077171498E-002,-4.609261705643577E-003)
 (-8.197885291032318E-004,3.580802093931168E-004)
 (-8.469371876738326E-003,-3.689728339088494E-003)
 (-5.766755135521649E-003,-1.504795537211441E-002)
 (-1.454081686928240E-003,9.259164447789868E-004)
 (-4.721225198624941E-003,-1.190547178464701E-002)
 (3.603895219142552E-003,-7.486422251910593E-003)
 (3.678730991836860E-003,-8.162424642193905E-003)
 (-8.843695396632379E-004,5.493438751710102E-004)
 (2.148969592972619E-003,-4.558250768307529E-003)
 (2.139513551273575E-003,-4.546263446774599E-003)
 (1.955677224074265E-003,-4.130971669134774E-003)
 (1.960544350944426E-003,-4.007730907746725E-003)
 (-2.530580877235912E-004,4.419658648413139E-004)
 (-1.979923380931737E-003,-5.090557988150574E-003)
 (1.361023409013786E-003,-2.926290505983569E-003)
 (-1.411596666715908E-003,-3.812338088241089E-003)
 (-2.645526100477028E-003,-1.151548483254266E-003)
 (-2.137053293898416E-004,1.355914487248511E-004)
 (-2.509454031859318E-003,-1.066348812398060E-003)
 (-6.829281294374760E-005,1.212499791252977E-004)
 (-1.759519851468449E-003,-7.238932406912475E-004)
 (-7.540260184479347E-004,-2.064723921056202E-003)
 (-8.796394528775826E-004,-2.096994072975940E-003)
 (-2.377755311025152E-004,1.487497605691422E-004)
 (-1.129157026798170E-003,-4.736491115359058E-004)
 (-1.416492006321563E-004,7.358109431582259E-005)
 (-9.125222741833819E-005,4.323742189180730E-005)
 (-5.662135324083911E-004,-1.560946136520107E-003)
 (4.591114840683315E-004,-9.512917347165768E-004)
 (-7.381378810329835E-005,2.687968750641448E-005)
 (-1.212517245040206E-004,9.905270127554596E-005)
 (-3.977554783006276E-004,-9.970000327437271E-004)
 (3.767989154583529E-004,-8.702917395915603E-004)
 (-3.398249359082480E-005,6.030621205112461E-005)
 (0.000000000000000E+000,0.000000000000000E+000)
 (0.000000000000000E+000,0.000000000000000E+000)
 (0.000000000000000E+000,0.000000000000000E+000)
 (-1.986112697083737E-002,3.674046578290809E-002)
 (-1.423007455184111E-003,-2.826347536680139E-003)
 (-1.770888384576963E-003,1.201723290513802E-003)
 (-9.842970560372409E-004,-2.209636655175983E-004)
 (-1.467678771182885E-002,-8.211340604712257E-003)
 (2.930635681203675E-003,-5.408638484836501E-003)
 (8.199687208593737E-003,-1.426307138436246E-002)
 (-3.856086464836749E-003,-1.400970713503731E-002)
 (6.881938147325279E-003,-1.208256409169736E-002)
 (-1.377940909601976E-003,5.899722196811077E-004)
 (-4.802664065051123E-003,-1.661285720905648E-002)
 (4.871970701724848E-004,-2.964063272138384E-004)
 (-9.351166274714695E-003,-4.839629575644136E-003)
 (-7.638742377846841E-003,-4.343905329399916E-003)
 (-2.907711069014472E-003,-1.202912799025484E-002)
 (-5.312615765054939E-003,-3.192877366649423E-003)
 (-4.797428562251122E-003,-2.657797433320327E-003)
 (-4.978136176885807E-003,-2.806713474327533E-003)
 (-4.695985963809273E-003,-2.527455266573705E-003)
 (-1.841448145828952E-003,-6.124769820501474E-003)
 (-4.248536790051122E-004,1.011034047126297E-004)
 (-3.176486670716092E-003,-1.789842609325416E-003)
 (-1.973267965260024E-004,4.682928231522152E-005)
 (1.539198229220389E-003,-2.402195691265481E-003)
 (-1.199528108692370E-003,-4.138654983344968E-003)
 (1.131648839889330E-003,-1.937146193051108E-003)
 (-7.004360002248386E-004,-2.446039539708358E-003)
 (6.500639654890413E-004,-1.125468713767239E-003)
 (3.395297238829444E-005,-7.633746275381996E-005)
 (-1.875571638516695E-004,7.129270396266630E-005)
 (-7.070601225309200E-004,-2.452054038736540E-003)
 (8.718084220509379E-004,-1.493522607074745E-003)
 (-3.790482063736248E-004,-1.218837915776302E-003)
 (-4.788168775944308E-004,-1.829534857687967E-003)
 (5.794203526905307E-005,-4.190999979922596E-006)
 (-6.778371343642699E-004,-3.684569440662676E-004)
 (-2.932576959238274E-004,-1.041743569329611E-003)
 (-4.276185712472927E-004,-1.577059559048657E-003)
 (7.344299069776415E-005,-1.501820255875362E-005)
 (-6.441505557482418E-004,-3.734115572231063E-004)
 (-2.419295991653729E-004,-9.526284927581690E-004)
 (0.000000000000000E+000,0.000000000000000E+000)
 (0.000000000000000E+000,0.000000000000000E+000)
 (0.000000000000000E+000,0.000000000000000E+000)
 (1.750426401505726E-003,1.171259043208023E-002)
 (8.381603568815617E-003,4.800937907977882E-003)
 (2.718179337801011E-003,-4.131496753718629E-003)
 (-5.734713585098901E-004,1.544803722154752E-003)
 (-6.026430357262696E-003,1.115162816456084E-003)
 (-2.683561217004141E-003,-1.045147753433433E-002)
 (4.005324934886638E-003,1.436725873381454E-002)
 (-3.027507432684332E-003,-1.989478234064588E-003)
 (-8.414315193042160E-005,-8.247011735657500E-004)
 (8.348107890667838E-004,-1.444511260493846E-003)
 (2.367044487595609E-003,1.320683144987703E-003)
 (-2.878889778364503E-003,4.967611684460192E-003)
 (-1.649360701374297E-003,3.548096050379367E-004)
 (-5.609991345828342E-004,1.154133230321868E-004)
 (-1.401202256171252E-004,-3.221594134083754E-004)
 (-9.969512626077635E-004,2.288617167827180E-004)
 (-8.307132074863877E-004,1.833571654721622E-004)
 (-1.082115763691300E-003,2.431682739960714E-004)
 (-9.444359383681101E-004,2.026547523710074E-004)
 (6.943887038638940E-004,2.800328366614977E-004)
 (-2.029627906443166E-006,7.661982281239671E-005)
 (-5.065166984741962E-004,1.193480823675974E-004)
 (-3.823235218885793E-004,7.116494448844293E-004)
 (2.231756272501673E-004,8.143389194416286E-004)
 (-1.162588251568103E-004,-1.044287065721305E-004)
 (3.875039427121817E-005,-5.905035687873126E-005)
 (-6.062668586722211E-004,-3.760071615200687E-004)
 (3.875580493681058E-004,1.460424944061274E-003)
 (-4.622967053539675E-004,7.628284214439623E-004)
 (2.115165780985445E-004,-2.805413457711203E-004)
 (1.918942052697609E-004,9.238104895383935E-005)
 (3.215659469323123E-004,1.182603724582015E-003)
 (8.514614064999671E-004,4.880163549964205E-004)
 (-4.462209345191259E-004,-2.662111267524507E-004)
 (-3.966782453578497E-004,6.243999730322981E-004)
 (1.225278065927197E-004,-3.489026546000669E-005)
 (5.145965333692252E-005,1.479351906052737E-005)
 (2.906638739740480E-004,1.651310842316879E-004)
 (-3.685301379138819E-004,6.210783036708228E-004)
 (5.793130553150054E-005,-1.718318145052398E-005)
 (-1.415091262102642E-004,-1.127713337824321E-004)
 (0.000000000000000E+000,0.000000000000000E+000)
 (0.000000000000000E+000,0.000000000000000E+000)
 (0.000000000000000E+000,0.000000000000000E+000)
 (-2.450014602767541E-003,-6.371494624382727E-004)
 (-2.614876432550148E-002,3.595134186187739E-002)
 (7.892114907531500E-005,2.850714404831363E-004)
 (-7.913086428680946E-003,-5.514749221750827E-003)
 (-3.046979945571796E-003,-1.998069856483954E-002)
 (-5.917861390414968E-004,-1.719101888032864E-004)
 (3.616704715316424E-004,3.223003881056588E-004)
 (-3.551930072842518E-003,5.118915882297664E-003)
 (6.773037663913842E-005,8.358160471915515E-005)
 (7.646779207489996E-005,9.328272951710736E-005)
 (1.934611588177217E-005,1.051438174982001E-004)
 (-2.547049201462931E-003,-1.586849366566424E-003)
 (9.510397163542677E-004,6.033894166169227E-003)
 (-2.423408240025859E-004,-1.198967484056388E-003)
 (1.189824833096762E-003,-1.606812820898007E-003)
 (1.228590205188070E-006,1.455390787411991E-004)
 (-4.705149932496006E-005,-1.591456491962521E-004)
 (1.429855690740380E-005,2.588557598600191E-004)
 (1.873544796330947E-004,1.246273346311752E-003)
 (1.831572795896117E-004,-2.284183417303056E-004)
 (2.900192744095039E-004,2.421827397480130E-004)
 (1.372747961831985E-004,8.540606526758721E-004)
 (-6.491009788928446E-004,-4.202178536363963E-004)
 (-2.366544269482332E-005,3.256992194335910E-005)
 (-2.155281808325788E-004,3.187547900332743E-004)
 (4.067190388770381E-006,1.164786299018854E-005)
 (-5.365307849804413E-004,7.931885916293120E-004)
 (-1.597519199726254E-005,4.229486507211520E-005)
 (-1.065751452898910E-003,-7.008190856266582E-004)
 (-4.824744712316328E-004,-3.309848254838689E-004)
 (-3.593205151127785E-004,5.125694255264194E-004)
 (3.097723897548620E-005,5.563475876174063E-005)
 (-1.370400139439100E-004,2.325584094502038E-004)
 (-6.523443713916945E-004,8.664849934392919E-004)
 (5.580419435688682E-004,4.017415788147584E-004)
 (-7.015119276771492E-005,-4.755445685479114E-004)
 (-3.121083114838905E-004,4.204671965903156E-004)
 (3.015675056960182E-004,-3.933501066870094E-004)
 (-1.164976147238769E-004,-7.030579131284085E-005)
 (5.602817754109814E-005,4.059266655716281E-004)
 (8.005295698311874E-005,-9.494466419324286E-005)
 (0.000000000000000E+000,0.000000000000000E+000)
 (0.000000000000000E+000,0.000000000000000E+000)
 (0.000000000000000E+000,0.000000000000000E+000)
 AAAAAA
 (-8.181430230737431E-003,3.686501745262381E-003)
 (-8.414849343618296E-003,-2.957018522733098E-003)
 (-1.768128564652990E-004,8.984987327202935E-004)
 (-4.388517470976420E-003,-8.638320834424814E-003)
 (-9.188089371419008E-003,3.718305531685301E-003)
 (-1.468945122417590E-002,-5.653576677098210E-003)
 (-9.082469155110299E-003,3.640394734921764E-003)
 (-9.906129200996252E-003,4.507591907599316E-003)
 (-6.747781606605066E-004,9.340284543779491E-004)
 (1.204830703964987E-004,2.834721530268288E-004)
 (-3.529186788950635E-003,-7.765069326949594E-003)
 (-1.016811718491390E-002,-3.566597136243123E-003)
 (-1.040293255259925E-002,-3.614857854322253E-003)
 (-1.763788326661552E-004,2.659856544839283E-004)
 (1.500615407651253E-004,2.843248773747404E-004)
 (-2.141257427103447E-003,-5.019568623765751E-003)
 (-2.111280665871875E-003,-5.426734964869910E-003)
 (-2.057657935402695E-003,-4.822200691594596E-003)
 (-4.769737821928303E-003,-1.742601675019370E-003)
 (-1.252249410444855E-003,-2.958980051462272E-003)
 (-1.164659833984326E-003,-2.711138183478290E-003)
 (-4.121068550363371E-003,-1.646752337166296E-003)
 (-9.917037934880006E-004,-2.437688657052724E-003)
 (-2.542740892703853E-003,1.107067554067585E-003)
 (-1.938291331577918E-003,8.563794322459030E-004)
 (-1.887884880888422E-003,8.657370739003358E-004)
 (-2.561825780818842E-003,-1.033152182781241E-003)
 (-2.437332107170398E-003,-9.728771931767325E-004)
 (-2.144916707886202E-005,1.191110166115590E-004)
 (-6.661014686823426E-004,-1.660350169222975E-003)
 (-1.723629899201732E-003,-6.991523799976476E-004)
 (-9.255969606878408E-007,4.445360766667473E-005)
 (9.591353498124419E-007,8.589126747490024E-005)
 (-5.319490966229372E-004,-1.151965751163626E-003)
 (3.005252153401024E-005,-2.480470375653481E-005)
 (-8.882447726323776E-006,4.444071888422269E-005)
 (-7.935998997397445E-004,3.595264542454524E-004)
 (-3.227132083961379E-004,-8.049825545644285E-004)
 (-1.549242980646080E-005,1.489840464146579E-005)
 (-9.336681763039121E-004,-3.372630059657027E-004)
 (-1.356255314090797E-005,1.752792222104443E-005)
 (-1.453072553037125E-005,4.655414865716929E-005)
 (0.000000000000000E+000,0.000000000000000E+000)
 (0.000000000000000E+000,0.000000000000000E+000)
 (-2.807998790509291E-003,-1.110269569993197E-002)
 (1.345799728510271E-003,-1.888255801786392E-003)
 (4.940267381549248E-004,5.088474736697746E-004)
 (1.421103085692487E-002,-2.640199023891569E-003)
 (3.924902738002141E-003,1.753809085885057E-002)
 (-3.412164705775302E-004,7.032620828004163E-004)
 (5.475952938709374E-003,2.300234335260889E-002)
 (7.606886637699563E-004,1.962133391919543E-003)
 (1.837970017627241E-002,1.106356201061054E-002)
 (6.574007565110871E-003,3.648178694442551E-003)
 (4.764678914907805E-003,-1.214715068274707E-003)
 (-1.604805137029424E-003,2.991009358264456E-003)
 (-7.317227370606371E-004,1.599372526584205E-003)
 (8.693869429828202E-003,5.061178931779850E-003)
 (8.460933910439729E-003,5.175048131243327E-003)
 (4.590521552269954E-003,-1.094216074688536E-003)
 (3.971852026469310E-003,-9.161773093576529E-004)
 (3.804945961074829E-003,-8.998633033192484E-004)
 (-1.996459313662767E-004,5.241554152615064E-004)
 (2.236312518425448E-003,-4.946450295944365E-004)
 (2.758033910007584E-003,-6.998121512332699E-004)
 (-4.196968063365381E-004,8.947808870438055E-004)
 (1.802599808934741E-003,-4.608456725947887E-004)
 (5.483641367762031E-004,2.517338248466931E-003)
 (6.712105257282610E-004,2.731382312707678E-003)
 (7.276520556034705E-004,2.612655004940740E-003)
 (-9.855871351701771E-005,2.418973013327176E-004)
 (-2.834089152547116E-004,6.623881349167350E-004)
 (2.223763179463916E-003,1.330969713135733E-003)
 (1.296562905250244E-003,-2.878021563690155E-004)
 (-4.967715274460811E-004,8.644626267212813E-004)
 (8.925887470953586E-004,5.012743800990889E-004)
 (1.879054360855899E-003,1.157948592296416E-003)
 (4.843071946861852E-004,-7.330271572275523E-005)
 (5.634682486438864E-004,3.255267520269194E-004)
 (7.338447072377401E-004,4.315870122088724E-004)
 (4.412669133225018E-004,1.798957712893661E-003)
 (5.180148786713224E-004,-1.115585840318193E-004)
 (1.387477802656276E-003,8.523427009645150E-004)
 (-5.917202046691790E-005,9.901988998920161E-005)
 (6.856818577534530E-004,4.281597653207643E-004)
 (1.033264058759048E-003,6.270968587493669E-004)
 (0.000000000000000E+000,0.000000000000000E+000)
 (0.000000000000000E+000,0.000000000000000E+000)
 (-3.939209734520909E-003,2.652648854423573E-004)
 (-2.556984441088014E-002,-2.699924120218979E-002)
 (-2.717441688073002E-002,2.812131155824005E-002)
 (1.047413724014277E-003,-3.958921988672288E-002)
 (1.841967057455984E-004,9.651742256790551E-005)
 (8.687066864220471E-004,-2.517163693343556E-004)
 (-4.581388018898943E-003,-4.071244924437578E-004)
 (3.143286442076015E-003,4.780513216156164E-005)
 (2.983524595117150E-003,-3.183008769410407E-003)
 (1.057464899747798E-003,-4.175258569251170E-004)
 (1.325326374827206E-004,-3.523986005212632E-004)
 (-4.800559665204390E-003,-5.031460665919828E-003)
 (-2.885859772931246E-003,-3.009786793109796E-003)
 (4.620057913579591E-003,-4.456846486156448E-003)
 (3.340927640925124E-003,-2.828985001133895E-003)
 (2.887422350338138E-004,-5.392686591215820E-003)
 (4.402965183279546E-004,-4.430599790262426E-003)
 (2.794187957866512E-004,-4.843370819711827E-003)
 (-1.180714806326825E-003,-1.338699445892148E-003)
 (1.956230492455130E-004,-2.147991809104279E-003)
 (1.444625006538146E-004,-3.100030806789450E-003)
 (-1.932693907003146E-003,-2.182231352746165E-003)
 (1.653449671715731E-004,-2.008197798798125E-003)
 (1.589541750591002E-004,9.043693756315861E-006)
 (-4.416279727622817E-004,-1.958178654480437E-005)
 (-4.473519755908595E-004,-3.857643144222332E-005)
 (-7.707374660292854E-004,-8.992364390225700E-004)
 (-1.263388493362721E-003,-1.422675869743420E-003)
 (1.386100154629471E-004,-7.461109235640815E-005)
 (1.137562546871712E-004,-1.589315680426380E-003)
 (-5.283056131142878E-005,-1.014090453533910E-004)
 (2.144210437298836E-004,-1.576894095444653E-004)
 (4.354540091900849E-004,-3.402230726906548E-004)
 (4.149392881939849E-005,1.774645002407334E-004)
 (7.995933219818779E-004,-7.559517831277190E-004)
 (-2.118438949079191E-004,2.491471994828179E-004)
 (-2.569251133261129E-004,-2.072200189954189E-005)
 (2.914057412031251E-005,-2.525784771010829E-004)
 (6.240162993602551E-004,-5.922112531190031E-004)
 (-9.780515103759662E-005,-1.069179249301766E-004)
 (1.151961472841203E-004,-8.880775589469683E-005)
 (1.693065844483255E-004,-1.607619813140312E-004)
 (0.000000000000000E+000,0.000000000000000E+000)
 (0.000000000000000E+000,0.000000000000000E+000)
 (2.020188945581415E-002,2.159697739156838E-002)
 (-1.027148716295095E-003,4.588574642312900E-003)
 (2.383158251667678E-004,1.006766377742007E-003)
 (-3.289675338263634E-004,-6.825398671505712E-004)
 (-1.173478870618548E-002,-1.353010321243214E-002)
 (-6.938499499538515E-004,-3.861944019573702E-003)
 (3.601503008962169E-003,3.199035762954383E-003)
 (-3.901123025930342E-004,-4.726726643144052E-004)
 (-6.008155261427270E-004,2.462354189418042E-005)
 (-5.994586817366799E-003,-4.869076696843647E-004)
 (-2.206393494816651E-003,1.920344121805790E-003)
 (-1.512666495044747E-004,-6.176528484983907E-004)
 (-1.626437872849625E-004,-5.131103217616485E-004)
 (9.999109910511202E-004,-1.052229456038655E-004)
 (-2.689309347127128E-003,-2.817094011376195E-004)
 (-4.687458962610393E-004,2.270427756296697E-004)
 (-7.817378587021804E-004,5.388790289529059E-004)
 (5.773332531809043E-004,-7.193187670449315E-004)
 (-3.178671008377960E-005,2.252803495035362E-005)
 (-1.146884393634276E-003,9.580519657665790E-004)
 (-7.549398755081436E-004,5.740862360346130E-004)
 (-3.181107574630948E-005,-2.400951842518899E-004)
 (-5.318831795575368E-004,3.970951403320380E-004)
 (-3.999213647421018E-005,-2.662848647017327E-005)
 (-3.338159737565949E-004,-3.747895002238460E-004)
 (2.545619180591473E-004,2.983938831430866E-004)
 (-3.205500321552378E-005,-1.606974817824445E-004)
 (-4.822288317008882E-005,-2.180033271562207E-004)
 (1.347311521620518E-003,5.093433825046271E-005)
 (1.099263195417429E-003,-1.083311721164715E-003)
 (7.410307048484794E-006,-1.356169899280026E-004)
 (-1.664784056494243E-003,-7.994141217676586E-005)
 (-2.162670880369100E-003,-1.508634232240829E-004)
 (3.000929716455087E-004,-3.277855026937477E-004)
 (4.804924382435845E-004,-2.594313421554211E-005)
 (-6.705719417212635E-007,9.133739474967718E-006)
 (-3.090651433971868E-005,-2.127597841080876E-005)
 (7.320893813871228E-004,-7.035975540282005E-004)
 (2.266767593491745E-004,-2.541494021311691E-006)
 (-2.027167810574786E-005,-7.419419718229260E-005)
 (-7.274457623807360E-004,-6.327582502626933E-005)
 (-5.549377067726759E-004,-4.355827342600600E-005)
 (0.000000000000000E+000,0.000000000000000E+000)
 (0.000000000000000E+000,0.000000000000000E+000)
 AAAAAA
 (-8.572429192365214E-003,5.896079171374983E-003)
 (-8.095941662024098E-004,2.760924684103252E-003)
 (-1.012761683611971E-002,-1.509708511023613E-003)
 (-1.895342880071063E-002,-3.474477864137330E-003)
 (-5.643512362936772E-003,-8.073343941833995E-003)
 (-1.064124742346040E-002,7.623717191413675E-003)
 (-8.160794050498901E-003,5.891425782905225E-003)
 (-2.210296495039205E-004,5.302719188268763E-004)
 (-8.445203480409698E-003,5.976200892866742E-003)
 (-5.269895403483871E-003,-6.961733428026681E-003)
 (-2.290224696621310E-004,1.363968502574609E-003)
 (-1.329192468020461E-002,-1.924020832487810E-003)
 (-1.127392823521027E-002,-2.005131407996130E-003)
 (-2.256309494385791E-004,6.438244282333193E-004)
 (-4.041008908217713E-003,-5.190105108075452E-003)
 (-3.642966252866657E-003,-4.796138040455028E-003)
 (-9.647785436429348E-005,4.201987098805756E-004)
 (-3.053391261684120E-003,-3.917941976374106E-003)
 (-2.096237130054544E-003,-2.969783121901324E-003)
 (-2.058687275389054E-003,-2.659777824129260E-003)
 (-4.731757926107111E-003,-7.885630835013230E-004)
 (-4.548788004612968E-003,-8.377275009911522E-004)
 (-1.603886761502434E-003,-2.110631943104457E-003)
 (-2.175698084864171E-003,1.497363620211233E-003)
 (-1.946622827388756E-003,1.389275195373156E-003)
 (-2.678626686696381E-003,-3.546421066431658E-004)
 (-1.678321463438872E-003,1.237786918732337E-003)
 (-4.618522451179416E-005,2.169253411911622E-004)
 (-2.417893675327406E-003,-4.115390471306039E-004)
 (-8.959081869723995E-005,2.310326379080721E-004)
 (-8.645482757076236E-004,-1.204188633869024E-003)
 (6.077858334777335E-007,1.805197421016392E-005)
 (-9.483143326357881E-004,6.848005899164768E-004)
 (-1.750078404002513E-003,-3.010943454636547E-004)
 (-1.318453847135373E-005,1.845420217231010E-004)
 (-6.004649061963289E-004,-8.267036927543923E-004)
 (-3.020100947838855E-005,2.817181059378129E-005)
 (-3.501545426854010E-006,6.594538253850126E-005)
 (-3.411843268835409E-005,1.428437376618865E-004)
 (-9.751410564235083E-004,-1.450001557002234E-004)
 (-1.600594700129827E-005,6.860304769847997E-005)
 (-3.611006141682197E-004,-5.464051076523634E-004)
 (0.000000000000000E+000,0.000000000000000E+000)
 (0.000000000000000E+000,0.000000000000000E+000)
 (-7.543343887227831E-003,-1.921285966320500E-002)
 (-5.325553509827764E-004,-3.045799020284807E-004)
 (9.610368692454740E-004,-2.866136443667600E-003)
 (8.075308434086579E-004,-1.625689620515445E-003)
 (1.446674048759084E-002,-5.600473150046277E-003)
 (3.835721804821236E-004,1.008758278066665E-003)
 (5.148325202299638E-003,1.420993485365216E-002)
 (9.075436109728403E-003,4.169130994994757E-003)
 (6.264824199149798E-003,1.653087415066307E-002)
 (7.004224330092788E-003,-2.738457766438294E-003)
 (1.538378818570417E-002,7.089311708047536E-003)
 (2.069242855413413E-004,-8.855869689752705E-004)
 (-6.498769239061770E-004,1.203030275625872E-003)
 (9.334524909443302E-003,4.179669329148936E-003)
 (5.528975701225415E-003,-2.156924508362737E-003)
 (5.670171381317752E-003,-2.126047590603791E-003)
 (7.553226423147518E-003,3.698117901123084E-003)
 (4.984476711263132E-003,-1.799471205227197E-003)
 (3.918932459199645E-003,-1.392462813792543E-003)
 (3.155210891117772E-003,-1.116602643370102E-003)
 (1.509026601463643E-004,-2.242682834486095E-004)
 (-4.614595025012407E-005,8.209659686516128E-005)
 (2.430181870218970E-003,-7.761383246469307E-004)
 (7.626370332627043E-004,1.943809676480663E-003)
 (8.547568834757389E-004,2.348718200165671E-003)
 (-1.002797273447194E-004,1.887640933548883E-004)
 (8.142517665528266E-004,1.956543883925322E-003)
 (2.605660634626991E-003,1.130512646269504E-003)
 (1.295227664631108E-004,-3.603126981178296E-004)
 (1.750595616843561E-003,8.147710128791652E-004)
 (1.031318974681721E-003,-4.020498037534961E-004)
 (1.238811352992675E-003,5.677324516837761E-004)
 (7.475225450304816E-004,1.991403218597670E-003)
 (-2.628280073096522E-004,4.564877372633450E-004)
 (1.746757765713604E-003,7.868598828494841E-004)
 (6.110729277817831E-004,-2.480168476771306E-004)
 (8.162433615683054E-004,3.399769398795186E-004)
 (8.618422441952146E-004,3.557691979502482E-004)
 (1.500803198121613E-003,7.171736071343170E-004)
 (-9.424191711994971E-005,2.221350728498643E-004)
 (9.380738907426658E-004,3.941196511975041E-004)
 (5.028471396799337E-004,-1.688251892421200E-004)
 (0.000000000000000E+000,0.000000000000000E+000)
 (0.000000000000000E+000,0.000000000000000E+000)
 (-8.313840529730464E-003,8.989111391234527E-003)
 (6.599618254240512E-003,3.714719122178384E-002)
 (-2.170758346927857E-002,3.857316090212096E-003)
 (1.545065146715237E-003,-1.056375087330501E-003)
 (-2.461922167650840E-002,-1.674661450903328E-002)
 (3.781959391186167E-003,-5.444378275245678E-003)
 (2.076403909401487E-003,-2.371899714810301E-003)
 (-6.814037040724918E-004,-3.796126711223639E-003)
 (-2.884520929926950E-003,4.393345042295084E-003)
 (-1.477879502210457E-003,-9.585116012938589E-004)
 (-5.579845556440883E-004,-4.548146471550909E-003)
 (-2.811051459280664E-003,5.987033495987019E-004)
 (-6.325687388575202E-003,1.159619709560498E-003)
 (-1.015545728202745E-003,-5.491623730136773E-003)
 (-4.320429188547988E-003,-2.883754389677140E-003)
 (-3.797053867836812E-003,-2.610391887040478E-003)
 (-5.140565704197287E-004,-3.659181955989325E-003)
 (-3.803275213849104E-003,-2.610889010415629E-003)
 (-2.967528002700711E-003,-2.158328405891558E-003)
 (-1.898726299302143E-003,-1.336517793489878E-003)
 (-1.271860337965969E-003,2.057820926674845E-004)
 (-2.518426850975523E-003,4.298411431606488E-004)
 (-1.600421141608883E-003,-1.162407351938287E-003)
 (1.723018904034199E-004,-2.811287953723149E-004)
 (-7.123815127029186E-005,1.569960888102111E-004)
 (-1.710341458505192E-003,3.609535000262500E-004)
 (-3.198349078100851E-004,4.499692166924694E-004)
 (-2.114366192576351E-004,-1.127964851188752E-003)
 (-6.795260011090564E-004,1.220410502822453E-004)
 (8.086995196794709E-005,3.418426838139207E-004)
 (-7.197855425163666E-004,-5.258251143380487E-004)
 (-9.620223341018700E-005,-7.142711670996047E-004)
 (-1.966044195827064E-004,3.409185877585621E-004)
 (-2.442173214160967E-004,5.869654490480965E-005)
 (-1.337134769251326E-004,-8.092191260153815E-004)
 (-8.086667066429181E-005,-6.504615953893970E-005)
 (-1.588918969787051E-004,-7.300340404823753E-004)
 (-6.330648064072596E-006,-7.478664389513282E-005)
 (-5.304498408096063E-005,-3.924945497035985E-004)
 (-7.833502110299194E-004,1.533136397106761E-004)
 (-7.454466885043360E-005,-3.474394180741843E-004)
 (-2.047620981183808E-004,-1.757903802538571E-004)
 (0.000000000000000E+000,0.000000000000000E+000)
 (0.000000000000000E+000,0.000000000000000E+000)
 (4.073013262569604E-002,1.547651224426859E-002)
 (-1.769396130588468E-002,7.006484594470973E-003)
 (-4.541424804544425E-003,-1.064585842922110E-002)
 (-4.220371666936278E-004,3.876914668207959E-004)
 (2.432900480441600E-003,-7.347045644659452E-003)
 (-3.404834694359187E-003,-7.156107035887972E-004)
 (-1.241732127334524E-002,-5.162892461601250E-003)
 (-1.048931840464543E-002,4.528964490772806E-003)
 (1.441420923504439E-003,9.595266720596025E-004)
 (-3.139413724338138E-003,7.868671580026250E-003)
 (-2.907794915265699E-003,1.224707470273017E-003)
 (-4.007548907966237E-004,-6.503801988395574E-004)
 (-1.538533000126144E-004,-3.747677952240242E-004)
 (-8.480049996962631E-004,4.467763625968557E-004)
 (8.217964087259863E-005,-1.575364987598412E-004)
 (-9.865350236150255E-004,2.477144221310095E-003)
 (-2.327696534895245E-003,9.672105685839137E-004)
 (-4.996925138713397E-004,1.215869244498164E-003)
 (-7.253498457970549E-004,1.674206322849088E-003)
 (-8.745212865057457E-004,2.056911020988477E-003)
 (-2.888602794245116E-005,4.584608315250743E-005)
 (-2.879940777694163E-004,-6.278560155630889E-004)
 (-4.399147301248132E-004,9.914836852101512E-004)
 (-5.266557124470803E-004,-1.817002569838248E-004)
 (-5.494238542350267E-004,-2.044803041957155E-004)
 (-1.321890950643493E-004,-3.870369757587882E-004)
 (3.602298276450995E-004,1.722383379759334E-004)
 (-1.979911999978261E-003,8.507069584554562E-004)
 (-2.354770439712484E-004,-4.320422454779096E-004)
 (6.625700164620205E-004,-2.925569738874206E-004)
 (4.587102884952485E-004,-1.104037326253045E-003)
 (-1.598038949271607E-003,6.632135312849202E-004)
 (-1.833295841342945E-004,-1.094400315109562E-004)
 (2.781866918387344E-004,6.388720974675993E-004)
 (1.954255507441183E-004,-8.187056856575849E-005)
 (-8.163917398655500E-005,1.781470915149850E-004)
 (3.280469959221178E-005,-3.843861921358515E-006)
 (-3.330558819258989E-004,1.629158756312343E-004)
 (-9.432894271240897E-004,3.722916488169778E-004)
 (1.202099971675321E-005,2.466022881101052E-005)
 (-8.263127273226694E-004,3.726816590113090E-004)
 (6.189673424777238E-005,-1.555887404767931E-004)
 (0.000000000000000E+000,0.000000000000000E+000)
 (0.000000000000000E+000,0.000000000000000E+000)
 AAAAAA
 (-9.174398884159257E-003,2.756293013841895E-003)
 (-3.287740602966758E-003,5.421518255941969E-003)
 (-2.129909919786946E-002,-1.401746853351589E-002)
 (-8.875806984212944E-003,-5.601501550620103E-003)
 (-1.503520233733917E-002,2.785800261281862E-003)
 (-1.693038167543407E-003,-7.000845793770813E-003)
 (-2.296288606577507E-003,2.333978266038129E-003)
 (-1.453666778218381E-002,-9.465991006940438E-003)
 (-1.342966068524329E-002,2.389607578027120E-003)
 (-1.179320816996730E-002,2.151995223137244E-003)
 (-1.082424724116886E-003,-6.687064265698497E-003)
 (-2.507693820165418E-003,3.370410641529892E-003)
 (-1.183825619604165E-003,-6.930578032289476E-003)
 (-9.535974924849941E-003,-6.692510007390782E-003)
 (-1.451001351208283E-003,1.903436959622604E-003)
 (-1.157612696558097E-003,-4.781313987691288E-003)
 (-8.415502819849121E-004,-3.963779666347277E-003)
 (-1.032286328490864E-003,1.614043002538854E-003)
 (-6.238643155895605E-004,-3.605129973299640E-003)
 (-6.346663655850927E-004,-2.781410628283559E-003)
 (-3.937251067216397E-003,-2.653799222194613E-003)
 (-3.797355172843290E-003,-2.519945104517575E-003)
 (-3.742298330805732E-004,-1.944530061867061E-003)
 (-3.028709728478081E-003,4.939140184496539E-004)
 (-6.497837704597858E-004,7.112736063968237E-004)
 (-2.726739116794440E-003,4.762293123518274E-004)
 (-2.373959706874363E-003,-1.560659719834051E-003)
 (-2.321449102527108E-003,4.376324984686029E-004)
 (-1.940851501729267E-003,3.235964292523461E-004)
 (-1.837877529670093E-003,-1.200659711815406E-003)
 (-1.987866235730894E-004,2.344358120783992E-004)
 (-3.863746624939742E-004,4.449750358622457E-004)
 (-4.148389995541805E-004,4.978271460626313E-004)
 (-4.331446017368366E-004,5.967613017374479E-004)
 (-2.098408202140775E-004,-1.015606818484058E-003)
 (-1.399512722542039E-003,-9.600941683285117E-004)
 (-1.069426793881368E-003,-7.073070574841276E-004)
 (-1.832863610508926E-004,2.241713888875567E-004)
 (-1.143690827141227E-004,1.283025028022974E-004)
 (-1.535303574239642E-004,1.949520289019546E-004)
 (-1.240035424635207E-004,-6.436423044944080E-004)
 (0.000000000000000E+000,0.000000000000000E+000)
 (0.000000000000000E+000,0.000000000000000E+000)
 (0.000000000000000E+000,0.000000000000000E+000)
 (7.989265726594006E-003,3.993815346191507E-002)
 (4.079971267198366E-003,1.462889099927746E-003)
 (-5.159109100347309E-003,6.412409807625707E-003)
 (-2.036681360678148E-003,3.632789849960047E-003)
 (-2.418847453710068E-004,-4.834767542730130E-004)
 (-1.873538840761423E-002,4.168390595233704E-003)
 (-1.147126706124818E-002,-7.356248327984783E-003)
 (-3.388023674233004E-003,5.257199512838846E-003)
 (-2.391394907525813E-003,-1.122554777489492E-002)
 (-2.244072048153367E-003,-1.097729827988261E-002)
 (-1.121633052328631E-002,2.245787661679945E-003)
 (-1.224793011748463E-002,-7.878947240106493E-003)
 (-9.645751215814482E-003,2.121757899051040E-003)
 (-1.038515319531005E-003,2.077927706028219E-003)
 (-8.986584402137893E-003,-6.057314383402411E-003)
 (-8.269103804679203E-003,2.027148966313154E-003)
 (-6.430117192444092E-003,1.267187522779639E-003)
 (-5.801831872214158E-003,-3.659712560643663E-003)
 (-5.909848772474018E-003,1.210172334130943E-003)
 (-4.627707185308654E-003,9.181738245432367E-004)
 (-5.963049201967950E-004,9.509719357702160E-004)
 (-6.205233203810776E-004,1.117211988384376E-003)
 (-3.313911254156049E-003,6.470073142850409E-004)
 (-3.983006120458162E-004,-1.816613247061305E-003)
 (-3.062879416507962E-003,-1.913589379957695E-003)
 (-1.913908212132861E-004,-1.309092450230669E-003)
 (-3.154689039004444E-004,5.163051874109459E-004)
 (-2.234571536275751E-004,-1.221651408385197E-003)
 (-3.302343966746914E-004,-1.906232661781831E-003)
 (-5.111924649316491E-004,6.898105035868567E-004)
 (-1.447385381526892E-003,-9.381039207974350E-004)
 (-1.129574902042909E-003,-7.516572641865264E-004)
 (-1.814068322866452E-003,-1.200277436994239E-003)
 (-1.881662725033298E-003,-1.276035542670839E-003)
 (-1.195651857696616E-003,2.139944795946220E-004)
 (-5.701611763400606E-005,1.112936361393680E-004)
 (2.213717049599991E-005,2.165638346386103E-005)
 (-1.026850250982149E-003,-6.341683972280264E-004)
 (-7.599661862220451E-004,-5.027337652316637E-004)
 (-7.130933517076171E-004,-4.846356721440050E-004)
 (-7.895463464320234E-004,1.559192776013635E-004)
 (0.000000000000000E+000,0.000000000000000E+000)
 (0.000000000000000E+000,0.000000000000000E+000)
 (0.000000000000000E+000,0.000000000000000E+000)
 (8.087007002403869E-003,1.744039036379852E-002)
 (2.273588714371304E-002,7.815554721492340E-003)
 (2.388258399467077E-003,-9.123972118278704E-003)
 (-3.172612582196040E-003,7.844331851222885E-003)
 (-5.771743692440151E-003,-1.230184991098892E-002)
 (-1.208525867636734E-002,6.099491890027592E-003)
 (-5.285483051959754E-003,-1.771384166035870E-003)
 (1.126606963634181E-003,-3.056780233261413E-003)
 (2.363128057537986E-003,5.174964335950227E-003)
 (-1.210396808592322E-003,-2.658939367962227E-003)
 (-1.418189119338286E-003,6.226989609928479E-004)
 (-1.710647853477370E-003,-5.500544301231568E-004)
 (-1.744476608453957E-003,8.309677983173011E-004)
 (-1.127729510945249E-003,3.164031230471584E-003)
 (-2.601144707957757E-003,-9.427807958928895E-004)
 (-2.010008810670344E-003,1.032309120735926E-003)
 (-1.896059983595814E-003,8.758747427948374E-004)
 (-8.739175829497894E-004,-2.970008687152601E-004)
 (-1.351522204533867E-003,6.113529313915799E-004)
 (-1.101447586528358E-003,4.901355533726056E-004)
 (-2.895763504868088E-004,8.595461666672848E-004)
 (-5.785951233350809E-006,1.184378933044101E-004)
 (-7.225600383101767E-004,3.220029683767985E-004)
 (3.335263001471213E-005,8.762847441638578E-005)
 (-9.086517738380043E-004,-2.953666802035469E-004)
 (-2.879798800538016E-004,-6.043471017364606E-004)
 (-2.958588251426991E-004,8.190482241223991E-004)
 (3.451709657295198E-004,6.914651424908167E-004)
 (3.069715450222695E-004,5.869099034360050E-004)
 (1.224151594545867E-004,-3.109291388042430E-004)
 (-7.442206029957396E-004,-2.548658516888981E-004)
 (7.010616613966683E-004,2.509086247945697E-004)
 (-2.097880444819087E-004,-6.400491917063185E-005)
 (-3.595594585001142E-004,-1.503434616005671E-004)
 (7.610793704793399E-005,-5.013425706235543E-005)
 (-9.708898321506977E-005,2.823151690484555E-004)
 (-3.183373343661109E-004,8.861162151355854E-004)
 (-3.682747104443677E-004,-1.273484978353895E-004)
 (-2.757415363104934E-004,-9.325808229386123E-005)
 (-6.298972321183694E-005,-2.070101314009980E-005)
 (2.946837812647579E-005,-1.636331363191575E-005)
 (0.000000000000000E+000,0.000000000000000E+000)
 (0.000000000000000E+000,0.000000000000000E+000)
 (0.000000000000000E+000,0.000000000000000E+000)
 (4.339786366318911E-002,-1.439483352232096E-002)
 (-1.712535243163936E-002,3.752468391951325E-002)
 (3.371251168556673E-003,2.342043595099427E-003)
 (-1.451025962501086E-002,-7.191113084027409E-003)
 (3.537401692144974E-004,-5.574594762882031E-004)
 (-5.967848771815235E-003,-1.626901603849164E-002)
 (-3.621656956919135E-003,7.317344189147122E-003)
 (-2.081939826371117E-003,-8.677166126457776E-004)
 (-1.147677320563231E-003,1.298299481116596E-004)
 (-4.996102891430886E-003,1.721913059719062E-003)
 (2.284938895651872E-003,6.517689050618947E-003)
 (-4.076534437660742E-005,-1.526690045874165E-004)
 (-1.138398630356106E-003,-3.034945120130894E-003)
 (-2.613837112640628E-003,-1.179427827020229E-003)
 (7.488202533493759E-004,-1.711643208880376E-003)
 (-6.079720947141948E-005,1.234939827573704E-004)
 (-3.438508435489889E-004,-8.535649327877843E-004)
 (3.406028729873452E-004,-8.002672533210421E-004)
 (-4.685580214109908E-004,-1.258950118798924E-003)
 (2.231264506627668E-004,6.431852166811306E-004)
 (-1.475088812896165E-003,-6.703268060567004E-004)
 (-4.292477652909611E-004,-1.823323168212455E-004)
 (-3.669792160372361E-005,-7.327823379140141E-005)
 (-2.698451766972326E-004,7.825048643627856E-005)
 (-2.878650372439272E-004,5.023244683386023E-004)
 (-9.673048568879512E-005,4.506319106770294E-005)
 (-1.060799693208817E-003,-4.858835443058567E-004)
 (3.883971041186744E-004,-1.652299340218540E-004)
 (-3.312098155558389E-004,1.143147166956055E-004)
 (-6.296128572111923E-004,-2.802520155655407E-004)
 (-3.854585694618190E-004,7.095352250656231E-004)
 (1.444193439629666E-004,-3.659160005518997E-004)
 (2.726471099374945E-004,-6.279719656742555E-004)
 (-3.892135184712507E-004,7.937548314224107E-004)
 (-3.351519468100856E-004,-9.048261988391064E-004)
 (4.980421632869519E-004,2.241900517489245E-004)
 (-4.035120892389864E-004,-1.798021939770411E-004)
 (-2.375889809750566E-004,4.603094150675914E-004)
 (9.955697739584600E-005,-2.215910710430252E-004)
 (-5.544879238512612E-005,1.023923442127244E-004)
 (9.321200341847483E-006,4.455764247182604E-005)
 (0.000000000000000E+000,0.000000000000000E+000)
 (0.000000000000000E+000,0.000000000000000E+000)
 (0.000000000000000E+000,0.000000000000000E+000)
 AAAAAA
 (-5.419592126706177E-003,9.691654860126228E-003)
 (1.776797380418639E-003,7.632125437431228E-003)
 (-9.565573768467079E-003,2.336368129636873E-003)
 (-1.851826779459544E-002,4.810481126243847E-003)
 (-7.669521634013423E-003,1.265530619541852E-002)
 (1.811970618362576E-004,2.191928007907606E-003)
 (-7.573086546200201E-003,-4.337223307052185E-003)
 (-6.019626400057239E-003,9.906093938821820E-003)
 (-6.996743583551828E-003,-4.497457844252287E-003)
 (-1.486270376888645E-002,3.760946061673849E-003)
 (-5.981576018206198E-003,9.419383114553030E-003)
 (6.347838696352534E-004,3.039805381897824E-003)
 (-5.526013968215133E-003,-3.095123538241679E-003)
 (-9.263904552693407E-003,2.569085655033038E-003)
 (2.602429753650790E-004,1.709241395997533E-003)
 (-4.803120268018722E-003,-2.903856770054849E-003)
 (2.880426217641463E-004,1.813185802649544E-003)
 (-3.663910697437419E-003,-2.107250892312520E-003)
 (-3.073422830894338E-003,-1.666689184193922E-003)
 (-5.223935446505731E-003,1.321398189645328E-003)
 (-2.098795082949227E-003,-1.227098441025977E-003)
 (-3.999885458873510E-003,8.659472631845638E-004)
 (-3.483432862876230E-003,8.727844744381660E-004)
 (-1.698391657529031E-003,-9.961396997650491E-004)
 (-1.246093755171955E-003,2.162249515533135E-003)
 (-1.276969370118043E-003,2.181540025392560E-003)
 (-1.276570086072389E-003,2.109014484005757E-003)
 (1.367239763671721E-004,5.792134357214509E-004)
 (-1.294687889677848E-003,-8.031740010503051E-004)
 (-2.419164690941912E-003,6.068566601223267E-004)
 (-9.365040679210349E-004,1.576672026905307E-003)
 (7.377959856777483E-005,5.813487074025227E-004)
 (1.025306168873728E-004,4.632250347993073E-004)
 (-1.794863893377471E-003,4.631736798607747E-004)
 (-1.163733454202639E-003,2.997833680033833E-004)
 (7.715069603100882E-005,1.900410581076628E-004)
 (8.266390494195863E-005,3.682960442240646E-004)
 (4.029424408028215E-005,1.082421059625214E-004)
 (-6.473978828262012E-004,-4.169237668264950E-004)
 (-5.678609624245888E-004,-3.433026218888521E-004)
 (2.536793330316725E-005,2.038175467016617E-004)
 (0.000000000000000E+000,0.000000000000000E+000)
 (0.000000000000000E+000,0.000000000000000E+000)
 (0.000000000000000E+000,0.000000000000000E+000)
 (1.103987564356078E-002,9.779556808417203E-003)
 (5.485874609816662E-003,1.648278899182565E-004)
 (7.760237537312808E-004,5.523744006107278E-003)
 (-1.858304886388452E-004,5.072040226799638E-003)
 (1.528145744261809E-003,1.433862973248969E-003)
 (-9.453710247098540E-003,3.146858427971510E-004)
 (-1.172718346631325E-002,1.270525619509757E-002)
 (-9.218170367125742E-003,-8.026196304478464E-003)
 (-6.110665085041987E-003,6.624642464435027E-003)
 (3.725434436605106E-004,4.847509090718785E-003)
 (-7.999171542671886E-003,-7.502240929207695E-003)
 (-1.357730183455031E-002,3.924187649383729E-004)
 (-5.434433374067453E-003,6.324622714022257E-003)
 (1.438797456887733E-004,1.332903317065931E-003)
 (-9.299744320824742E-003,6.824503362857031E-004)
 (-4.651054951491570E-003,5.547697992906955E-003)
 (-8.795950764382381E-003,4.754453372156076E-004)
 (-3.904638742330502E-003,4.392820729765335E-003)
 (-3.119203089633355E-003,3.435119331143232E-003)
 (1.214961569036266E-004,1.121186271444653E-003)
 (-2.031883451074715E-003,2.171496435256580E-003)
 (1.207674412546729E-004,9.065636857108342E-004)
 (5.297238107286953E-006,5.393212071765998E-004)
 (-1.624118924304642E-003,1.793677700659755E-003)
 (-9.568560988141184E-004,-7.846136765287632E-004)
 (-1.310222991844383E-003,-1.175830018029696E-003)
 (-1.306129451076595E-003,-1.197115644848356E-003)
 (-2.161476718879082E-003,1.008521382135869E-004)
 (-1.294744454068821E-003,1.310254900589100E-003)
 (5.469502762285149E-005,9.411302670767773E-004)
 (-1.446052391686931E-003,-1.295474762875462E-003)
 (-2.280013168068725E-003,1.189598811551756E-004)
 (-2.402769903160299E-003,7.739432470693316E-005)
 (-2.243188332894238E-005,-2.147249924355268E-004)
 (-8.286586272800091E-006,-1.240969583234148E-004)
 (-1.020241182772819E-003,8.625730978707702E-005)
 (-1.390697870619485E-003,6.808052359300341E-005)
 (-9.423244724213858E-004,4.294117877445792E-005)
 (-5.657935798763897E-004,6.025725052387247E-004)
 (-5.266737956599578E-004,5.806954146901887E-004)
 (-8.286654971159567E-004,4.630604377209029E-005)
 (0.000000000000000E+000,0.000000000000000E+000)
 (0.000000000000000E+000,0.000000000000000E+000)
 (0.000000000000000E+000,0.000000000000000E+000)
 (2.754625793178287E-003,-8.459856531264524E-003)
 (1.121303714316775E-002,4.097870587507817E-002)
 (-2.334134478315416E-002,6.427596849625241E-003)
 (5.155326574783899E-003,-1.409038220026014E-003)
 (5.020048338274834E-003,-8.954289637196095E-003)
 (-1.722573792879729E-004,-1.776365934041176E-003)
 (-2.081108911580367E-002,-1.188664354571767E-002)
 (-5.172041568357560E-004,8.043973270425330E-004)
 (2.500037332172923E-003,9.502852801313647E-004)
 (-9.534646934736960E-004,2.443886784657210E-004)
 (-9.068922353873781E-004,1.677118729446418E-003)
 (-8.569337621330249E-004,-3.787490189069773E-003)
 (-3.273500301762719E-003,-1.793360477102983E-003)
 (-3.707909262502323E-003,1.091158275416029E-003)
 (-1.310690395189480E-003,-4.337190519921658E-003)
 (-3.623916207691309E-003,-1.988898065783490E-003)
 (-9.099838027079631E-004,-3.199141041499454E-003)
 (-2.985065416382617E-003,-1.701487507729846E-003)
 (-2.507436656633736E-003,-1.452349324510393E-003)
 (-2.136061178474459E-003,6.150724398927756E-004)
 (-1.173985617381172E-003,-7.164097205641044E-004)
 (-7.039044392960487E-004,1.741548356163055E-004)
 (-1.379013682008056E-003,3.606030738383780E-004)
 (-9.181101477989651E-004,-5.464182325735942E-004)
 (2.864411163633795E-004,-5.775550347859675E-004)
 (-4.228836668784429E-005,2.911747773218939E-005)
 (-4.557245057975354E-006,2.337594198726032E-005)
 (-2.883310862716979E-005,-9.817880706706268E-005)
 (-7.985048379045844E-004,-4.815229872297606E-004)
 (-3.367457447940463E-004,7.408403116667236E-005)
 (-2.228722535357605E-004,4.067514661850726E-004)
 (-1.310969458068515E-004,-5.175470172848165E-004)
 (-2.645720959551093E-004,-1.026761542296091E-003)
 (1.367474997796784E-004,-2.677175282188022E-005)
 (-8.737400403437130E-004,2.121170603681268E-004)
 (-8.844998675701230E-005,-3.380348043614750E-004)
 (-4.361738125720097E-005,-2.095219758641085E-004)
 (-1.760650520498471E-004,-5.960407238623619E-004)
 (-8.538337318997756E-005,-7.392455065477959E-005)
 (-1.788233172445057E-004,-1.082282609993955E-004)
 (-4.344648240131188E-005,-1.523547324369765E-004)
 (0.000000000000000E+000,0.000000000000000E+000)
 (0.000000000000000E+000,0.000000000000000E+000)
 (0.000000000000000E+000,0.000000000000000E+000)
 (4.775232063564824E-002,7.350007880619432E-003)
 (6.449069506053436E-005,-5.462819789227037E-004)
 (9.169296537223075E-004,1.493204825001699E-003)
 (-3.266134515636874E-004,-1.637932555838220E-003)
 (1.731451805710281E-005,-1.931609486261482E-004)
 (-9.154113915287553E-003,6.219375025142335E-003)
 (8.406360889901663E-005,8.116662587348513E-005)
 (-1.205039715505737E-002,-1.812566268705191E-003)
 (-7.974389104107762E-004,4.461743655872492E-003)
 (5.190987498130024E-005,-1.421083199544308E-004)
 (2.384323027874825E-003,3.522708477621697E-004)
 (-2.722611378464733E-006,-5.145632572233419E-005)
 (-1.748592229788646E-004,1.502687785188737E-003)
 (4.211355987318100E-005,-2.838752459742461E-005)
 (5.529185996764061E-004,-4.682995594355121E-004)
 (1.979926834085200E-004,-1.416056967788113E-003)
 (-1.237431053701873E-003,8.429532253445994E-004)
 (8.915545714613809E-006,-4.789629431832667E-005)
 (-1.100328352778456E-004,8.312143942291342E-004)
 (-1.197994960842620E-005,-3.398068303892824E-005)
 (-1.201596607622153E-004,7.499388813867207E-004)
 (3.015611118248032E-005,2.355351701870030E-005)
 (2.154647159156891E-005,-1.814882687184439E-005)
 (-4.824356707934272E-005,4.924736409230456E-004)
 (2.728629552263113E-005,-4.361415408709464E-005)
 (-5.387024742462964E-004,-1.100056496369462E-004)
 (5.555323806461183E-004,5.992652651003815E-005)
 (1.154840660569160E-003,-9.126896346784088E-004)
 (2.127407527983725E-004,-1.457871014230266E-003)
 (-7.213868056722803E-006,-4.002067494068492E-005)
 (5.031599280767798E-005,-3.841851815834644E-005)
 (-1.644408598291026E-003,1.204586116112516E-003)
 (4.148675388726998E-004,-2.810368169366146E-004)
 (4.670963834475361E-006,-2.360050303939900E-005)
 (3.670731050315314E-005,1.260662366297872E-005)
 (-6.247840349770117E-004,4.779200621741339E-004)
 (-6.426261282232405E-004,4.456657381621028E-004)
 (1.489898534050915E-004,-1.413743301285425E-004)
 (1.837320810416481E-005,-1.397188294780820E-004)
 (1.019202060335094E-004,-5.629467668214726E-004)
 (3.916360587770862E-006,-9.420006106883319E-006)
 (0.000000000000000E+000,0.000000000000000E+000)
 (0.000000000000000E+000,0.000000000000000E+000)
 (0.000000000000000E+000,0.000000000000000E+000)
 AAAAAA
 (-5.557937722967263E-003,-3.395648449196274E-003)
 (-9.196366386842529E-003,2.695195366185117E-003)
 (-2.712321458032818E-003,-8.941815516931666E-003)
 (-2.501153407242669E-004,7.855263363038489E-004)
 (-1.177988092420164E-002,3.210673816912748E-003)
 (-1.464717666595220E-002,-8.293781820521748E-003)
 (-1.184019099029629E-002,3.577923087154261E-003)
 (-1.107289040445149E-002,2.838042864607283E-003)
 (-4.477224278238443E-004,4.962454470544401E-004)
 (-8.062490861148351E-004,1.787828697156903E-003)
 (-1.109082158690348E-002,-6.194152631526117E-003)
 (-2.324643396880399E-003,-7.671789475167667E-003)
 (-6.885864178517546E-004,1.163417011682182E-003)
 (-9.858184509761428E-003,-5.677718682707759E-003)
 (-5.585352792617732E-004,7.992432449328434E-004)
 (-1.482737654815073E-003,-4.849870381136470E-003)
 (-1.463817328355975E-003,-5.304994357853262E-003)
 (-1.197820982289105E-003,-4.624374732657117E-003)
 (-8.849358342515721E-004,-3.293360705479284E-003)
 (-7.927037944675602E-004,-3.193767132929457E-003)
 (-4.439937438702451E-003,-2.263818908785481E-003)
 (-3.555677621733411E-003,-1.891182248448578E-003)
 (-7.695013753405960E-004,-2.445234660555531E-003)
 (-2.818901676018413E-003,9.325465414698138E-004)
 (-2.773841171912375E-003,8.795579895093611E-004)
 (-2.553013306554883E-003,7.399217313307562E-004)
 (-2.244526660622485E-004,2.159844619269754E-004)
 (-2.170700834446243E-003,-1.268829501215199E-003)
 (-2.156705785428051E-003,-1.216292661437304E-003)
 (-5.193895355682129E-004,-1.620459041639248E-003)
 (-2.195350596202905E-003,-1.261408929453021E-003)
 (-1.170237437104516E-004,2.065897887992129E-004)
 (-4.274688899906640E-004,-1.252906752931634E-003)
 (-4.328002735973810E-005,7.795812419941739E-005)
 (-1.027119309184893E-004,1.015945347316137E-004)
 (-2.892609044086116E-004,-9.193854933154459E-004)
 (-1.052149240092613E-003,3.189571479565059E-004)
 (-9.966749081263848E-006,7.891880142370591E-005)
 (-6.357660587039186E-005,1.787059682740021E-004)
 (-8.013210599825999E-005,1.753941181679836E-004)
 (-6.104644366131264E-005,7.624154369523868E-005)
 (-9.022919637173635E-004,-5.205158606955368E-004)
 (-6.920090221654959E-004,2.019317621652844E-004)
 (-7.219441546218700E-004,-4.138178203418800E-004)
 (-3.505168752356921E-003,6.594632346895467E-003)
 (-1.270802925544671E-003,-3.284271737609557E-003)
 (6.199650388719250E-003,-2.373846343747682E-003)
 (9.135574196030453E-003,5.223742090252746E-003)
 (5.031633872935566E-003,1.643338062829654E-002)
 (3.173338148034985E-004,-5.189727933930114E-004)
 (5.559150277815586E-004,1.616629478879738E-003)
 (5.864967692830844E-003,1.794842728125919E-002)
 (7.542863246788507E-003,3.771062620656969E-003)
 (1.374546225384538E-002,7.051788561642496E-003)
 (-2.001965542958502E-004,6.229158557914997E-004)
 (5.573072731630633E-003,-1.473735255895694E-003)
 (8.779798663889535E-003,5.019328739024073E-003)
 (-1.384188809136504E-003,2.436149819473063E-003)
 (7.469229402373070E-003,3.843241450137848E-003)
 (3.775620909864225E-003,-1.183443735588716E-003)
 (3.621572898878698E-003,-1.147702496887798E-003)
 (3.562223277196653E-003,-1.138628295113400E-003)
 (2.634859998854104E-003,-8.645228985749419E-004)
 (2.276845319929409E-003,-8.131263569164049E-004)
 (-6.124461000430858E-005,3.940604221221991E-004)
 (-3.288086194456179E-004,7.638798113133891E-004)
 (1.730243583140893E-003,-5.699963999453526E-004)
 (9.214739848894921E-004,2.737048708360159E-003)
 (9.303733758844477E-004,2.797562761477601E-003)
 (6.238034952062090E-004,1.837199383518818E-003)
 (2.442398868886062E-003,1.304577977402797E-003)
 (-3.166553363650271E-004,6.055110875192145E-004)
 (-2.675251429812391E-004,5.244484820706271E-004)
 (1.084176806765090E-003,-3.491263132837577E-004)
 (1.860368361330969E-005,-2.581358802759728E-005)
 (1.866551140081641E-003,9.602789734879289E-004)
 (7.515624439974943E-004,-2.336904580067696E-004)
 (9.757924685735316E-004,4.498917207767777E-004)
 (9.648786607021464E-004,5.029429428710751E-004)
 (6.885326689150492E-004,-2.162994429332962E-004)
 (5.029985033536446E-004,1.626222604603021E-003)
 (5.644127425315439E-004,2.893774410786152E-004)
 (1.148883038573564E-003,6.105672046750228E-004)
 (1.165371416800135E-003,6.287127456727468E-004)
 (7.172199153998804E-004,3.830617640222853E-004)
 (6.782361921008507E-006,8.951735301159251E-006)
 (1.507242560269824E-004,4.758666429466568E-004)
 (-1.688754540663842E-004,3.359060578415987E-004)
 (-4.269607644193846E-003,2.967849992976756E-002)
 (1.426229754098701E-002,1.703922748902580E-002)
 (-2.295155940148194E-002,3.054140231699849E-003)
 (1.771530877378034E-002,1.276376395555911E-002)
 (-1.082412710683570E-002,-7.635990981250307E-003)
 (-1.141341494725202E-003,-9.373460177207376E-003)
 (1.586701954481813E-004,1.714070251132335E-003)
 (1.974251557411343E-003,1.894388612460166E-004)
 (-1.107451675183423E-003,3.872545731759850E-003)
 (5.943732220849938E-005,2.456185922816066E-005)
 (-2.047107978185377E-004,-6.741882064829282E-004)
 (1.554835653576335E-003,1.041849269312004E-003)
 (-4.115951325004740E-004,-1.655630443188263E-003)
 (-5.840666636736193E-004,-6.786997140177387E-004)
 (-2.159097657290735E-003,5.242353825071077E-004)
 (5.388889657245292E-004,-9.916845975864077E-004)
 (2.393960557049430E-005,6.355949389001005E-004)
 (-7.505306254306914E-005,1.189361689663681E-004)
 (-5.286460268071941E-004,9.548510939940323E-004)
 (-2.945703009344514E-004,1.299094462698220E-003)
 (8.118240915855378E-005,2.051393316049125E-004)
 (-2.255044663395854E-004,-3.447298881665596E-005)
 (-1.136440163157360E-004,5.210350002619959E-004)
 (-1.935347664903454E-004,1.067181990704759E-004)
 (1.880218879697726E-004,3.182889372330853E-004)
 (-1.863180565046020E-005,1.715241205776874E-005)
 (1.079273627847307E-003,-1.987190597778230E-005)
 (-3.247500989461130E-004,-2.839904446146332E-004)
 (1.459530252570012E-004,-4.380359881003277E-004)
 (7.619741399445458E-004,-1.453447125564568E-003)
 (-1.919637971505838E-004,-2.815048481351712E-004)
 (-1.716178946998254E-003,5.124114809204307E-004)
 (8.658563159508949E-004,-4.528575384167120E-004)
 (-9.317705626772296E-004,6.054662642551715E-004)
 (5.637320331403415E-004,4.733718250923645E-004)
 (1.011011938306485E-003,-1.260039001815642E-003)
 (-4.432076033498392E-005,-1.228187874726086E-004)
 (1.855751470926815E-004,-1.156651805511288E-004)
 (-5.532729039285741E-005,-2.449171469586552E-004)
 (-5.328685696927003E-004,2.223515502681426E-004)
 (-4.641119626516519E-004,3.137902602228165E-004)
 (7.053487570516786E-006,-1.686636445272047E-004)
 (-2.954498700064468E-005,1.036128278917070E-004)
 (-3.251139530977745E-005,9.653647379030897E-005)
 (-3.680070726677552E-003,2.763753363974344E-002)
 (1.182802129515586E-002,1.473209893635007E-002)
 (-2.781605262168500E-002,3.644281562933416E-002)
 (4.156484849301937E-002,-6.061848567547799E-003)
 (-1.390331609076480E-004,-5.682896639222707E-003)
 (3.021917620149498E-003,-2.954129875699146E-003)
 (2.927675125806612E-003,1.972129169396988E-003)
 (-2.432323154072884E-003,-9.321421758850461E-005)
 (9.068388735645276E-003,-3.278089336703181E-003)
 (1.607888840109396E-004,-5.941287757064116E-005)
 (2.041460271481523E-004,-2.807834323484510E-004)
 (2.318853333411237E-003,-4.446427961524406E-003)
 (-4.337185463707208E-003,1.194411588654118E-003)
 (5.246023516422086E-004,8.624804873805441E-004)
 (6.837615838413950E-005,-9.365093481399824E-004)
 (2.835215908308625E-004,3.591113105254178E-004)
 (3.672350659553677E-004,-1.077555554731984E-003)
 (-6.224281419140229E-006,-1.353021357258946E-004)
 (-2.050762484452911E-004,-5.614433910639810E-004)
 (2.618045197676696E-004,-1.455633221898803E-003)
 (-1.693779721742636E-004,-1.892568299515009E-004)
 (1.674147604278878E-004,5.294760240732320E-004)
 (7.121387988109704E-005,-5.781036640980830E-004)
 (4.120786421243633E-004,1.954198422119719E-004)
 (1.798679229502012E-004,2.587500816062615E-004)
 (-2.897902607590951E-005,-1.925099850869891E-005)
 (5.766359776703338E-004,2.551258036978858E-004)
 (2.549809386641609E-004,6.211162235410300E-004)
 (-4.886633137219591E-005,-6.499859293072911E-004)
 (2.671162014765842E-004,7.980360905026075E-004)
 (2.150748630703875E-004,2.947467352104598E-004)
 (4.214926621116362E-004,-8.601684036368543E-004)
 (8.239133608450793E-004,-8.425292311824591E-004)
 (1.025241785472760E-003,-6.886047544389534E-004)
 (1.454154661993390E-003,-2.648112955962610E-004)
 (6.964564328419496E-004,2.727409404981302E-005)
 (-2.302897919885078E-004,-1.593972773001022E-004)
 (-2.260368506246842E-004,1.579719018548182E-004)
 (-6.205486038991358E-004,1.817863828778041E-004)
 (2.478766198182771E-004,-2.977364635870609E-004)
 (5.042306147904654E-004,-3.510997409026691E-004)
 (3.373252071879813E-005,-1.198249343615867E-004)
 (1.999803131690810E-004,1.142893284049373E-004)
 (-6.013790908587942E-006,9.584910289334059E-005)
 AAAAAA
 (-8.301222609501117E-003,1.501494813338223E-003)
 (-6.205407392993658E-003,-5.627850348843179E-003)
 (-1.595804074132313E-003,2.265985847255298E-003)
 (-6.274698273585175E-004,-6.989202479429895E-003)
 (-1.503123967915383E-002,-1.237051322981906E-002)
 (-1.317454486872284E-002,1.173017217236199E-003)
 (-1.311198123644796E-002,1.215662153016520E-003)
 (-1.059597907666545E-003,1.573859678871406E-003)
 (-1.364635798407408E-002,1.323384167447541E-003)
 (-1.126132580306179E-002,-9.304713130971507E-003)
 (-2.945851421815523E-003,3.136423841637871E-003)
 (-6.153763194601812E-004,-6.397537901757468E-003)
 (-2.272016511536952E-003,2.549247639785542E-003)
 (-8.761340643378961E-003,-7.040105390119249E-003)
 (-4.525301850602657E-004,-5.390267605766544E-003)
 (-4.550098863652785E-004,-4.638304344284209E-003)
 (-1.593735841721188E-003,1.773865442366096E-003)
 (-3.909228294561781E-004,-3.560371232603905E-003)
 (-3.549159920847349E-004,-3.248702631599548E-003)
 (-3.127241721936230E-004,-2.779054896941925E-003)
 (-3.480675925096918E-003,-2.859222950957864E-003)
 (-3.112781398087290E-003,-2.541796057358495E-003)
 (-3.425472089832886E-003,2.089030202144321E-004)
 (-2.438314247132769E-004,-2.028067444923714E-003)
 (-2.901895364378183E-003,2.511404238420491E-004)
 (-2.585632526073297E-003,2.164514240823287E-004)
 (-5.162003518417518E-004,5.908166628350611E-004)
 (-4.328749051084007E-004,5.266268930392935E-004)
 (-1.937495147090592E-003,-1.562781131765912E-003)
 (-1.754603929385849E-003,-1.466537241224897E-003)
 (-1.039393575417835E-004,-1.145731797945623E-003)
 (-1.615001675608556E-003,-1.311284425951260E-003)
 (-1.619439092868380E-003,1.350057174652315E-004)
 (-1.679991386168683E-004,2.223207867507975E-004)
 (-4.203067142384936E-004,4.753949311391570E-004)
 (-2.327858765702308E-004,2.164476304776600E-004)
 (-3.526219238962220E-004,4.219399935404705E-004)
 (-8.795049370712813E-005,-8.945141803602433E-004)
 (-8.472430711626955E-004,-6.762052900973585E-004)
 (-1.526804193011724E-004,2.465702467647371E-004)
 (-6.790785517519104E-005,-6.191167067970524E-004)
 (-1.442276166016247E-004,1.564072137810058E-004)
 (0.000000000000000E+000,0.000000000000000E+000)
 (0.000000000000000E+000,0.000000000000000E+000)
 (3.181119147502401E-003,1.292909749039630E-002)
 (5.901167667378544E-004,-2.034687847218535E-003)
 (-7.771733767975534E-003,-4.491983170120770E-003)
 (-1.159255673674094E-002,2.721905484605163E-003)
 (-3.010552987228750E-003,5.347420360456776E-003)
 (8.431593828117463E-004,2.505785319305778E-003)
 (-3.108250794051462E-003,-1.102292514508369E-002)
 (-8.274557797205338E-003,-4.930441146423891E-003)
 (-3.552952112744322E-003,-1.149936929200926E-002)
 (-2.678464443439082E-003,4.115722189690184E-003)
 (-1.049961616448229E-002,-5.819799851336598E-003)
 (-7.799980491569891E-003,2.031567048221147E-003)
 (-8.237765603590363E-003,-4.705186356365878E-003)
 (-1.444850262292123E-004,2.923356201994724E-004)
 (-6.364194080716251E-003,1.712157570700058E-003)
 (-5.770146509692398E-003,1.556036456053479E-003)
 (-6.010067497920688E-003,-3.328369880367799E-003)
 (-4.489064959028037E-003,1.182008709253188E-003)
 (-4.430402039709814E-003,1.256814569159543E-003)
 (-3.563736581499559E-003,9.858321531574345E-004)
 (-5.663985096439790E-004,8.217562131473139E-004)
 (-2.266438628096156E-004,3.612154373104089E-004)
 (-5.873832800245534E-004,-1.951763624803588E-003)
 (-2.444547519463713E-003,6.738209254461170E-004)
 (-4.601021848706741E-004,-1.616526964250221E-003)
 (-1.755087909982812E-004,-9.329717539977339E-004)
 (-1.837880304003232E-003,-1.071997963503075E-003)
 (-2.112251681704935E-003,-1.225660615907696E-003)
 (-4.268622086720073E-005,1.403913369536566E-004)
 (2.944644735392032E-006,3.138579451501236E-005)
 (-1.193510384097139E-003,2.693450377798216E-004)
 (-3.914632760917857E-004,6.978553436430745E-004)
 (-4.460355354411975E-004,-1.551121043417704E-003)
 (-9.947485737455551E-004,-6.003594656456637E-004)
 (-1.460875207216872E-003,-8.775576382649134E-004)
 (-8.011075270184049E-004,-4.765409584016491E-004)
 (-1.272448758194673E-003,-7.101544266685316E-004)
 (-9.102880134186311E-004,2.670323909060410E-004)
 (8.571131744509574E-005,-1.380508365323434E-004)
 (-8.040387376167177E-004,-4.508531430766302E-004)
 (-6.703422733370223E-004,2.024346368905914E-004)
 (-6.015436908483129E-004,-3.426891250840243E-004)
 (0.000000000000000E+000,0.000000000000000E+000)
 (0.000000000000000E+000,0.000000000000000E+000)
 (-3.536763063036413E-002,-1.109728182945125E-002)
 (-6.738101911136756E-003,-1.308527611973180E-002)
 (-1.159160001174896E-002,5.753977990215584E-003)
 (8.869774059479491E-003,-2.508249165257009E-002)
 (2.267034920725369E-003,3.655896955969456E-003)
 (5.758522664008982E-003,1.534457792709939E-003)
 (1.321363946873308E-002,4.217160487826670E-003)
 (9.801369339722298E-003,-5.123363657259512E-003)
 (9.807011481659055E-005,-4.785731618042401E-004)
 (-2.536313110425154E-004,-1.236982979176260E-003)
 (6.950377148196614E-003,-3.803737202458814E-003)
 (2.108923431784292E-003,-6.988276327081861E-003)
 (7.197018929051702E-003,-3.839822798386716E-003)
 (-1.504980684560119E-003,-3.010693731653493E-003)
 (1.432564223347001E-003,-4.441385422726387E-003)
 (1.754256867111960E-003,-5.632528793099180E-003)
 (5.138465631573157E-003,-2.845066372076955E-003)
 (1.274662586498977E-003,-3.908869497706133E-003)
 (1.428288857687900E-003,-4.734226744539202E-003)
 (1.182886235294517E-003,-3.825467574800512E-003)
 (-3.528916980351365E-004,-8.764847543552470E-004)
 (-3.998465167279876E-004,-9.070897478702733E-004)
 (9.454449581183886E-004,1.840939137931029E-004)
 (7.312788197038219E-004,-2.373580410672948E-003)
 (2.498362404882586E-004,6.599289991656077E-006)
 (9.226396265934575E-004,3.191520143427047E-004)
 (6.882047018607745E-005,-5.824232100367223E-005)
 (2.557957788292123E-003,-1.336290543981962E-003)
 (-3.299406767031913E-004,-6.425506010133847E-004)
 (-2.185692365523166E-004,-4.482826617761794E-004)
 (-2.077627062629516E-005,1.534175758720485E-004)
 (-9.893346532941307E-006,-6.197099039160326E-005)
 (3.471654857361503E-004,8.189184896574961E-005)
 (1.641971384157694E-003,-8.610239824845987E-004)
 (1.527099911301030E-003,-8.202947164466653E-004)
 (3.594621283408979E-004,-2.272092164418852E-004)
 (8.639808738362281E-004,-4.603406995797140E-004)
 (2.737546409773621E-005,-2.324662410792191E-004)
 (-2.869778886537771E-004,-5.379452083517016E-004)
 (1.008637365155862E-003,-5.484646393388024E-004)
 (9.729641208615814E-006,-3.420903214897006E-005)
 (5.311295596861530E-004,-2.882137765637248E-004)
 (0.000000000000000E+000,0.000000000000000E+000)
 (0.000000000000000E+000,0.000000000000000E+000)
 (-8.973961493623520E-003,4.908548701027475E-003)
 (-1.573233912820929E-002,-6.048467913579937E-003)
 (-1.620945371942467E-002,4.045222478936513E-002)
 (-1.296942252402576E-002,-3.349277783625607E-002)
 (-4.376457512331543E-004,-1.473477212039428E-004)
 (-2.136347605200407E-003,1.397408927018823E-003)
 (1.417859390438330E-004,5.179317174653646E-004)
 (-3.943134508029630E-003,1.069521610514685E-002)
 (9.143421301240934E-004,9.170473457445483E-005)
 (-2.524188271136457E-004,-5.673138446935850E-005)
 (1.772605939387798E-004,1.207855273648923E-004)
 (2.238026587854409E-003,5.296566509733000E-003)
 (1.526578602694874E-003,-3.268826188209179E-003)
 (-1.467644466511024E-003,-4.447720764509250E-004)
 (-3.139560154206088E-004,-8.520092298537366E-004)
 (5.925313285088195E-004,1.301460203579893E-003)
 (7.073465830663147E-005,3.216402121262358E-004)
 (-8.035880119364056E-005,-3.447287978402850E-004)
 (1.637893976660347E-004,2.723455675324161E-004)
 (7.072910554943630E-004,1.600765041348495E-003)
 (1.391143641780454E-004,1.331340574588821E-004)
 (-7.634867673287519E-004,-2.458093655285852E-004)
 (-2.245250803117707E-004,2.137737984561573E-004)
 (2.409229308453139E-004,5.168155079956261E-004)
 (-1.194818597215497E-004,1.188321952864225E-004)
 (-8.249393554538125E-006,8.714130265319103E-005)
 (-1.029221311068695E-004,3.763997374885020E-004)
 (-2.038563910072254E-004,7.055091815800981E-004)
 (-1.040063708307381E-003,-3.841381232673337E-004)
 (7.455265819752017E-004,3.176824558031932E-004)
 (-4.037295169899796E-004,-9.780096577464074E-004)
 (-5.767616919551027E-004,-2.080904406448168E-004)
 (1.803251111789577E-004,-2.644268060150509E-005)
 (-3.905060496639814E-004,1.152943528028263E-003)
 (-2.228687441604909E-004,6.858189302607847E-004)
 (-2.982497005008656E-004,8.153412197074290E-004)
 (3.646062635482021E-004,-7.726007967469236E-004)
 (2.533522462915931E-004,5.851641528706631E-004)
 (-1.505972065688552E-004,-3.999102078394683E-005)
 (-2.441227967765608E-004,6.810802837669909E-004)
 (-5.446443416345574E-006,-1.840322200878375E-005)
 (7.838430397686901E-005,-1.206837672910514E-004)
 (0.000000000000000E+000,0.000000000000000E+000)
 (0.000000000000000E+000,0.000000000000000E+000)
