 AAAAAA           2
 (0.106489382647097,-6.026044254782634E-004)
 (-5.692664876476549E-004,-5.628596057207669E-004)
 (-7.921627379513912E-003,8.011792521816531E-003)
 (-7.163098441774256E-003,7.244632183411742E-003)
 (9.416727830805372E-005,1.664109113369606E-002)
 (-1.393223897610759E-002,7.883973293857250E-005)
 (7.282255604084764E-005,1.286892760717599E-002)
 (6.006961683903932E-005,1.061549178877481E-002)
 (-1.741720394267696E-004,-1.722115474864438E-004)
 (-9.757081743861914E-003,5.521349851055589E-005)
 (5.602518218723136E-005,9.900796698825992E-003)
 (2.095975776280568E-004,2.072373856175892E-004)
 (1.857323446756776E-004,1.836429301167576E-004)
 (-1.581445476346591E-004,-1.563676821239564E-004)
 (-8.133128676828173E-003,8.225703769988071E-003)
 (-7.706145626976832E-003,7.793854925608733E-003)
 (-7.178566485197752E-003,7.260273087898534E-003)
 (-6.674074787584201E-003,6.750040955832886E-003)
 (-6.208661165815877E-003,3.513291742665852E-005)
 (3.496373125859626E-005,6.178729434950855E-003)
 (-5.682800543599160E-003,3.215727305060112E-005)
 (2.972071127780055E-005,5.252381671552242E-003)
 (-3.480665466297417E-003,1.969650349778755E-005)
 (1.876808967539141E-005,3.316704264598077E-003)
 (2.108331764193753E-004,2.084616235440735E-004)
 (1.721438104713795E-005,3.042061924116479E-003)
 (1.721442628241170E-005,3.042061250331202E-003)
 (-1.150627363550890E-004,-1.137680003906994E-004)
 (-1.150628515115910E-004,-1.137672223405843E-004)
 (-2.720666507644377E-003,1.539591853063564E-005)
 (-2.720666073115666E-003,1.539653224620380E-005)
 (-1.725284267086271E-004,-1.705866638067404E-004)
 (-6.205791073915840E-006,-6.137097406491439E-006)
 (-2.081163942909720E-003,2.104851861581037E-003)
 (-1.992131032758756E-003,2.014805874803616E-003)
 (-1.992132067738454E-003,2.014806085843902E-003)
 (-1.324039028095515E-003,7.492557823170361E-006)
 (-1.324038637918471E-003,7.492759554394589E-006)
 (-1.638827780185978E-003,1.657480928150163E-003)
 (6.517356718773490E-006,1.151700010316444E-003)
 (6.516871952003036E-006,1.151700257113762E-003)
 (-5.383771006803850E-005,-5.323206661322231E-005)
 (0.000000000000000E+000,0.000000000000000E+000)
 (0.000000000000000E+000,0.000000000000000E+000)
 (0.000000000000000E+000,0.000000000000000E+000)
 (0.000000000000000E+000,0.000000000000000E+000)
 (-0.112417078716440,6.772725657947364E-002)
 (-0.223156568855824,-5.536028739199642E-002)
 (-7.322473948400927E-003,2.951674093646250E-002)
 (-8.658410467935887E-004,3.490061269336852E-003)
 (-4.976632591904500E-003,-8.260459418492339E-003)
 (1.268229681659143E-002,-7.640651685881830E-003)
 (1.013486185686756E-002,1.682238084628161E-002)
 (-5.772004167331357E-003,-9.580682064260038E-003)
 (3.687929806076946E-003,9.148782564088898E-004)
 (9.211637353503523E-004,-5.549665187954028E-004)
 (6.484484651909367E-003,1.076329633499757E-002)
 (7.269310836598219E-003,1.803369859532016E-003)
 (9.691252674528049E-003,2.404193413125922E-003)
 (6.881670669054575E-003,1.707191562498011E-003)
 (1.939878223664523E-003,-7.819572698990855E-003)
 (-7.336573456015045E-004,2.957271207683986E-003)
 (-1.309001921326332E-003,5.276549940609464E-003)
 (-3.397762811555325E-004,1.369599228637285E-003)
 (1.987039469687844E-003,-1.197123543006759E-003)
 (3.142493817640339E-003,5.216085258328744E-003)
 (1.181136108830733E-003,-7.115979128386753E-004)
 (1.260993528518721E-003,2.093048521792521E-003)
 (3.145804718521777E-003,-1.895230947595819E-003)
 (1.405929130032786E-003,2.333620147821855E-003)
 (3.287005406622085E-003,8.154435735351483E-004)
 (1.636706472246973E-003,2.716679338025457E-003)
 (1.636690842831225E-003,2.716667801315942E-003)
 (1.700056403305290E-003,4.217469064135082E-004)
 (1.700062068037102E-003,4.217522823053001E-004)
 (9.846409524896919E-004,-5.932076854647448E-004)
 (9.846469024094571E-004,-5.932022633844832E-004)
 (6.707402795265687E-004,1.663977467981070E-004)
 (7.980511937357127E-004,1.979808585761231E-004)
 (-1.158590142972049E-005,4.669737514086652E-005)
 (-3.650626084614763E-004,1.471537566955460E-003)
 (-3.650629152418598E-004,1.471536818231453E-003)
 (4.817067574878730E-004,-2.902093313386920E-004)
 (4.817135581004460E-004,-2.902073920975399E-004)
 (2.778537401951121E-004,-1.120055432325008E-003)
 (1.678705031932656E-004,2.786365136812156E-004)
 (1.678742114478373E-004,2.786408020169922E-004)
 (1.312689633930355E-004,3.256876445293246E-005)
 (0.000000000000000E+000,0.000000000000000E+000)
 (0.000000000000000E+000,0.000000000000000E+000)
 (0.000000000000000E+000,0.000000000000000E+000)
 (0.000000000000000E+000,0.000000000000000E+000)
 (-2.583128502057282E-002,0.274266333834386)
 (0.142864545331167,0.257708576288204)
 (3.132446900555839E-002,-7.883546099119408E-005)
 (7.352859027739536E-003,8.882025575055266E-003)
 (-8.998454136525266E-003,1.837710907442709E-002)
 (2.017990639897243E-002,-2.849618488336593E-003)
 (3.352662700598561E-003,-1.169396405089369E-002)
 (1.451602004735688E-003,1.367195169385179E-004)
 (-5.082181720022272E-003,-1.352480781008828E-003)
 (-3.827997923713252E-003,6.544998611265724E-003)
 (-6.209390801076923E-004,-8.245412312463240E-003)
 (9.329657984854104E-004,3.578576954638401E-003)
 (2.170216970827911E-003,1.520191651677977E-003)
 (4.906935224541812E-004,-3.100976527116610E-004)
 (1.881606466952692E-003,-1.043096526582648E-003)
 (2.031961875949883E-003,-6.669280401984187E-003)
 (2.137355367730533E-003,2.581820838779883E-003)
 (-5.467031138507284E-003,4.213824264878790E-003)
 (1.023126642276949E-003,1.089651961915374E-003)
 (-5.270256971482550E-004,1.838241397340167E-003)
 (-5.585535476611313E-003,-1.601372612504472E-003)
 (2.765806927135688E-004,1.309228163101222E-003)
 (9.526501365146478E-004,-2.457942664793942E-004)
 (-4.383941608164658E-004,2.465095267521659E-003)
 (3.783331186824748E-004,6.824609723287303E-004)
 (-3.380140245679950E-004,-2.375079965732527E-003)
 (1.167662251156568E-003,-5.187006232437606E-004)
 (1.875947704837871E-003,8.070630590133424E-004)
 (-1.235750864110422E-003,-1.803716036063145E-003)
 (-2.391519878298403E-005,1.770144060597011E-003)
 (3.213541889867391E-003,-8.556791372811233E-004)
 (-8.727860250271087E-004,7.225252035484245E-004)
 (5.812832299739738E-004,-4.812167124440545E-004)
 (-7.961659584650666E-004,7.495659012365153E-004)
 (1.255158174653989E-003,-1.101049891035266E-003)
 (-9.409985302794541E-004,-1.680798979336218E-004)
 (-1.878876253350826E-004,-4.226805551291316E-004)
 (2.679333124277686E-004,-4.273062497760277E-004)
 (5.472557117590658E-004,3.538287645816764E-004)
 (1.693275243240892E-004,-3.938952126168605E-004)
 (9.625112473044201E-005,5.137920031868981E-004)
 (-2.270325138894959E-004,-9.698933045278232E-004)
 (0.000000000000000E+000,0.000000000000000E+000)
 (0.000000000000000E+000,0.000000000000000E+000)
 (0.000000000000000E+000,0.000000000000000E+000)
 (0.000000000000000E+000,0.000000000000000E+000)
 (-0.202822580996383,0.508906861165392)
 (-0.225956363258736,-6.135904784351819E-002)
 (6.961585055133248E-003,4.696488990029336E-002)
 (9.059690485772260E-003,2.106650305561708E-002)
 (-1.443099123614317E-002,-1.611334431893996E-002)
 (-7.687494438718080E-003,-7.634549659244660E-003)
 (4.804791426744191E-003,8.387002871649986E-003)
 (2.693379739624401E-003,1.073403820662823E-003)
 (-3.701779454360896E-003,3.936518622590457E-003)
 (-3.260230654257640E-003,1.252264841170199E-002)
 (-2.117371828920119E-003,3.568561273007040E-003)
 (-4.323498958672621E-003,2.429026013411130E-005)
 (1.650183619573903E-004,-1.469073414422866E-003)
 (1.019119519425400E-003,-4.789987756479508E-004)
 (-4.480091185894113E-004,1.649777318478123E-003)
 (-5.107628772234723E-003,-4.471530766540254E-003)
 (2.633419939332740E-003,6.123441021546501E-003)
 (2.288616956785623E-003,-3.458439861134915E-003)
 (-1.359489775798591E-003,1.889191412474571E-003)
 (-7.553923970557623E-004,-1.318688457586993E-003)
 (4.005976216362851E-003,-2.295039065044964E-003)
 (6.650026160502822E-004,-4.265019271175031E-004)
 (-2.755739830970776E-004,-5.656502198464714E-004)
 (-5.178202565841643E-004,-1.557125211598076E-003)
 (-5.983464433779381E-004,-1.625059905634345E-004)
 (-9.037163108205588E-004,9.028130689728499E-004)
 (2.092795707261496E-003,1.172834869895028E-003)
 (9.041052800895992E-004,-1.383765219819781E-003)
 (1.315241288156509E-003,6.262389325669310E-004)
 (-1.379475481783279E-003,3.267946454104298E-003)
 (-9.085412694320784E-004,-1.957140309070776E-003)
 (-2.069847001160057E-003,8.901269696386560E-004)
 (1.378716584639356E-003,-5.928543505923776E-004)
 (4.466350208304756E-004,-3.504273567629755E-004)
 (-6.368638392172537E-004,6.433147225986197E-004)
 (-3.513428792394911E-004,-1.603115859904174E-003)
 (4.244869783588373E-004,-7.573364108533357E-004)
 (2.039742254872320E-004,-8.195795509697249E-004)
 (4.179825875336163E-004,1.221215195539791E-003)
 (2.658169508063026E-004,3.268677855963573E-004)
 (2.382020137787289E-004,-1.770721947680583E-004)
 (1.200887575425577E-003,-2.824472376122204E-005)
 (0.000000000000000E+000,0.000000000000000E+000)
 (0.000000000000000E+000,0.000000000000000E+000)
 (0.000000000000000E+000,0.000000000000000E+000)
 (0.000000000000000E+000,0.000000000000000E+000)
 AAAAAA           3
 (3.140465996511322E-002,8.450817566930875E-002)
 (1.111712162936487E-003,-2.426641590271728E-003)
 (-9.136169310176230E-003,-4.185581975136703E-003)
 (-9.699103701060457E-003,-4.443480767628298E-003)
 (-1.684334297844779E-002,6.259271520884093E-003)
 (-5.241960752181736E-003,-1.410581665723550E-002)
 (-1.113382431796164E-002,4.137525010077591E-003)
 (-9.700459525085515E-003,3.604858260677601E-003)
 (3.134017572987807E-004,-6.840832006773157E-004)
 (-1.347846992936054E-004,2.942194821593277E-004)
 (-3.101894878642768E-003,-8.347031618934865E-003)
 (-1.457813623552694E-004,3.182016746961031E-004)
 (-8.505940689503054E-003,3.160954577406965E-003)
 (-1.116120221351810E-002,-5.113315516578192E-003)
 (-1.065438794631048E-002,-4.881127888866355E-003)
 (6.785712285199992E-005,-1.481121398560463E-004)
 (-8.126021690607386E-003,-3.722797648009808E-003)
 (-2.134283583809237E-003,-5.743237795247068E-003)
 (-5.807452920486541E-003,2.158152689825432E-003)
 (-7.455719534253731E-003,-3.415710294803116E-003)
 (-1.737733365765269E-003,-4.676149870953331E-003)
 (-4.123500498994217E-003,1.532362238823097E-003)
 (-3.665887027410916E-003,1.362305862326418E-003)
 (-1.313107215831391E-003,-3.533495925150758E-003)
 (-1.994184316786742E-004,4.352909384268938E-004)
 (-3.176083275892853E-003,1.180287569065317E-003)
 (-3.219423663951137E-003,-1.474924712682884E-003)
 (-1.033379470505401E-003,-2.780766242798913E-003)
 (1.940446184554375E-004,-4.235553765044935E-004)
 (-8.283781279962853E-006,1.807969928512614E-005)
 (-2.450426036062482E-003,9.106191691178609E-004)
 (-8.436043887574238E-004,-2.270094025266532E-003)
 (2.190558783806920E-005,-4.781602394290081E-005)
 (-2.606358258699432E-003,-1.194060094157400E-003)
 (-2.483301818559583E-003,-1.137683348401353E-003)
 (-4.714295623253539E-004,-1.268592420774744E-003)
 (-4.714291183709088E-004,-1.268591654009363E-003)
 (-3.557156119541754E-006,7.768724209774517E-006)
 (-2.120243515703885E-003,-9.713552913437509E-004)
 (-1.145150883423698E-003,4.255579751457401E-004)
 (-3.023662862100844E-004,-8.136519262020468E-004)
 (-9.438134334841814E-004,3.507369606084939E-004)
 (0.000000000000000E+000,0.000000000000000E+000)
 (0.000000000000000E+000,0.000000000000000E+000)
 (0.000000000000000E+000,0.000000000000000E+000)
 (0.000000000000000E+000,0.000000000000000E+000)
 (5.782619178447222E-003,2.257337692127094E-003)
 (5.746665385668923E-002,0.131060038780755)
 (2.306883099778300E-003,-1.011552887879948E-003)
 (1.158070278864036E-002,-5.077836721658884E-003)
 (6.663865143321842E-004,-1.706965544293415E-003)
 (-1.403665281136108E-002,-5.479307906925932E-003)
 (6.971261095965003E-003,-1.785839321621364E-002)
 (-2.347190557751573E-003,6.012938645956824E-003)
 (-3.469082569946558E-003,-7.911545419138790E-003)
 (-4.931578445665853E-003,-1.124731142248051E-002)
 (-4.343278694886860E-003,-1.695498623131060E-003)
 (-3.871747029425948E-003,-8.829918011774433E-003)
 (4.062501789938352E-003,-1.040697971697358E-002)
 (-6.307770840771031E-003,2.765754480716567E-003)
 (4.025976169131757E-003,-1.765308695135017E-003)
 (-3.309621339873158E-003,-7.547891614242991E-003)
 (2.716029340058840E-003,-1.190850203185879E-003)
 (-3.359646649643353E-003,-1.311504776331396E-003)
 (2.441618840193940E-003,-6.254612005370597E-003)
 (1.392223003042281E-003,-6.104751768727162E-004)
 (-1.371921471644328E-003,-5.355296898022362E-004)
 (8.911187359108921E-004,-2.282847158717199E-003)
 (1.593062596608235E-003,-4.081006339189257E-003)
 (-3.962986285338390E-003,-1.547013149809372E-003)
 (-1.959863672153821E-003,-4.469790789009111E-003)
 (1.326385505317289E-003,-3.397946733715026E-003)
 (4.304122709831105E-004,-1.887164991360661E-004)
 (-2.396903954040179E-003,-9.356621669703354E-004)
 (-7.729354588167439E-004,-1.762736397939316E-003)
 (-7.922593460091455E-004,-1.806912858335669E-003)
 (7.844769189006549E-004,-2.009628699845972E-003)
 (-1.051294623542437E-003,-4.103934594983338E-004)
 (-6.156096740505882E-004,-1.403936270777318E-003)
 (1.499981254878769E-003,-6.577409424959869E-004)
 (1.115154126644680E-003,-4.889378941984755E-004)
 (-7.933844904237860E-004,-3.096979513491115E-004)
 (-7.933764823131734E-004,-3.096897638308015E-004)
 (-2.581259000122485E-004,-5.886305875097591E-004)
 (-1.266544127960252E-003,5.553496196746405E-004)
 (1.172287136476856E-004,-3.003079460947953E-004)
 (-9.371341692772340E-004,-3.658275702487418E-004)
 (1.336865836505635E-004,-3.424521177523393E-004)
 (0.000000000000000E+000,0.000000000000000E+000)
 (0.000000000000000E+000,0.000000000000000E+000)
 (0.000000000000000E+000,0.000000000000000E+000)
 (0.000000000000000E+000,0.000000000000000E+000)
 (-1.774777574733684E-007,-8.941604969591191E-007)
 (8.792805608442916E-002,0.219244370935902)
 (9.001068201060656E-008,5.779642340229377E-008)
 (8.169820295781468E-003,-3.276862994397724E-003)
 (-4.432196857507113E-003,1.036753442651486E-002)
 (2.173138357350226E-002,9.290098877041391E-003)
 (3.075599711434989E-003,-7.194315622325366E-003)
 (3.761779617388047E-008,1.148618861971595E-007)
 (-1.052887046680121E-003,-2.625367771424689E-003)
 (1.468579054144586E-003,3.661807007290611E-003)
 (-2.919175592202816E-003,-1.247994467541822E-003)
 (3.823571944608731E-004,9.533847283406644E-004)
 (1.871175681308027E-003,-4.377183369125523E-003)
 (1.529622061793847E-003,-6.134682984301779E-004)
 (4.864747774116884E-003,-1.951047563007850E-003)
 (1.551643153429233E-004,3.869314396912509E-004)
 (-2.305245321175311E-009,-2.232070953587270E-008)
 (2.035355923681906E-003,8.700904646728954E-004)
 (-6.610488382933646E-004,1.546277098003690E-003)
 (-4.953700071284227E-003,1.986647938790490E-003)
 (-4.917976895400377E-003,-2.102424188585696E-003)
 (-3.236515739505337E-004,7.570646156712260E-004)
 (-8.828197654601958E-004,2.065020231713911E-003)
 (1.646364912773114E-004,7.034892406832345E-005)
 (2.668687793743947E-004,6.654578620789274E-004)
 (6.658754765176046E-004,-1.557681314416228E-003)
 (-8.759492113802495E-004,3.512767364864199E-004)
 (1.918546069087758E-004,8.199801183062372E-005)
 (3.572638417112984E-008,1.884958135001059E-008)
 (-7.874571971667581E-004,-1.963437184822368E-003)
 (1.849176145694882E-004,-4.325329899246684E-004)
 (2.618821643478501E-003,1.119525464418433E-003)
 (6.724304480175803E-004,1.676670843488245E-003)
 (-1.220144857390170E-003,4.893353904832846E-004)
 (1.842537900960506E-003,-7.389464995631145E-004)
 (2.544625705504861E-004,1.087850716028561E-004)
 (-2.544583460038664E-004,-1.087687375591315E-004)
 (1.917321489755434E-008,1.996242817868969E-008)
 (3.865094879449980E-004,-1.550183044858169E-004)
 (1.170591959221592E-004,-2.737963141481478E-004)
 (4.732644283130078E-008,-1.436150348463097E-008)
 (-1.635043410121115E-004,3.824632751493241E-004)
 (0.000000000000000E+000,0.000000000000000E+000)
 (0.000000000000000E+000,0.000000000000000E+000)
 (0.000000000000000E+000,0.000000000000000E+000)
 (0.000000000000000E+000,0.000000000000000E+000)
 (0.244316183649517,5.040258485241069E-002)
 (8.927379503288731E-002,0.135683142039602)
 (4.055139808918608E-002,-2.668110976216359E-002)
 (2.272025427658024E-002,-1.494906310096115E-002)
 (-6.421564115496081E-003,3.112673515030218E-002)
 (7.608777555201006E-003,1.569691758790119E-003)
 (1.078813931685480E-003,-5.229193178845462E-003)
 (-1.971062494228890E-003,9.554282734246666E-003)
 (6.996446388639321E-003,1.063355082558060E-002)
 (1.633835371700004E-003,2.483177280637288E-003)
 (1.059781990958972E-002,2.186324714327995E-003)
 (3.226510606680580E-003,4.903843323766121E-003)
 (-4.295926391897788E-005,2.082809182397605E-004)
 (1.127848349819478E-003,-7.420657389600955E-004)
 (-3.526804999736760E-003,2.320501398012477E-003)
 (2.695573874785967E-003,4.096870469830339E-003)
 (5.260495704988922E-003,-3.461180639117079E-003)
 (4.788700196803742E-003,9.879017836171731E-004)
 (-2.198234740383133E-004,1.065561281914451E-003)
 (1.054084321143931E-004,-6.934656828900235E-005)
 (-2.017189410552970E-004,-4.163045490712105E-005)
 (5.669441353357999E-005,-2.748521215129593E-004)
 (-2.492444498130471E-004,1.208065385100888E-003)
 (2.335248795903326E-003,4.817679463943371E-004)
 (1.055401032638153E-003,1.604074954215315E-003)
 (-2.670060705661215E-004,1.294253317195925E-003)
 (7.409237475265558E-004,-4.875021564646965E-004)
 (3.981982154148462E-003,8.214819799627544E-004)
 (1.950695389758003E-003,2.964773814593599E-003)
 (1.693093212357060E-004,2.573500464467356E-004)
 (4.844607435725810E-004,-2.348328368041055E-003)
 (-3.083723960161607E-004,-6.361496111269509E-005)
 (-3.694512269963645E-004,-5.615030621808564E-004)
 (-3.654757820713182E-004,2.404649536412832E-004)
 (9.587682728956452E-004,-6.308306659313440E-004)
 (6.833335993730815E-005,1.408938724144245E-005)
 (6.833268206565256E-005,1.409201520698629E-005)
 (-3.898909690348262E-004,-5.925799614786072E-004)
 (4.148551137152657E-004,-2.729602743921051E-004)
 (-6.802671716581168E-005,3.297535320971120E-004)
 (8.367661346969700E-004,1.726181112528784E-004)
 (1.845362316158830E-005,-8.948954193850922E-005)
 (0.000000000000000E+000,0.000000000000000E+000)
 (0.000000000000000E+000,0.000000000000000E+000)
 (0.000000000000000E+000,0.000000000000000E+000)
 (0.000000000000000E+000,0.000000000000000E+000)
 AAAAAA           4
 (-5.383133155635120E-003,1.285449646226858E-003)
 (4.033242478988471E-002,-6.563663626997153E-002)
 (2.277484566765563E-003,9.537663824077804E-003)
 (1.645419954353049E-002,1.011079706419618E-002)
 (2.272476125677044E-003,9.516705301002707E-003)
 (-8.451134869246271E-003,1.375328827632373E-002)
 (9.338580585062744E-003,5.738369116691866E-003)
 (8.396925162846075E-003,5.159746044182006E-003)
 (4.647901156964155E-004,-1.109882889395936E-004)
 (-1.276560887985384E-003,3.048239910897649E-004)
 (3.026446787109532E-003,1.267419487313372E-002)
 (2.913347823986983E-003,1.220052434182433E-002)
 (4.309252292088571E-004,-1.029021493904629E-004)
 (-4.194788620918067E-003,6.826549870437996E-003)
 (7.021628392630058E-003,4.314650991052455E-003)
 (-7.203849400312463E-005,1.721208681187911E-005)
 (-3.165021779655265E-003,5.150726191321324E-003)
 (5.316856790913234E-003,3.267105692584936E-003)
 (1.788566611858190E-003,7.490169095375501E-003)
 (3.916064261348500E-003,2.406345675937879E-003)
 (1.596764383345127E-003,6.686922975220604E-003)
 (-2.127316946341328E-003,3.461979948941993E-003)
 (7.687070213791724E-004,-1.835639246336629E-004)
 (-2.246744649221725E-003,3.656332645402935E-003)
 (9.508136886768756E-004,3.981834677975033E-003)
 (3.232429929727926E-003,1.986265917828356E-003)
 (2.989886490917590E-003,1.837226415094409E-003)
 (-7.174363274003353E-004,1.713149593614906E-004)
 (-1.675287656026318E-003,2.726345499698722E-003)
 (1.642995141614532E-004,-3.923354047710829E-005)
 (-7.000443662941830E-004,1.139250940061472E-003)
 (-7.000487916774008E-004,1.139249430297912E-003)
 (6.755997715591636E-004,2.829278199517377E-003)
 (-1.096714413783079E-003,1.784775434630742E-003)
 (1.866043991964791E-003,1.146646863941762E-003)
 (1.443975480822789E-005,-3.448559906854508E-006)
 (6.106382411795687E-004,2.557224397983801E-003)
 (1.060438018300802E-003,6.516153860907770E-004)
 (-5.075054295726383E-004,8.259049741469505E-004)
 (5.332500137633850E-004,2.233145960569001E-003)
 (1.617966383836764E-005,-3.865652064750285E-006)
 (4.417207044913074E-005,-1.054834969641248E-005)
 (0.000000000000000E+000,0.000000000000000E+000)
 (0.000000000000000E+000,0.000000000000000E+000)
 (0.000000000000000E+000,0.000000000000000E+000)
 (0.000000000000000E+000,0.000000000000000E+000)
 (6.189330578176590E-002,-3.011489368674540E-002)
 (-9.778815572450937E-003,2.831276355818649E-002)
 (2.361817430421721E-003,4.854133191714774E-003)
 (-1.216149102107553E-002,-4.200380295417249E-003)
 (-1.917171470418686E-003,-3.940307658468239E-003)
 (-5.882369255530779E-003,1.703117976305390E-002)
 (-1.686143553215077E-002,-5.823715326337596E-003)
 (-2.488155989156778E-004,-8.594876470744052E-005)
 (-1.326481033699278E-002,6.454147250700029E-003)
 (-1.160298023670417E-002,5.645536951562032E-003)
 (2.512598091654468E-003,5.164012216539746E-003)
 (-1.863162823877727E-003,-3.829302408365784E-003)
 (-9.312716475311875E-003,4.531246072854949E-003)
 (-2.058971855989453E-003,5.961358208618299E-003)
 (-8.534508307315357E-003,-2.947704934018269E-003)
 (-8.443337826337374E-003,4.108249906691465E-003)
 (-1.588621189761887E-003,4.599548637477741E-003)
 (-6.026938335087430E-003,-2.081636721064017E-003)
 (-3.952221913672656E-004,-8.122907875408117E-004)
 (-5.461585397209034E-003,-1.886352447660523E-003)
 (-4.392170238980662E-004,-9.026742680429342E-004)
 (-1.782676918921183E-003,5.161409535251654E-003)
 (-5.912501509522675E-003,2.876759108282516E-003)
 (-6.001941489357243E-004,1.737798815722919E-003)
 (-2.066177666722934E-004,-4.246373506068729E-004)
 (-3.968647683372629E-003,-1.370705296024145E-003)
 (-1.923102622469899E-003,-6.642125335836247E-004)
 (-2.974660410323139E-003,1.447355492977788E-003)
 (-1.194947572618197E-003,3.459796044838437E-003)
 (-1.867091557931835E-003,9.084626894319032E-004)
 (-4.758834929500549E-004,1.377844467712827E-003)
 (-4.759099738119004E-004,1.377875768182353E-003)
 (-5.644227740581194E-004,-1.160013308437986E-003)
 (-3.706785814454606E-004,1.073190879040194E-003)
 (-1.055923459285657E-003,-3.647135880089943E-004)
 (-1.108166695055719E-003,5.391903599695532E-004)
 (-2.764779351720452E-004,-5.682431964037162E-004)
 (-6.405184149802736E-004,-2.212281889009111E-004)
 (-5.063980482882840E-004,1.466203102314555E-003)
 (5.419236829606769E-004,1.113788355610922E-003)
 (-3.995918699123318E-004,1.944169872419472E-004)
 (-1.870322701421483E-003,9.100225183971929E-004)
 (0.000000000000000E+000,0.000000000000000E+000)
 (0.000000000000000E+000,0.000000000000000E+000)
 (0.000000000000000E+000,0.000000000000000E+000)
 (0.000000000000000E+000,0.000000000000000E+000)
 (0.158194531847643,-2.172005752009114E-003)
 (8.671780978474138E-002,-8.913193569075975E-002)
 (-6.004637546286745E-004,-4.373675213484504E-002)
 (2.113425058901528E-002,2.056178897421615E-002)
 (-2.402250011627544E-004,-1.750085748895670E-002)
 (4.861780003577434E-003,-4.997127472714393E-003)
 (-5.454619711425973E-003,-5.306865322370845E-003)
 (1.001900710667576E-002,9.747654901237756E-003)
 (1.721364814849694E-003,-2.363300911124859E-005)
 (1.009163382357060E-002,-1.385414435305294E-004)
 (1.377977714886018E-005,1.003257002416271E-003)
 (1.850331511747424E-005,1.347038406761413E-003)
 (2.929683533236611E-003,-4.022061636681549E-005)
 (4.348550277793868E-003,-4.469597774980817E-003)
 (-1.662804653462470E-003,-1.617758716306546E-003)
 (2.751599703479854E-003,-3.776859965062243E-005)
 (2.423351138530733E-003,-2.490820117975728E-003)
 (-3.943143773661004E-004,-3.836250216158090E-004)
 (-6.648980980674158E-005,-4.843395902313466E-003)
 (-2.926119577548956E-004,-2.846931409940602E-004)
 (-1.261924831212727E-005,-9.197909633351923E-004)
 (1.206038054319223E-003,-1.239605064615111E-003)
 (9.148391707634948E-004,-1.257201336103901E-005)
 (9.440149853518195E-005,-9.703414839472361E-005)
 (-2.157525836948719E-005,-1.571981716484805E-003)
 (7.086525562751362E-004,6.894643288000992E-004)
 (-7.483256642881553E-004,-7.280591478522964E-004)
 (3.168953274327343E-003,-4.350219517796700E-005)
 (1.758064453308869E-003,-1.807002504241928E-003)
 (4.569130018319293E-005,-6.307264357017401E-007)
 (2.359785815211993E-004,-2.425488477225924E-004)
 (2.359753805892957E-004,-2.425474459388077E-004)
 (-5.327965848574650E-006,-3.884698647438086E-004)
 (-2.226580202645733E-004,2.288566436794830E-004)
 (-1.539718408443441E-003,-1.498013793650593E-003)
 (-7.085820950285286E-004,9.728086100991299E-006)
 (-1.769362114263172E-005,-1.289046499086440E-003)
 (7.386374499143469E-004,7.186336256067282E-004)
 (5.197882304043435E-004,-5.342584770888238E-004)
 (5.618836485177517E-006,4.092861577334360E-004)
 (-7.148231964482995E-004,9.816363185481169E-006)
 (1.686455790021345E-004,-2.313848321521140E-006)
 (0.000000000000000E+000,0.000000000000000E+000)
 (0.000000000000000E+000,0.000000000000000E+000)
 (0.000000000000000E+000,0.000000000000000E+000)
 (0.000000000000000E+000,0.000000000000000E+000)
 (-8.434427636685433E-003,0.180320023062768)
 (3.840434328305082E-007,-7.404387140713188E-009)
 (-9.253757489843886E-008,5.577409323190191E-009)
 (-4.071750716143283E-003,3.707799577622055E-003)
 (2.968923717910657E-003,1.387058597252796E-004)
 (1.567102487948472E-002,1.720883930068701E-002)
 (4.155717993890518E-003,-3.784361493447413E-003)
 (3.361504146093252E-008,2.521213938639538E-008)
 (-1.803523925591946E-004,3.856397925549618E-003)
 (8.025932671123678E-005,-1.715237357111623E-003)
 (1.270855505175951E-003,5.941925729908528E-005)
 (4.186939235494745E-003,1.958271191425727E-004)
 (-2.330343309287892E-005,4.980552799040711E-004)
 (-1.556414613196649E-003,-1.709215191537036E-003)
 (2.460732569772869E-003,-2.240839810208989E-003)
 (7.854650549020931E-006,-1.678317963682581E-004)
 (1.532680440527885E-003,1.683065873546899E-003)
 (-1.074908018443769E-003,9.788601689809870E-004)
 (-1.010289177265692E-008,-2.197062107706735E-008)
 (-1.643198893537307E-003,1.496315718100565E-003)
 (-3.715313598688445E-003,-1.737905682894956E-004)
 (-4.394726326311343E-004,-4.826171147843044E-004)
 (-6.196950421231237E-005,1.324920980079866E-003)
 (-2.585140731720686E-003,-2.838829902564129E-003)
 (-6.359631512672532E-004,-2.977235767701723E-005)
 (9.757787927998579E-004,-8.885917707156782E-004)
 (-4.562591642134683E-004,4.154816890150139E-004)
 (2.166517291376146E-008,-6.289399365768162E-009)
 (1.664025346826135E-004,1.827157543662007E-004)
 (7.075962208937794E-005,-1.512901245161123E-003)
 (6.170295966782194E-004,6.775901726087284E-004)
 (-6.170434574866694E-004,-6.775908013328405E-004)
 (-1.491185698401009E-003,-6.974605688145796E-005)
 (1.368717284034787E-003,1.503029657983970E-003)
 (2.776839302386439E-004,-2.528561305417009E-004)
 (-5.706327110190228E-005,1.220120804534173E-003)
 (1.768055733197190E-003,8.269465117081122E-005)
 (1.805588263156702E-004,-1.644215679235670E-004)
 (9.403661093249113E-009,-4.216582227618300E-009)
 (4.653302319496948E-004,2.176330389534844E-005)
 (1.499493592858335E-008,-1.571226473355543E-008)
 (4.019541147282521E-005,-8.592907512734010E-004)
 (0.000000000000000E+000,0.000000000000000E+000)
 (0.000000000000000E+000,0.000000000000000E+000)
 (0.000000000000000E+000,0.000000000000000E+000)
 (0.000000000000000E+000,0.000000000000000E+000)
 AAAAAA           5
 (7.962723673515457E-005,1.107422641460920E-002)
 (-4.688841576317162E-002,-4.621894671008627E-002)
 (1.465978598389457E-002,-1.487211909366217E-002)
 (9.557853759179219E-003,-6.872148818621877E-005)
 (1.187503564075500E-002,1.170550580389294E-002)
 (8.899577908437399E-003,-6.398300913127569E-005)
 (7.485255346889919E-003,-7.593673367517812E-003)
 (6.293136369233197E-003,-6.384310482941587E-003)
 (-8.477657406192967E-006,-1.180729760260801E-003)
 (1.229199609247927E-005,1.708765389774602E-003)
 (1.371432860933132E-002,-9.860987071548489E-005)
 (1.352960001815021E-002,-9.729050838698733E-005)
 (-5.626622784103452E-006,-7.828317299490028E-004)
 (4.987109278876389E-003,4.915903530521962E-003)
 (5.384897788174868E-003,-5.462893837381342E-003)
 (-2.382330785440114E-006,-3.309475275316056E-004)
 (4.074986961919514E-003,-4.134016113442291E-003)
 (4.147168565102346E-003,4.087957347744472E-003)
 (4.516159234113940E-003,-4.581573331007852E-003)
 (3.019256903639213E-003,2.976148122531122E-003)
 (-1.095308814913482E-005,-1.521950189525067E-003)
 (4.878630615376064E-003,-3.507662368675251E-005)
 (6.551874612900790E-003,-4.710695506593031E-005)
 (3.068603011937939E-003,-3.113056966056417E-003)
 (5.734929995165007E-003,-4.123631537245195E-005)
 (2.515288674717583E-003,2.479380858645530E-003)
 (7.457937163766342E-006,1.037508131735120E-003)
 (2.396278243541572E-003,2.362064192372034E-003)
 (1.986824693634707E-003,-2.015604370229287E-003)
 (8.706035390553570E-004,8.581685466517277E-004)
 (8.705999886838315E-004,8.581722165066648E-004)
 (7.270188113214635E-004,7.166403721920563E-004)
 (2.972357398405118E-003,-2.137320118453289E-005)
 (-2.996363161716922E-006,-4.169068962465099E-004)
 (8.420304766924356E-004,-8.542288836496896E-004)
 (1.238560990030386E-003,1.220877226350513E-003)
 (2.206061875134270E-003,-1.586125010019234E-005)
 (2.517150729175753E-003,-1.809950664295344E-005)
 (-8.742623429184957E-007,-1.214343633399366E-004)
 (1.252558633872219E-003,-1.270704294017385E-003)
 (-1.468298546546744E-006,-2.036986103933935E-004)
 (-3.125663877903498E-007,-4.357382917905588E-005)
 (0.000000000000000E+000,0.000000000000000E+000)
 (0.000000000000000E+000,0.000000000000000E+000)
 (0.000000000000000E+000,0.000000000000000E+000)
 (0.000000000000000E+000,0.000000000000000E+000)
 (-7.035100343031789E-004,-1.833061770563530E-002)
 (2.428403590116994E-002,2.248891008255505E-002)
 (-1.217157702533291E-002,1.314317977134413E-002)
 (9.158852344120528E-003,-3.515041152973820E-004)
 (1.437444433290124E-002,1.331193349638720E-002)
 (-4.235307318108053E-004,1.626361366405386E-005)
 (-1.035924633261923E-002,1.118614810001548E-002)
 (-3.735925625828121E-003,4.034070984599062E-003)
 (6.158770647192420E-004,1.604613037638420E-002)
 (5.571074352887242E-004,1.451550592447651E-002)
 (4.605343396176903E-003,-1.767375719784277E-004)
 (-2.629255859436128E-003,1.008883428902991E-004)
 (3.668399654852580E-004,9.558927986970457E-003)
 (4.761773828765600E-003,4.409731588095423E-003)
 (-4.419969048530561E-003,4.772804717764228E-003)
 (3.463634375441775E-004,9.024750870591272E-003)
 (-4.330059768835502E-003,4.675699019014437E-003)
 (3.912249697476538E-003,3.623052272000212E-003)
 (-3.514313551466391E-003,3.794872833981543E-003)
 (4.555250722708149E-003,4.218508085688738E-003)
 (2.916502244342399E-004,7.600143461816017E-003)
 (-1.245415059228982E-004,4.782760382408191E-006)
 (3.758598762233824E-004,-1.441348181698349E-005)
 (-3.005600213679929E-003,3.245494271228435E-003)
 (-2.977297207622223E-004,1.141855005890290E-005)
 (1.517099967052733E-003,1.404974495859813E-003)
 (1.641009067221144E-004,4.275788820128645E-003)
 (2.964114666582995E-003,2.745001766801870E-003)
 (-9.534976440310201E-004,1.029624904435129E-003)
 (1.504918397611788E-003,1.393636975725409E-003)
 (1.504911657762391E-003,1.393655117460346E-003)
 (1.630247549912410E-003,1.509753899789989E-003)
 (-6.895680592503992E-004,2.644406296951156E-005)
 (7.333691500290945E-005,1.910520608819257E-003)
 (-8.185940155370000E-004,8.839302564634598E-004)
 (8.007906467597844E-004,7.415907524705764E-004)
 (9.358029128697076E-004,-3.590944500411384E-005)
 (-9.881336113441745E-005,3.791409979616812E-006)
 (3.564154650076781E-005,9.287872716005965E-004)
 (-2.935015578565482E-004,3.169305970211993E-004)
 (9.072927855617509E-005,2.364225710837313E-003)
 (1.094239148052326E-005,2.850014189371218E-004)
 (0.000000000000000E+000,0.000000000000000E+000)
 (0.000000000000000E+000,0.000000000000000E+000)
 (0.000000000000000E+000,0.000000000000000E+000)
 (0.000000000000000E+000,0.000000000000000E+000)
 (0.140929906955367,3.732630773005115E-002)
 (6.527601816482512E-002,-3.793870119894731E-002)
 (1.263736526019537E-002,2.174336553095665E-002)
 (9.400745174077244E-003,-3.549343735270784E-002)
 (1.891750937846884E-003,-1.099491820840600E-003)
 (2.988713933926568E-003,-1.128409866362768E-002)
 (-5.385814035895246E-003,-9.266648257642451E-003)
 (7.253622143107406E-003,1.248034212320773E-002)
 (-1.074717993588690E-003,-2.846353942643414E-004)
 (5.760888355424557E-003,1.525818213920943E-003)
 (-8.618428662820112E-004,3.254007099715029E-003)
 (-2.431841984409670E-005,9.180393748247232E-005)
 (3.984087516137533E-004,1.055353720403753E-004)
 (2.411280388628951E-003,-1.401439580935001E-003)
 (-1.675757083459324E-003,-2.883245712355920E-003)
 (-3.375854067132969E-004,-8.940809042637264E-005)
 (-1.227069706812679E-003,-2.111256012473078E-003)
 (1.295551632670487E-003,-7.529716150664076E-004)
 (-7.497862220491320E-004,-1.290064339896307E-003)
 (5.717151214457557E-005,-3.322449563484254E-005)
 (-7.963427457265975E-004,-2.109128779076111E-004)
 (5.358037079264839E-004,-2.022964409505109E-003)
 (8.200905319522900E-004,-3.096322353202403E-003)
 (3.202250157291023E-004,5.509543496171521E-004)
 (2.287962113281068E-004,-8.638301378585422E-004)
 (-2.588010999221538E-004,1.504139981844673E-004)
 (2.142719006256294E-003,5.675246664907533E-004)
 (6.553028267988327E-004,-3.808591530729771E-004)
 (-6.781104505808619E-004,-1.166731892003738E-003)
 (1.172678882636577E-004,-6.816180606024631E-005)
 (1.172712456017859E-004,-6.815945079097696E-005)
 (3.409980961747760E-004,-1.981841099614756E-004)
 (1.654015198842308E-004,-6.245070741970146E-004)
 (-3.359780801078438E-004,-8.898444289485762E-005)
 (7.565364058756262E-004,1.301669586927652E-003)
 (-5.230012987536736E-004,3.039730146511205E-004)
 (-2.631722206286210E-004,9.936456446178194E-004)
 (2.646276759691666E-004,-9.991318584825232E-004)
 (-7.242040661957835E-004,-1.918124325650409E-004)
 (-8.142621783348660E-004,-1.400990405124254E-003)
 (-5.130046340514064E-004,-1.358748343389442E-004)
 (-7.028336693485419E-004,-1.861486884937230E-004)
 (0.000000000000000E+000,0.000000000000000E+000)
 (0.000000000000000E+000,0.000000000000000E+000)
 (0.000000000000000E+000,0.000000000000000E+000)
 (0.000000000000000E+000,0.000000000000000E+000)
 (-0.100449541369459,0.105707568385650)
 (1.163478151188523E-007,1.565790627920290E-007)
 (-1.659774718711066E-003,4.232702024188804E-005)
 (9.468508885999776E-008,-3.034494769657332E-008)
 (5.843657278761027E-004,2.290879503510938E-002)
 (1.328944518350306E-004,1.261960842047553E-004)
 (4.435593531305726E-003,-1.131623148323285E-004)
 (-3.392163946109517E-008,1.803154295012683E-008)
 (-2.426389199341545E-003,2.553435211602052E-003)
 (8.506557836195229E-004,-8.951579997857166E-004)
 (8.262310418341816E-004,7.851153810733768E-004)
 (2.490096193607227E-003,2.366228653595079E-003)
 (-5.207020666750180E-004,5.479793712434409E-004)
 (-3.623209117256884E-005,-1.421859196371797E-003)
 (2.701302905556219E-003,-6.889524137461802E-005)
 (5.633430673653588E-004,-5.928164098222613E-004)
 (-2.394648918461407E-003,6.106930822575057E-005)
 (4.914369050818186E-005,1.925966034366939E-003)
 (-1.361359493800287E-003,3.472512758773004E-005)
 (-3.411985459342034E-005,-1.338194709773600E-003)
 (-1.481631787521898E-003,1.559191891288451E-003)
 (-1.886992767253214E-004,-1.793343259404379E-004)
 (2.203448076796429E-008,-7.721547456002216E-010)
 (1.121722819973573E-003,-2.860736820133544E-005)
 (-1.847666764682960E-003,-1.755761010600926E-003)
 (-6.278595675351465E-005,-2.461725329050243E-003)
 (-2.662353479193471E-009,1.367142851921229E-008)
 (7.090355094392188E-006,2.776676347393373E-004)
 (-5.262487120204247E-004,1.342631516176880E-005)
 (3.922648381230877E-005,1.537765422248997E-003)
 (-3.922119490150078E-005,-1.537769604987834E-003)
 (5.024659953558894E-009,8.417667145628093E-009)
 (-1.085586280745185E-003,-1.031582270685844E-003)
 (6.427209374200419E-004,-6.763667595054297E-004)
 (2.199774416660004E-004,-5.603543234705646E-006)
 (3.434969355547518E-005,1.346632712091624E-003)
 (3.406848219722858E-004,3.237344251348797E-004)
 (1.070600422690601E-003,1.017344130047646E-003)
 (-4.587546450573325E-004,4.827766341112867E-004)
 (3.187010237862999E-004,-8.124577303664134E-006)
 (8.026649655875544E-004,-8.446779546803598E-004)
 (3.714954391128506E-009,1.174795569154850E-008)
 (0.000000000000000E+000,0.000000000000000E+000)
 (0.000000000000000E+000,0.000000000000000E+000)
 (0.000000000000000E+000,0.000000000000000E+000)
 (0.000000000000000E+000,0.000000000000000E+000)
 AAAAAA           6
 (1.584459709283342E-002,0.100581071441812)
 (5.286999639710232E-003,-7.264204431777293E-003)
 (-1.034833331941393E-002,-7.531649820486942E-003)
 (-7.438575819700653E-003,-5.413930470225814E-003)
 (-1.606588243204093E-002,2.530883599388227E-003)
 (-1.953101621681707E-003,-1.239820488443776E-002)
 (-1.119402489930474E-002,1.763406113928107E-003)
 (-1.101616037594359E-002,1.735380880841913E-003)
 (3.627625915557921E-004,-4.984322981254330E-004)
 (-1.038383848675828E-002,1.635779835836276E-003)
 (-1.352609831526133E-003,-8.586285632091175E-003)
 (-1.043845927180683E-002,-7.597272850290975E-003)
 (-6.571516540495435E-004,9.029075034897793E-004)
 (-2.932368147537790E-004,4.028940441495495E-004)
 (2.726090522022141E-004,-3.745462189240391E-004)
 (-9.074924300625937E-003,-6.604870360916284E-003)
 (-1.133391820456299E-003,-7.194694130638584E-003)
 (-7.914510136873379E-003,-5.760300447854571E-003)
 (-6.217876248884574E-003,9.795109641859102E-004)
 (-6.023326253811676E-003,-4.383871192791477E-003)
 (-4.286344779156337E-003,6.752354082316455E-004)
 (-4.505010021658264E-004,6.189767966326441E-004)
 (-6.552070161761501E-004,-4.159219194862561E-003)
 (-6.031294444357911E-004,-3.828647967035644E-003)
 (-4.241000272746532E-003,6.680917743238882E-004)
 (-2.997975898542292E-003,-2.181970543683423E-003)
 (-3.002129987064172E-003,4.729273613976992E-004)
 (-3.002127213184835E-003,4.729277126870699E-004)
 (8.973198266516368E-005,-1.232876888050960E-004)
 (-2.781894742466247E-003,-2.024708938660065E-003)
 (-4.094666298669774E-004,-2.599269566452287E-003)
 (-4.094671364350939E-004,-2.599270831477456E-003)
 (-2.269328947039532E-004,-1.440554039395355E-003)
 (1.997893730401681E-004,-2.745101423232925E-004)
 (-7.475218514395111E-005,1.027103880939352E-004)
 (-2.227307411264494E-003,-1.621069000663004E-003)
 (-1.242983122457139E-005,1.707943739869884E-005)
 (-2.032917007242229E-004,-1.290492504403084E-003)
 (-1.731415004640315E-003,-1.260151532791537E-003)
 (-1.373742562513265E-004,-8.720713613013800E-004)
 (-1.056407750945788E-003,1.664166106790026E-004)
 (-6.915311936998982E-004,1.089375346070851E-004)
 (7.839677024925482E-006,-1.077711858788943E-005)
 (0.000000000000000E+000,0.000000000000000E+000)
 (0.000000000000000E+000,0.000000000000000E+000)
 (0.000000000000000E+000,0.000000000000000E+000)
 (-6.489236146406051E-003,-5.336625243222260E-002)
 (6.675061229212774E-002,-8.523191565193951E-002)
 (-1.378450529171788E-002,-1.079559708354973E-002)
 (-6.572433737124355E-003,-5.147274272583166E-003)
 (-1.110111450569057E-003,1.349962868344835E-004)
 (1.574866848905413E-003,1.295113191257607E-002)
 (-1.759475594803638E-002,2.139541555855743E-003)
 (5.603014237526606E-003,-6.813412647190377E-004)
 (-5.354179981733589E-003,6.836599054317050E-003)
 (-1.090586522553737E-002,1.326177291488801E-003)
 (4.910913327074520E-004,4.038624002802422E-003)
 (4.729125280902561E-003,3.703694913960433E-003)
 (-6.113416637298073E-003,7.806092155797579E-003)
 (-6.185215615191248E-003,7.897686490250007E-003)
 (-5.001508254732142E-003,6.386278357018878E-003)
 (-1.983498676188581E-003,-1.553407058942881E-003)
 (4.729944829400734E-004,3.889692510506247E-003)
 (-2.743829453216028E-003,-2.148895159286545E-003)
 (-6.381384185014864E-003,7.759718963690494E-004)
 (-1.422014266810404E-003,-1.113659475869213E-003)
 (-5.606587141137778E-003,6.817713657189725E-004)
 (-3.686673749194614E-003,4.707405469988220E-003)
 (1.527287856206233E-004,1.256056268777645E-003)
 (4.575459450961408E-004,3.762725344308184E-003)
 (-2.867284043463832E-003,3.486662483021733E-004)
 (-7.140365368874963E-004,-5.592145670039473E-004)
 (-2.535676141544641E-003,3.083514140192873E-004)
 (-2.535676157461396E-003,3.083474856294688E-004)
 (-1.331640137840388E-003,1.700316657197320E-003)
 (-9.586810902191714E-004,-7.507976285161815E-004)
 (2.299044461862033E-004,1.890628635021955E-003)
 (2.299092538328103E-004,1.890637014439663E-003)
 (1.602838241221132E-004,1.318106342933068E-003)
 (-8.506891076238814E-004,1.086211373436646E-003)
 (-9.790408793302135E-004,1.250116973139541E-003)
 (-1.151767578081558E-003,-9.020165132751853E-004)
 (-6.973575834637784E-004,8.904429235563900E-004)
 (7.523356317987105E-005,6.187670449281102E-004)
 (9.728545323655629E-004,7.618993582975683E-004)
 (1.137793131366785E-004,9.356761547563808E-004)
 (-2.524138770653644E-004,3.069671705471025E-005)
 (-1.106231526205665E-003,1.345225135149269E-004)
 (-8.890966894101079E-004,1.135262581917939E-003)
 (0.000000000000000E+000,0.000000000000000E+000)
 (0.000000000000000E+000,0.000000000000000E+000)
 (0.000000000000000E+000,0.000000000000000E+000)
 (0.142018238893682,-7.293544984085637E-002)
 (0.198887021115172,6.391915371315054E-002)
 (1.219882928825049E-002,-3.795714625313072E-002)
 (6.384037355031904E-003,-1.986401082168745E-002)
 (8.759031074190297E-003,1.705544094788902E-002)
 (1.776082771462259E-002,-9.121327226299165E-003)
 (-3.045579040635879E-003,-5.930315054153626E-003)
 (3.238199259734157E-003,6.305341751911065E-003)
 (6.313355363006335E-003,2.029012033966648E-003)
 (-2.221667869798796E-003,-4.325931443291610E-003)
 (4.940728294614016E-003,-2.537356384774372E-003)
 (9.571105658331958E-004,-2.978066758483110E-003)
 (4.235965788920526E-003,1.361365349237500E-003)
 (3.935703770435818E-003,1.264865450401214E-003)
 (4.135379567486238E-003,1.329081809588090E-003)
 (6.943115287550964E-004,-2.160404392083672E-003)
 (5.372752691821369E-003,-2.759263478841676E-003)
 (1.118474442810736E-003,-3.480161234954498E-003)
 (7.325939570488320E-004,1.426511707695117E-003)
 (-7.762460319111443E-004,2.415367375624244E-003)
 (9.035274590619824E-004,1.759347039073003E-003)
 (2.169369343327741E-003,6.972128341917397E-004)
 (-2.392414813830845E-003,1.228660087466383E-003)
 (1.964167542217746E-003,-1.008715552257344E-003)
 (5.021155985774038E-004,9.777354119585269E-004)
 (4.141042947831273E-004,-1.288497900867513E-003)
 (-4.684268197968167E-004,-9.121249684670513E-004)
 (-4.684355805490076E-004,-9.121164392682378E-004)
 (1.394670351918222E-003,4.482265707280947E-004)
 (8.206388419925665E-004,-2.553431372832525E-003)
 (2.063656913789146E-003,-1.059826087524818E-003)
 (2.063666019623171E-003,-1.059836565295359E-003)
 (8.775489359438485E-004,-4.506865725883908E-004)
 (1.769443240449718E-003,5.686776870624452E-004)
 (-1.117619571488014E-003,-3.591884506968717E-004)
 (-3.446820609845173E-004,1.072486358290739E-003)
 (3.203233734755315E-004,1.029566201781309E-004)
 (-1.655554944728446E-004,8.502278566873404E-005)
 (1.584421464593361E-004,-4.929968604917075E-004)
 (1.121049399199213E-003,-5.757235787039686E-004)
 (-5.794765633715424E-005,-1.128419791832772E-004)
 (-1.247600838487806E-004,-2.429329139107752E-004)
 (1.666720616904573E-004,5.356386974996493E-005)
 (0.000000000000000E+000,0.000000000000000E+000)
 (0.000000000000000E+000,0.000000000000000E+000)
 (0.000000000000000E+000,0.000000000000000E+000)
 (8.871185928577728E-002,-0.365315868845502)
 (-2.394625419146493E-007,1.261382458531897E-007)
 (-7.399190847925046E-003,-1.214548238971400E-002)
 (-8.526922513430945E-003,-1.399622715356789E-002)
 (4.651354356936282E-003,1.129481902881335E-003)
 (-1.905137840296054E-003,7.845373079411837E-003)
 (6.934680642402192E-008,-1.459348248465030E-008)
 (-1.056530018440565E-003,-2.565671919610152E-004)
 (1.063030844333505E-002,-6.476242518208520E-003)
 (5.158972850038582E-003,1.252762730550430E-003)
 (1.710235248700946E-003,-7.042728927549008E-003)
 (1.797605222000795E-009,-3.701182274067538E-009)
 (-4.854174501270878E-004,2.957358904514550E-004)
 (7.565802609567070E-004,-4.609225683974489E-004)
 (-8.788102530732217E-004,5.353702099911722E-004)
 (3.677935903687775E-003,6.037075353780520E-003)
 (6.884175635439469E-004,-2.834891092219765E-003)
 (-2.383150331568013E-003,-3.911781125610488E-003)
 (1.586433468609974E-008,-9.613174958816776E-011)
 (-6.793865132234085E-004,-1.115154953598071E-003)
 (-1.135695314509953E-003,-2.757891921518663E-004)
 (7.129743374373454E-009,1.201761785837450E-008)
 (4.007524911617548E-009,-6.161547262656596E-009)
 (-1.532813488347871E-004,6.311416884946561E-004)
 (-2.030867449570797E-003,-4.931674784460519E-004)
 (-2.542683479216962E-004,-4.173430398237148E-004)
 (2.304980193121281E-003,5.597282484899085E-004)
 (-2.304980679440950E-003,-5.597274499706573E-004)
 (-1.854457549568006E-003,1.129784084006559E-003)
 (2.864888028169029E-004,4.702480828940857E-004)
 (5.936187143633817E-004,-2.444530676333715E-003)
 (-5.936223612066145E-004,2.444519754110968E-003)
 (-1.157890379102414E-004,4.768050767905286E-004)
 (1.655506474870236E-003,-1.008576443976270E-003)
 (6.024931035105023E-004,-3.670611174502867E-004)
 (4.561450317578519E-004,7.487312181101864E-004)
 (-1.623686902523154E-003,9.891907572283270E-004)
 (-4.070504250105478E-005,1.676244751946657E-004)
 (-4.071214644121824E-004,-6.682552752598889E-004)
 (3.716866097134100E-005,-1.530463926120864E-004)
 (2.363488189020140E-004,5.739719800758720E-005)
 (-8.408120434019082E-004,-2.041778525900699E-004)
 (-4.974374976166148E-004,3.030552046163493E-004)
 (0.000000000000000E+000,0.000000000000000E+000)
 (0.000000000000000E+000,0.000000000000000E+000)
 (0.000000000000000E+000,0.000000000000000E+000)
 AAAAAA           7
 (-1.618341130347522E-002,8.049778208514187E-002)
 (1.587101378795379E-002,-1.055771214558746E-002)
 (-7.155244669862110E-003,-1.075620370894647E-002)
 (-1.687302217095734E-002,-3.392188768836010E-003)
 (-5.385923862005270E-003,-8.096445060446428E-003)
 (2.612903282389456E-003,-1.299682737924240E-002)
 (-1.106159714635492E-002,-2.223852412863036E-003)
 (-1.019427159369219E-002,-2.049480553161418E-003)
 (7.256493626140927E-004,-4.827247060788319E-004)
 (-7.486638877197664E-003,-1.125437518563088E-002)
 (-8.493728407837726E-004,5.650143088956616E-004)
 (-9.898401351950841E-003,-1.989995769164362E-003)
 (1.511455571334788E-003,-7.518125380410241E-003)
 (-1.238210212749634E-003,8.236836288266236E-004)
 (-6.715947041547514E-003,-1.009581345341464E-002)
 (6.801038644283396E-005,-4.524511486462052E-005)
 (1.405641981064852E-003,-6.991792057677166E-003)
 (-5.206944429410222E-003,-1.046815957723852E-003)
 (-4.753160178067804E-003,-7.145229605417388E-003)
 (-6.366107606072245E-003,-1.279855959303412E-003)
 (-1.115032751303813E-003,7.417389338838962E-004)
 (7.784286087037188E-004,-3.871970586602257E-003)
 (-3.392512614803295E-003,-5.099827268693125E-003)
 (-2.416736963243443E-003,-3.632980141785755E-003)
 (6.676148605569091E-004,-3.320802534909397E-003)
 (-3.384034721218439E-003,-6.803342405142433E-004)
 (-3.465434553783555E-003,-6.967002031495427E-004)
 (2.761313916274515E-004,-1.373495871895092E-003)
 (5.512815736938944E-004,-2.742118584633161E-003)
 (4.688488199967874E-004,-3.118903888308628E-004)
 (-1.907114903238544E-003,-2.866892313783507E-003)
 (2.843555601884037E-006,-1.892988908682203E-006)
 (-2.604574396048718E-003,-5.236320151511991E-004)
 (4.466905177661446E-004,-2.221879490198929E-003)
 (-1.538882720029408E-003,-2.313340128666755E-003)
 (2.413875422751731E-004,-1.200686906355291E-003)
 (-3.015942864079330E-004,2.006282497796327E-004)
 (1.886715051660886E-004,-9.384642598819390E-004)
 (-1.137863578474434E-003,-1.710504438849549E-003)
 (-5.544411317674086E-005,3.688269553409311E-005)
 (-1.062968319676556E-003,-2.137021701331925E-004)
 (-7.585986882921465E-004,-1.525109747341125E-004)
 (-1.377131016781066E-004,9.160766838604996E-005)
 (-1.852083957982044E-005,1.232048292135723E-005)
 (0.000000000000000E+000,0.000000000000000E+000)
 (0.000000000000000E+000,0.000000000000000E+000)
 (6.529480498439330E-003,-1.378958309899793E-002)
 (6.945465517028877E-002,-2.481636648571578E-002)
 (-3.132993580358997E-003,-8.768505636865358E-003)
 (-3.869817378813265E-003,-1.832415091855610E-003)
 (-1.847407071406843E-003,-5.170388604621184E-003)
 (-6.497644342135320E-003,1.372233234057260E-002)
 (-1.505527557178328E-002,-7.128831325530924E-003)
 (2.546418664599510E-003,1.205766839987183E-003)
 (-1.103069330000789E-002,3.941292382727889E-003)
 (2.036140736679383E-003,5.698646507060034E-003)
 (-1.080025179994968E-002,3.858931695082787E-003)
 (-8.047016113613739E-003,-3.810370418037703E-003)
 (-2.260496638246222E-003,4.773927824154433E-003)
 (-8.977760762942218E-003,3.207769293089111E-003)
 (-7.335441980818634E-004,-2.052943152769640E-003)
 (-7.910046416909523E-003,2.826305420553096E-003)
 (-2.192043779533187E-003,4.629311610598666E-003)
 (-6.223315900111907E-003,-2.946788467985769E-003)
 (-5.247460826730780E-004,-1.468660809299097E-003)
 (-5.193030310709107E-003,-2.458950777316614E-003)
 (-7.066105647761924E-003,2.524733435030849E-003)
 (-1.970016041876453E-003,4.160426452521597E-003)
 (-3.884543780501101E-004,-1.087204719722858E-003)
 (-3.105895151921817E-004,-8.692952092481737E-004)
 (-7.104668856690722E-004,1.500433426787838E-003)
 (-2.157305389673241E-003,-1.021506231842461E-003)
 (-2.435023397702101E-003,-1.153003561273221E-003)
 (-8.298888096471382E-004,1.752630796738732E-003)
 (-1.174929351707267E-003,2.481304388133185E-003)
 (-1.959341653526589E-003,7.000858975913638E-004)
 (-2.261892724564426E-004,-6.330509237717734E-004)
 (-1.641042560596295E-003,5.863471901813548E-004)
 (-1.421376112543887E-003,-6.730406310181088E-004)
 (-7.691969428156306E-004,1.624442890034331E-003)
 (-4.089459418724122E-004,-1.144559259272832E-003)
 (-4.063005334815225E-004,8.580765382477172E-004)
 (-1.570544802530965E-003,5.611617420347304E-004)
 (-5.928826154355023E-004,1.252094848476946E-003)
 (4.675360759514403E-004,1.308498948280017E-003)
 (-8.426071238062381E-004,3.010711539410934E-004)
 (-2.242979887470702E-004,-1.062141237874381E-004)
 (-9.842378652307057E-004,-4.660497291416208E-004)
 (-1.563648119431429E-003,5.587073393612941E-004)
 (-1.219082275897919E-003,4.355885194361206E-004)
 (0.000000000000000E+000,0.000000000000000E+000)
 (0.000000000000000E+000,0.000000000000000E+000)
 (4.896888600728150E-002,-0.122217615990283)
 (0.155329184134501,-6.646379014357387E-002)
 (-1.077553219501932E-002,-2.518305430122250E-002)
 (1.808038400674845E-002,7.244225757853051E-003)
 (-1.032215739820255E-002,-2.412343313762174E-002)
 (7.032471820540291E-003,-1.755180816402476E-002)
 (-4.850376828465279E-003,-1.943401144466944E-003)
 (9.760893693813447E-003,3.910872667640525E-003)
 (8.958282614188405E-003,-3.833143250335038E-003)
 (-8.092725680733218E-004,-1.891300645930995E-003)
 (4.301997282540382E-003,-1.840780657253737E-003)
 (-3.077006578217272E-003,-1.232862197563950E-003)
 (1.947663767622808E-003,-4.861016924229556E-003)
 (3.518333182359939E-003,-1.505469750467676E-003)
 (-3.234004812072934E-004,-7.557885096916558E-004)
 (3.468505642733758E-003,-1.484131455557989E-003)
 (2.195452392501062E-003,-5.479472147894670E-003)
 (1.169130506134963E-003,4.684361616196977E-004)
 (-1.435467929401093E-003,-3.354786629738337E-003)
 (1.322490052127410E-003,5.298786531632468E-004)
 (2.712919670271091E-003,-1.160833235029384E-003)
 (7.624383458594777E-004,-1.902923584959772E-003)
 (3.584374049344831E-004,8.376762600262850E-004)
 (-9.528304382381300E-004,-2.226830720697442E-003)
 (-4.698887313697932E-004,1.172763669119088E-003)
 (1.878940499944488E-004,7.528450062164171E-005)
 (-7.106179834902059E-005,-2.846721173268157E-005)
 (5.929752580619643E-004,-1.479976204356241E-003)
 (8.908053151029243E-004,-2.223300281944291E-003)
 (2.253998523420760E-003,-9.644626245729810E-004)
 (-9.078962727133830E-004,-2.121790153811626E-003)
 (5.149532069222601E-004,-2.203445550304008E-004)
 (-1.246365196474825E-003,-4.993775005598758E-004)
 (4.759626515117629E-004,-1.187933302710885E-003)
 (4.092118999849290E-004,9.563515379599999E-004)
 (-1.043845733739664E-004,2.605165064593909E-004)
 (-4.458301581248152E-004,1.907606681970813E-004)
 (5.944845808822143E-004,-1.483736677125140E-003)
 (-6.962076847314973E-005,-1.627071869516539E-004)
 (-4.993631905283890E-005,2.136752150999587E-005)
 (3.636315119936228E-004,1.456953742615572E-004)
 (-4.059345700658737E-004,-1.626470612408442E-004)
 (-9.719734823538997E-005,4.158946198477900E-005)
 (4.821958090805066E-005,-2.063180913341526E-005)
 (0.000000000000000E+000,0.000000000000000E+000)
 (0.000000000000000E+000,0.000000000000000E+000)
 (4.400593531989614E-002,-0.109192163357622)
 (-2.140941130369669E-002,9.109817192865780E-003)
 (3.279782012488561E-005,7.710144815587484E-005)
 (1.161226046464211E-002,4.679895041293169E-003)
 (-6.116837046962348E-003,-1.437553048570455E-002)
 (-3.177609443052776E-003,7.884634222685351E-003)
 (4.210627075865283E-003,1.696944096472540E-003)
 (6.602723127367934E-003,2.661006617482265E-003)
 (1.022712181249661E-002,-4.351675900658234E-003)
 (5.236955763720171E-004,1.230762233586858E-003)
 (7.536252401715409E-004,-3.206702663018726E-004)
 (3.081558233156673E-003,1.241890890189076E-003)
 (1.338675402603347E-003,-3.321678627375179E-003)
 (1.417012620931187E-003,-6.029426092880217E-004)
 (1.828857790931047E-003,4.298134488657910E-003)
 (1.912583039758358E-003,-8.138046848702433E-004)
 (3.607089887910034E-004,-8.950483671246343E-004)
 (-8.639125295075929E-004,-3.481683086193954E-004)
 (-8.139606298214978E-004,-1.912919634185458E-003)
 (2.456271651565022E-004,9.898728793464396E-005)
 (8.047666302201755E-004,-3.424353368030302E-004)
 (6.332833575187437E-004,-1.571369038789624E-003)
 (-7.158198558836093E-004,-1.682300495808116E-003)
 (-5.880671037000291E-005,-1.382020014776821E-004)
 (6.819125997389747E-004,-1.692044536281090E-003)
 (-1.412349657259009E-003,-5.692030057567927E-004)
 (2.142458791821590E-003,8.634368325069358E-004)
 (-3.383176198885944E-005,8.395685270557566E-005)
 (6.461620766942933E-004,-1.603327739636547E-003)
 (1.752945296346993E-003,-7.458807409680238E-004)
 (3.237147177151318E-004,7.607691007313855E-004)
 (-1.734322292570894E-003,7.379639933080065E-004)
 (-1.507586830355010E-003,-6.075832109221471E-004)
 (-6.498988363430973E-004,1.612598145510359E-003)
 (-2.255304793406519E-004,-5.300358512460690E-004)
 (3.999578393627524E-004,-9.924013247458474E-004)
 (1.221515340298561E-003,-5.197527802983938E-004)
 (-2.501576576255662E-005,6.207397720082948E-005)
 (3.715555700671094E-005,8.731962690617268E-005)
 (-1.250550472384215E-003,5.321121466508185E-004)
 (6.458923087722919E-004,2.603018307977742E-004)
 (-4.247502249937196E-004,-1.711784969131292E-004)
 (1.172816488712406E-003,-4.990338233727660E-004)
 (-3.648233163449881E-004,1.552338086777108E-004)
 (0.000000000000000E+000,0.000000000000000E+000)
 (0.000000000000000E+000,0.000000000000000E+000)
 AAAAAA           8
 (1.424695615146675E-002,-3.531896551491880E-002)
 (2.452669746926140E-002,5.769211526072174E-002)
 (-1.685636512060095E-002,7.166160192830762E-003)
 (-1.029370633101562E-002,-4.152274459470326E-003)
 (-1.232070020763742E-002,-4.969924808442014E-003)
 (-4.521452516827505E-003,-1.063543427000195E-002)
 (-1.253384699588965E-002,5.328520688744239E-003)
 (-8.278088428552252E-003,3.519280332565110E-003)
 (-2.290539178621433E-004,5.677900321226365E-004)
 (-1.216481874175578E-002,-4.907042073122547E-003)
 (-1.290967859599432E-003,3.200370357996273E-003)
 (-1.202038804239822E-002,-4.848775458449138E-003)
 (-9.699333179833446E-003,4.123484072921862E-003)
 (-1.127102381432132E-003,2.794127400766280E-003)
 (-2.261023571299946E-003,-5.318401978515872E-003)
 (-7.117230268621276E-003,3.025754307584312E-003)
 (-6.042648480014825E-004,1.498045196808479E-003)
 (-2.383706369609473E-003,-5.607032134732105E-003)
 (-1.265908489791107E-003,3.138273583615967E-003)
 (-1.226557011726550E-003,-2.885107023321490E-003)
 (-4.980745090593776E-003,-2.009113307265492E-003)
 (-6.629220961372435E-003,2.818295163533087E-003)
 (-6.842222085876000E-003,-2.760023301121780E-003)
 (-4.661161089870097E-003,-1.880226309625426E-003)
 (-4.082578715653775E-003,1.735631706736894E-003)
 (-8.910339108581600E-004,-2.095899572370477E-003)
 (-3.845648097416117E-004,-9.045654106530183E-004)
 (-2.833132645068294E-003,1.204454220965218E-003)
 (1.682110595030792E-004,-4.170017423640719E-004)
 (-9.514289847777872E-004,-2.237968312867019E-003)
 (-2.870981558188783E-004,-6.753267248277793E-004)
 (-3.198266428719376E-004,-7.523009055630433E-004)
 (-3.164706929268962E-003,-1.276573467640356E-003)
 (-2.621975069175934E-003,-1.057657529649562E-003)
 (-1.287554569369117E-004,3.192055431738185E-004)
 (-6.375390425298678E-004,-1.499624872321563E-003)
 (-2.190589734301541E-003,9.312878810885714E-004)
 (-3.234944988331410E-004,8.019658172419208E-004)
 (-1.027516586639063E-003,4.368255081892756E-004)
 (-1.580084474158721E-003,-6.373751220014313E-004)
 (-2.784338503679338E-004,6.902550798855310E-004)
 (-9.325248594595240E-004,3.964459379892614E-004)
 (-8.206861056565961E-005,2.034588511141534E-004)
 (-6.528196144693437E-005,1.618471256211897E-004)
 (0.000000000000000E+000,0.000000000000000E+000)
 (0.000000000000000E+000,0.000000000000000E+000)
 (5.296470781503010E-003,-2.361696557848542E-002)
 (1.161973075322578E-003,1.833835810057555E-003)
 (-6.042738904003454E-003,3.828883878367763E-003)
 (2.170011562973887E-003,4.866604950153878E-004)
 (-6.257826965921411E-004,-1.403333796867017E-004)
 (1.076801461569798E-002,1.699408809543046E-002)
 (-1.145166639616509E-002,7.256131860231772E-003)
 (-1.000045568191082E-003,6.336710699375603E-004)
 (-3.325380016591001E-003,1.482792036950960E-002)
 (7.719424851305575E-003,1.731177513137955E-003)
 (-2.807181455011167E-003,1.251725508665219E-002)
 (5.742893954041070E-004,1.287785716726513E-004)
 (-4.374477929154088E-003,2.771802073328740E-003)
 (-1.976926265559925E-003,8.815140356120093E-003)
 (3.933219670184124E-003,6.207437126416579E-003)
 (-5.750691782696750E-003,3.643823729653172E-003)
 (-1.901527049206588E-003,8.478981302220395E-003)
 (3.915715189849735E-003,6.179793783210239E-003)
 (-1.945525694992717E-003,8.675122633324863E-003)
 (3.388435996405112E-003,5.347657322118565E-003)
 (4.086086072247820E-004,9.163244602579833E-005)
 (-3.310403032973461E-003,2.097567388284463E-003)
 (1.236270073737914E-003,2.772482785756881E-004)
 (2.872816197688232E-004,6.442552641347120E-005)
 (-1.973447242963839E-003,1.250442639551741E-003)
 (1.283189581074404E-003,2.025111708224917E-003)
 (1.585068054742045E-003,2.501553685984458E-003)
 (-1.146781509601266E-003,7.266408365070691E-004)
 (-7.266087434754013E-004,3.239982312058846E-003)
 (2.157023233780735E-003,3.404223398230823E-003)
 (1.249766636358197E-003,1.972383078552930E-003)
 (8.455602005499784E-004,1.334468813355136E-003)
 (5.207820771454659E-004,1.167944763627496E-004)
 (-3.903840269935656E-004,-8.754706387697258E-005)
 (-2.703168315653203E-004,1.205362677539300E-003)
 (9.972239919428733E-004,1.573826800425106E-003)
 (-2.731084275011874E-004,1.730524047733907E-004)
 (-3.517372141785420E-004,1.568384152387195E-003)
 (-3.274799731142447E-004,2.074989250963025E-004)
 (1.498149903069903E-003,3.359866811794757E-004)
 (-4.401860764673848E-004,1.962802351703491E-003)
 (-6.655545027949151E-004,4.217191856515753E-004)
 (-1.303273777438964E-004,5.811232734528665E-004)
 (-2.389112754408538E-004,1.065321998547296E-003)
 (0.000000000000000E+000,0.000000000000000E+000)
 (0.000000000000000E+000,0.000000000000000E+000)
 (-5.089612536109412E-002,0.126872343054260)
 (4.421832568763001E-002,0.103461701436081)
 (-2.099505445607887E-002,8.973044981148202E-003)
 (2.552463204534919E-002,1.023947346094740E-002)
 (1.629325230071551E-002,6.536203654901210E-003)
 (3.240974793227102E-003,7.583207344555499E-003)
 (4.989530163523404E-003,-2.132464770749078E-003)
 (-1.418515647144694E-002,6.062579424753840E-003)
 (-3.240268175449672E-003,8.077232337580884E-003)
 (-2.173521526248892E-003,-8.719300426359667E-004)
 (-8.051079765422257E-004,2.006947041947532E-003)
 (-1.092704188911888E-003,-4.383508305423219E-004)
 (2.376403177375589E-003,-1.015651321259034E-003)
 (-8.268359081001968E-004,2.061110048309221E-003)
 (1.188963036415127E-003,2.781923848917479E-003)
 (7.064848777653529E-004,-3.019454189305858E-004)
 (-5.346505382366871E-004,1.332757560216097E-003)
 (1.039322001515581E-003,2.431791736642337E-003)
 (-6.433489894040402E-004,1.603723462418607E-003)
 (4.082264372202515E-004,9.551634289630067E-004)
 (2.607865160664590E-003,1.046172979093580E-003)
 (-7.477549431243103E-004,3.195844056188925E-004)
 (2.387070855458571E-003,9.575994176216793E-004)
 (1.011050713851572E-004,4.055853500570252E-005)
 (-8.419279103308420E-004,3.598318131866791E-004)
 (-1.771352648718720E-004,-4.144575934595734E-004)
 (4.788469497391369E-004,1.120398660821056E-003)
 (6.712213986582277E-004,-2.868736867219096E-004)
 (-8.663546020543467E-004,2.159620952340774E-003)
 (4.871706296134575E-004,1.139879949064789E-003)
 (5.080367996860109E-004,1.188700575844639E-003)
 (6.290193517134734E-006,1.471611753648847E-005)
 (1.118761956095348E-003,4.488056996211733E-004)
 (-4.064034374018430E-004,-1.630334128197130E-004)
 (2.307959119143541E-004,-5.753222480075117E-004)
 (-1.055212054748801E-004,-2.469005346875280E-004)
 (1.328190707697372E-003,-5.676534684867188E-004)
 (9.670967898949185E-006,-2.410507756644246E-005)
 (-1.039319715948924E-003,4.441947448237550E-004)
 (-6.937099209752219E-004,-2.782884063929851E-004)
 (3.194438285193180E-005,-7.962862448420379E-005)
 (6.357617230738578E-004,-2.717153638711844E-004)
 (2.360153724609304E-004,-5.883328987219852E-004)
 (1.381014348163262E-004,-3.442541345802621E-004)
 (0.000000000000000E+000,0.000000000000000E+000)
 (0.000000000000000E+000,0.000000000000000E+000)
 (2.809299636738742E-002,-5.984685625968015E-002)
 (1.130919878750144E-003,3.131871539471403E-003)
 (-4.842498815744456E-003,1.748562071650302E-003)
 (-4.435428530806345E-004,-2.082213863709298E-004)
 (-8.550272651107959E-003,-4.013626459481546E-003)
 (-5.490876225963207E-003,-1.520654714198889E-002)
 (-5.017579293486962E-003,1.811772800937633E-003)
 (-3.311372928834641E-003,1.195682286739033E-003)
 (-1.283648037260828E-003,2.734577345902843E-003)
 (-2.391080744703753E-003,-1.122415057243913E-003)
 (8.651001369293808E-004,-1.842933142798205E-003)
 (-2.054518314477693E-003,-9.644140740823968E-004)
 (-2.268754788931171E-003,8.192140408483612E-004)
 (3.493595093236877E-004,-7.442486806029625E-004)
 (-1.943803361689467E-004,-5.383319946466352E-004)
 (1.775886068317683E-003,-6.412496679386778E-004)
 (-2.567611242563633E-004,5.469726456043102E-004)
 (-7.695569072682409E-004,-2.131227813763885E-003)
 (6.376808177282375E-004,-1.358460145190490E-003)
 (4.684262218380434E-004,1.297277289354789E-003)
 (-1.376580360711363E-003,-6.461866368460712E-004)
 (9.007994545784325E-004,-3.252660921159066E-004)
 (-1.474945969114938E-004,-6.923758548457189E-005)
 (1.306923783433100E-003,6.134867204033622E-004)
 (-1.365985287242060E-003,4.932391915266454E-004)
 (4.920228690787725E-004,1.362614942132247E-003)
 (-4.034860008048470E-004,-1.117424667337367E-003)
 (1.168474361849325E-003,-4.219193891433149E-004)
 (-1.790663374295155E-004,3.814631013615659E-004)
 (2.088488339054356E-005,5.784200788323616E-005)
 (-3.379421912378478E-004,-9.359061299516257E-004)
 (5.997665447601976E-004,1.661009209625121E-003)
 (-1.250637601375994E-003,-5.870686222883723E-004)
 (1.324098151431932E-003,6.215532429187947E-004)
 (5.906942811995591E-004,-1.258357417548451E-003)
 (-4.683073578771710E-004,-1.296946181060530E-003)
 (6.108090392669072E-004,-2.205540486786260E-004)
 (-3.531902333781772E-004,7.524043061265235E-004)
 (-4.934186048522425E-004,1.781664035584223E-004)
 (-3.588205612816940E-004,-1.684376555834079E-004)
 (-5.976286364688054E-004,1.273137398765824E-003)
 (1.482411789217235E-004,-5.352986644410231E-005)
 (4.025360595339691E-004,-8.575247878920333E-004)
 (1.754087840587494E-004,-3.736682625119574E-004)
 (0.000000000000000E+000,0.000000000000000E+000)
 (0.000000000000000E+000,0.000000000000000E+000)
 AAAAAA           9
 (-6.975182828469545E-002,2.995870695815162E-002)
 (3.793099140872610E-002,1.513772071469811E-002)
 (6.917299340812847E-003,-1.733287446227104E-002)
 (-5.670702926938822E-003,-1.320288731726001E-002)
 (3.979177720655184E-003,-9.970739610130949E-003)
 (-4.061467264787714E-003,-9.456165610904772E-003)
 (8.938458909759346E-003,-3.839093601800956E-003)
 (-5.149020516650257E-003,-1.198828938341337E-002)
 (-7.441022500817706E-004,-2.969582406241998E-004)
 (4.962594778060355E-003,-1.243489627103743E-002)
 (-5.067900022495840E-003,-1.179940827048098E-002)
 (6.087647885834742E-003,-2.614680440877334E-003)
 (-3.121576631255691E-003,-1.245782303663739E-003)
 (7.183584572186434E-003,-3.085380274495257E-003)
 (-2.032896609323311E-003,-8.113032554924690E-004)
 (4.230263937313149E-003,-1.059987129558851E-002)
 (-5.961291191318336E-004,-2.379006529696555E-004)
 (-2.738115016641245E-003,-6.375036884147567E-003)
 (3.524831863089418E-003,-8.832253370042516E-003)
 (-2.566563516512944E-003,-1.024286155662137E-003)
 (-2.760535399322343E-003,-6.427239906830270E-003)
 (3.184664135804742E-003,-1.367825665683037E-003)
 (1.840599823193565E-003,-4.612040781755015E-003)
 (2.021352063109851E-003,-5.064944557249269E-003)
 (2.170683965893377E-003,-9.323148489797466E-004)
 (1.191059026350064E-003,-5.115654837378734E-004)
 (-1.432006420257307E-003,-3.334085749863964E-003)
 (1.638419420913540E-003,-4.105433144480908E-003)
 (-1.352015483684235E-004,-5.395875499050137E-005)
 (-1.306116429792182E-003,-3.040978917702760E-003)
 (-1.306116659902867E-003,-3.040980402383920E-003)
 (2.001959378935702E-003,-8.598499544122322E-004)
 (2.001954592178109E-003,-8.598501912096084E-004)
 (2.393014432365406E-004,9.550299242797730E-005)
 (8.419086101961972E-004,-3.616017919746012E-004)
 (9.743115437282606E-004,-2.441349910471408E-003)
 (9.158825561746674E-004,-3.933770228173525E-004)
 (-5.026743670690702E-004,-1.170356688745133E-003)
 (-5.981159805845791E-004,-2.387012015127323E-004)
 (-2.315909834770951E-004,-9.242489742892801E-005)
 (-3.949871663953799E-004,-1.576329836299679E-004)
 (6.125039413614369E-004,-1.534762740796278E-003)
 (-3.709552427237230E-004,-1.480438784227275E-004)
 (-3.794540278005274E-004,-8.834736256215988E-004)
 (0.000000000000000E+000,0.000000000000000E+000)
 (0.000000000000000E+000,0.000000000000000E+000)
 (4.511780066144813E-002,-2.455262880889263E-002)
 (5.096893507247631E-002,1.504498061815883E-002)
 (1.883696485671731E-003,-6.381568065048115E-003)
 (-3.662303066957477E-004,-6.729910164414974E-004)
 (1.507888914309545E-003,-5.108385918945260E-003)
 (1.642014980340530E-003,3.017379744822578E-003)
 (-1.320727155186882E-002,7.187237232849291E-003)
 (-6.570194302271081E-003,-1.207338787007186E-002)
 (-1.233083630829796E-002,-3.639808170966624E-003)
 (-2.243739117727429E-003,7.601287452382129E-003)
 (-3.180218905402171E-003,-5.843971367372967E-003)
 (-6.021316237717816E-003,3.276721149175817E-003)
 (-8.856233074005923E-003,-2.614173465439569E-003)
 (-6.490843998876814E-003,3.532240221346739E-003)
 (-8.788984228000818E-003,-2.594324544795170E-003)
 (-2.638860106960051E-004,8.940131632425964E-004)
 (-8.197417374159218E-003,-2.419705875120467E-003)
 (-3.302323558536213E-003,-6.068350355016032E-003)
 (-1.295525552048051E-005,4.387985795140803E-005)
 (-8.110755215807206E-003,-2.394129013273360E-003)
 (-1.967401267240429E-003,-3.615304659432548E-003)
 (-4.336268663099669E-003,2.359744428237939E-003)
 (4.832837892106393E-005,-1.637180274030595E-004)
 (6.432553840762919E-005,-2.179230692374561E-004)
 (-1.813195509887940E-003,9.867174905511013E-004)
 (-2.519760674128931E-003,1.371226784729896E-003)
 (-1.021506975634300E-003,-1.877126218233423E-003)
 (-5.443823504960265E-005,1.844279332860168E-004)
 (-2.166287714125073E-003,-6.394422969846678E-004)
 (-6.285952806514114E-004,-1.155108229045681E-003)
 (-6.285968161879995E-004,-1.155108471422876E-003)
 (-2.322002763248043E-003,1.263606615856355E-003)
 (-2.322004713548434E-003,1.263609057188045E-003)
 (-1.683559045769727E-003,-4.969517443447163E-004)
 (-1.412774115337122E-003,7.688125691683090E-004)
 (1.615796852091986E-004,-5.473922704734265E-004)
 (-7.781609073109772E-004,4.234668465623800E-004)
 (-7.283480302365566E-004,-1.338413895370454E-003)
 (-1.263624079275567E-003,-3.729921711775844E-004)
 (-1.191704847637337E-003,-3.517664502275302E-004)
 (-1.692687414955400E-003,-4.996469284759637E-004)
 (-4.217033478001594E-004,1.428630611146124E-003)
 (-1.266156132664928E-003,-3.737415534954354E-004)
 (-1.819770169200436E-005,-3.343791081386220E-005)
 (0.000000000000000E+000,0.000000000000000E+000)
 (0.000000000000000E+000,0.000000000000000E+000)
 (-0.125438466465378,2.112182610215540E-002)
 (-0.109693481333718,-7.807598723135765E-002)
 (-1.911810580033485E-002,2.686011462210067E-002)
 (-2.471887507719497E-003,-1.467998755944028E-002)
 (-1.113096635347843E-002,1.563853760293607E-002)
 (-1.656663698616099E-003,-9.838519871503174E-003)
 (-1.476903959926711E-002,2.486873318235629E-003)
 (7.718253537594845E-004,4.583750329663613E-003)
 (-5.589314371144977E-003,-3.978277423713423E-003)
 (-6.932857274050111E-004,9.740425921232296E-004)
 (5.248652944766371E-004,3.117055063167817E-003)
 (-4.081078840467671E-003,6.871882316553618E-004)
 (-3.040068198608245E-003,-2.163808586951137E-003)
 (-5.432499918923080E-003,9.147476561869331E-004)
 (-2.641351833502272E-003,-1.880024062347854E-003)
 (-3.679247697971618E-004,5.169306869031903E-004)
 (-2.731936767747478E-003,-1.944497557645145E-003)
 (-2.578223747906894E-004,-1.531135649075653E-003)
 (-1.237704778413063E-003,1.738917645659350E-003)
 (-2.901713393217543E-003,-2.065337720410618E-003)
 (-3.143981278760947E-004,-1.867141984251153E-003)
 (-1.338803753106504E-003,2.254354659601181E-004)
 (-1.576220158017821E-003,2.214522994091184E-003)
 (6.394542326349646E-004,-8.984087952086880E-004)
 (9.095617467803510E-004,-1.531557484347665E-004)
 (-2.396651368076757E-003,4.035613077680785E-004)
 (-1.664986066652286E-004,-9.888102531537626E-004)
 (-1.416663411373681E-003,1.990353218573276E-003)
 (-9.342154312448713E-004,-6.649442114641971E-004)
 (6.892409491615503E-005,4.093222823143756E-004)
 (6.892549450448186E-005,4.093227298395608E-004)
 (-1.280376579769456E-003,2.155957896405558E-004)
 (-1.280376440893945E-003,2.155985529454744E-004)
 (-1.097609498532100E-003,-7.812398563021042E-004)
 (-1.694705370309023E-003,2.853605895087323E-004)
 (6.878162959755215E-004,-9.663492892832777E-004)
 (4.236179703807281E-004,-7.132947244020539E-005)
 (8.286475388903545E-005,4.921225509719890E-004)
 (2.573930612383256E-004,1.832057162273179E-004)
 (-3.657826901042553E-004,-2.603520052555952E-004)
 (2.515744915400561E-005,1.790737254460073E-005)
 (5.031362447983336E-005,-7.068970186647245E-005)
 (2.667397202662216E-004,1.898572269681488E-004)
 (-1.441269651326275E-005,-8.559322788905424E-005)
 (0.000000000000000E+000,0.000000000000000E+000)
 (0.000000000000000E+000,0.000000000000000E+000)
 (3.193455185508823E-002,-0.218674355070818)
 (2.011921842476911E-007,2.253515609581806E-007)
 (-2.733128595315190E-003,-3.668011753561472E-003)
 (1.749645231443013E-003,2.557087445459655E-004)
 (-5.469500057043314E-003,-7.340353247916916E-003)
 (4.852480534385087E-004,7.099782793165571E-005)
 (-5.635982814426212E-004,3.859123011809678E-003)
 (1.713140543992012E-008,9.188027074725906E-008)
 (1.206581702569821E-002,-8.990708006682835E-003)
 (-4.444547994415964E-009,5.414548196490901E-009)
 (3.883740671428715E-003,5.671533981477019E-004)
 (3.050621324674607E-004,-2.088603475311137E-003)
 (-1.300587162956378E-003,9.692294114535565E-004)
 (4.886780314467161E-004,-3.346389592958042E-003)
 (1.646186367099710E-003,-1.226644176568795E-003)
 (2.434475933183515E-003,3.267165240774846E-003)
 (-7.516532084439491E-004,5.601843081508856E-004)
 (-1.387810565985384E-003,-2.026497330142300E-004)
 (-1.424672840303757E-003,-1.911978510518057E-003)
 (5.313790434827420E-008,3.004590137644945E-008)
 (1.406295367178981E-009,2.743956518737848E-008)
 (-1.869849786875804E-005,1.283331213350972E-004)
 (-1.354867351002795E-004,-1.818328270374236E-004)
 (-3.690669925684811E-004,-4.953070163864542E-004)
 (2.714881840753679E-008,-1.163779123105293E-008)
 (-5.382511152356001E-005,3.686325705965736E-004)
 (-1.719749247874282E-003,-2.511413346677611E-004)
 (1.631195793101198E-004,2.189197154330344E-004)
 (-1.511872065234413E-003,1.126540152632733E-003)
 (2.040871897987571E-003,2.980338121070285E-004)
 (-2.040865994605897E-003,-2.980505456027367E-004)
 (2.426300569222909E-004,-1.661314099043330E-003)
 (-2.426064882386240E-004,1.661301209533615E-003)
 (1.294928305303036E-003,-9.648879018313211E-004)
 (2.161545064865947E-005,-1.479635810818550E-004)
 (2.969851991186991E-004,3.985509946358596E-004)
 (7.323153812394602E-005,-5.014004267080784E-004)
 (-9.684847430848051E-004,-1.414303413969936E-004)
 (5.342293039953889E-004,-3.980558190971805E-004)
 (-1.293567477979529E-003,9.638991368817149E-004)
 (-6.878832666839687E-004,5.125774837453347E-004)
 (-2.632916197466977E-004,-3.533432333795690E-004)
 (6.647261999374988E-004,-4.952974124431567E-004)
 (4.713917855176086E-004,6.884541125303011E-005)
 (0.000000000000000E+000,0.000000000000000E+000)
 (0.000000000000000E+000,0.000000000000000E+000)
 AAAAAA          10
 (7.270271419378849E-002,8.976129519538323E-002)
 (2.131170347892369E-003,-2.029761070684586E-002)
 (-1.335772175250460E-002,-1.402551181822452E-003)
 (-1.538357286802754E-002,1.246000006799121E-002)
 (-8.452086445869596E-003,-8.874594644593405E-004)
 (-6.480244811603978E-003,-8.000740860066724E-003)
 (-9.227816300260646E-003,7.474131347775276E-003)
 (-8.144342935872956E-003,6.596562806091427E-003)
 (-4.934669871570988E-005,4.700203982798529E-004)
 (-1.421506627895767E-002,-1.492574546076788E-003)
 (-5.815787221981485E-003,-7.180380469479502E-003)
 (-2.327967945130891E-004,2.217137905155749E-003)
 (-8.819591543292891E-003,7.143479052786478E-003)
 (-1.309585568915281E-002,-1.375047266853123E-003)
 (-1.831745067200971E-004,1.744576099246427E-003)
 (-4.317368664445062E-003,-5.330382056291522E-003)
 (-1.065866656692850E-002,-1.119153498478546E-003)
 (-2.192404049346998E-005,2.088387307527872E-004)
 (-6.376667015324250E-003,5.164822857998675E-003)
 (-8.219208697200032E-003,-8.630111710019204E-004)
 (-2.536717064794548E-003,-3.131917203731666E-003)
 (-3.035316010329193E-003,-3.747510470821008E-003)
 (-3.671165245907373E-003,2.973481809184266E-003)
 (-3.570512923227373E-003,2.891960366316624E-003)
 (-1.106367613326493E-004,1.053672091398810E-003)
 (-3.859102794833311E-003,-4.052038284340512E-004)
 (-2.670364879296370E-003,2.162876705507573E-003)
 (-2.670365526184619E-003,2.162876451223483E-003)
 (-3.505122448546514E-003,-3.680355088803993E-004)
 (-3.505115521173353E-003,-3.680342376108663E-004)
 (-2.136431845354662E-005,2.035242687712078E-004)
 (-2.137028924699935E-005,2.035264338313020E-004)
 (-8.647745849094481E-004,-1.067683348974840E-003)
 (-8.647746331986717E-004,-1.067687331722097E-003)
 (-1.266405287276381E-003,-1.563546565707615E-003)
 (-1.266403827360604E-003,-1.563545101528592E-003)
 (1.259522136825519E-005,-1.199435710988733E-004)
 (-1.011935559719153E-005,9.641524465176248E-005)
 (-7.422677801042524E-004,6.012037235430195E-004)
 (-5.102800643912150E-004,-6.300119545912634E-004)
 (-2.010939587257342E-005,1.915477848625111E-004)
 (-2.010956751268518E-005,1.915486604909062E-004)
 (-1.598019327571520E-003,-1.677914489661446E-004)
 (-7.973953957009729E-004,6.458552619940570E-004)
 (-7.973953102549067E-004,6.458545610006646E-004)
 (-6.562685875328585E-004,-6.890848250764377E-005)
 (9.979854530507065E-002,2.492895675517928E-003)
 (0.121887185378409,0.128132327355051)
 (1.509475279961901E-002,-1.435902707328546E-002)
 (-1.008705090218806E-004,4.038594844220570E-003)
 (7.907618156622071E-003,-7.522207635946854E-003)
 (-9.587671534948014E-003,-2.394910575860107E-004)
 (-1.390790461635429E-004,5.567995244541305E-003)
 (3.899933226376969E-004,-1.561312651571857E-002)
 (-6.784887416275889E-003,-7.132524240736179E-003)
 (-3.879630829014287E-003,3.690545290333957E-003)
 (-4.367669692418579E-003,-1.090951339345843E-004)
 (-6.820165879771025E-003,-7.169619568116554E-003)
 (2.524882086456922E-004,-1.010803998569658E-002)
 (1.722956183663220E-003,-1.638978969424334E-003)
 (-6.350324345685038E-003,-6.675694924611427E-003)
 (-3.970736675390058E-003,-9.918112900248821E-005)
 (2.137197368726158E-003,-2.033033372306805E-003)
 (-4.526230009292173E-003,-4.758145402294544E-003)
 (1.614320754204602E-004,-6.462872313190981E-003)
 (2.610261896899068E-004,-2.483062546146909E-004)
 (-4.094014267108085E-003,-1.022669835061144E-004)
 (-2.456674025486852E-003,-6.136375001263180E-005)
 (1.135216792958125E-004,-4.544653327567295E-003)
 (5.563039263562614E-005,-2.227123956730778E-003)
 (-3.188482380152895E-003,-3.351855855644903E-003)
 (7.088299045215605E-004,-6.742803273754561E-004)
 (5.942040558107743E-005,-2.378870955031703E-003)
 (5.942219427483862E-005,-2.378872315060709E-003)
 (9.028900003385904E-004,-8.588796762315349E-004)
 (9.028874591470063E-004,-8.588795451901891E-004)
 (-1.297164223873681E-003,-1.363623847464977E-003)
 (-1.297163398829065E-003,-1.363631998729737E-003)
 (-9.636538648943025E-004,-2.407222344110086E-005)
 (-9.636547199098055E-004,-2.407308381073510E-005)
 (-1.374927490167785E-003,-3.434173482248819E-005)
 (-1.374926092384445E-003,-3.434440023628705E-005)
 (-7.738670430621667E-004,-8.135211003915674E-004)
 (-7.949985702936950E-004,-8.357312253238650E-004)
 (4.372402810357706E-005,-1.750413072243345E-003)
 (-7.391168548706003E-004,-1.846052238787114E-005)
 (-1.205281551451817E-003,-1.267037848398907E-003)
 (-1.205281729593311E-003,-1.267035656798641E-003)
 (-5.834171703297100E-004,5.549824257973384E-004)
 (6.028068538998333E-006,-2.413196341369995E-004)
 (6.029213706267485E-006,-2.413185838060899E-004)
 (2.210604275490065E-004,-2.102851539991159E-004)
 (0.262058130567406,1.786388397330534E-002)
 (-0.301289237971335,0.165299755785108)
 (1.950013551760307E-002,-3.014846242049412E-003)
 (-2.296021703095639E-002,-2.212706991762174E-003)
 (2.491436619406119E-003,-2.173477584864325E-003)
 (-9.345190288393127E-003,1.039038842218445E-002)
 (1.004914642921052E-004,-1.474597667301364E-003)
 (3.101916404918625E-003,9.039958065013138E-004)
 (9.376829141194375E-003,6.407855724501302E-004)
 (8.401107249758244E-004,1.531157644710603E-003)
 (6.030505161672061E-003,-1.031763682180793E-003)
 (-4.539628094978019E-003,2.809235348193688E-003)
 (5.702300888865460E-003,3.673548000829040E-003)
 (-1.273013061254573E-003,6.120574003472541E-003)
 (-6.034737492264431E-004,-4.798886359144870E-005)
 (1.644493161764894E-004,7.944499573270354E-004)
 (1.915030678921896E-003,-1.670609810423256E-003)
 (-9.551984191121178E-004,7.236549211169161E-005)
 (-2.854260403544758E-003,-8.318860470486512E-004)
 (-1.298311540495635E-003,-3.945324746212511E-003)
 (-1.653812363790804E-004,4.843097802219627E-005)
 (9.699998485460163E-004,-3.328202178269852E-003)
 (-2.382231754198043E-003,-1.253770754506761E-003)
 (-6.777849375112735E-004,-9.708670611966869E-004)
 (-1.354327592939834E-003,7.430486911858637E-004)
 (1.108300850430008E-004,-1.124605443104726E-003)
 (1.813431275218891E-003,1.384480665112921E-003)
 (6.266481992049311E-004,-6.732912660200212E-004)
 (3.686051369449142E-004,2.161447858166112E-003)
 (-9.115652780319714E-004,-7.367314168187424E-004)
 (-1.488418221921197E-003,-1.953815003723142E-004)
 (1.465163616247816E-003,-4.949733817184709E-004)
 (-5.206178858887716E-004,5.434928154005351E-004)
 (1.764539769206184E-004,-5.669375869143042E-004)
 (9.632766209336484E-004,1.933807875199381E-004)
 (-1.488051667852184E-003,1.607145460314310E-003)
 (4.684900415141962E-004,5.370353809657947E-004)
 (-4.247806829531394E-004,-4.869300930489253E-004)
 (3.189255574955746E-005,-4.678299326345984E-004)
 (4.263322948162461E-004,2.906003290969387E-005)
 (9.857993511067499E-004,-4.881901008182448E-005)
 (-3.954034662464612E-004,-3.316849629454556E-004)
 (2.643558144750818E-004,-1.921833640861622E-004)
 (3.106104056065687E-004,6.354112109896714E-005)
 (-3.362400850839870E-004,-3.011320553634638E-004)
 (3.986537236316790E-005,-1.487252322416660E-004)
 (-0.359299027638112,0.405463057202025) (-0.296938893926598,0.180984782235169)
 (8.045764857785458E-003,4.841593689827940E-002)
 (-3.000655615239619E-002,-1.165290119128411E-002)
 (4.110431895872216E-004,6.806397773264604E-003)
 (5.805161171742671E-003,1.492075478711869E-003)
 (2.281343645984854E-003,2.021615389472618E-003)
 (3.177263455084572E-003,7.707452924322023E-004)
 (-4.812091481450473E-003,-2.937043918115604E-003)
 (9.197908158183821E-004,1.509065876786697E-003)
 (-7.351246715069070E-003,7.243549683404566E-003)
 (-5.248045053563914E-003,2.875449926831644E-003)
 (2.926819146741526E-003,-1.253728645897794E-003)
 (1.518833989305574E-003,-5.217336371557019E-003)
 (3.260699245182363E-004,1.859146109975663E-004)
 (-7.231882522627178E-004,1.387441643135822E-003)
 (3.158520152526031E-004,5.231924336882918E-003)
 (1.557772074880483E-004,3.633261297545519E-004)
 (-2.923591040557130E-003,-7.093052153616000E-004)
 (-1.966374920054664E-003,-1.784020049961617E-003)
 (1.887998923221826E-004,-1.695110455054965E-004)
 (8.271095899516122E-004,-3.409038660891124E-003)
 (-1.629643933243962E-003,1.508888741408470E-004)
 (4.259934983634563E-004,8.584128671182808E-004)
 (-1.334744334621967E-003,8.135919640665212E-004)
 (-3.364488492642068E-004,6.596813457050086E-004)
 (6.175508295508167E-004,-6.858006203779310E-004)
 (1.881792346659108E-003,1.292208227466057E-003)
 (9.175927407498488E-004,1.449518269532003E-004)
 (-6.789704306681500E-004,-1.958562986877450E-003)
 (9.913658739739511E-004,4.225840798223987E-004)
 (6.936914210719759E-004,-7.361990395823537E-004)
 (3.458378665520086E-004,3.201634517430711E-005)
 (1.259727751613935E-004,-5.644425159084866E-004)
 (-1.401889224363962E-003,1.675153502762321E-003)
 (9.544184488915176E-004,1.691120281302564E-004)
 (-1.467223898421941E-003,8.856304840046034E-005)
 (1.330333922066107E-003,-8.028417668376519E-005)
 (7.238224351197246E-004,6.413977578559094E-004)
 (-5.845279827468967E-004,6.596307831352138E-004)
 (-2.236870224082482E-004,-3.629156016037192E-004)
 (9.429885948738217E-004,-1.811556203773658E-005)
 (5.685627484503913E-005,7.088749708690983E-004)
 (3.572353309120855E-004,1.129943078978121E-004)
 (-5.014244970678458E-005,1.861841440724278E-004)
 (-3.274554185328965E-005,1.484612742999684E-004)
 AAAAAA          11
 (8.078183769709955E-003,-4.643892200656249E-002)
 (4.592544559603874E-002,6.526778533031369E-002)
 (-1.671525847687116E-002,1.176161771024238E-002)
 (-1.466717731381875E-002,-2.551395138800887E-003)
 (-1.017038249332745E-002,-1.769161879623244E-003)
 (-5.088282704066810E-003,-7.231316037217568E-003)
 (-8.573749278364131E-003,6.032869805602507E-003)
 (-1.004078947075053E-002,7.065158149597928E-003)
 (-3.371392003671865E-004,1.938124903172543E-003)
 (-1.372896909678031E-002,-2.388195928545485E-003)
 (-6.807083340791363E-004,3.913111994616508E-003)
 (-4.225122195484987E-003,-6.004618497346354E-003)
 (-1.380921598340105E-002,-2.402157331409983E-003)
 (-6.394858708528802E-004,3.676236197433789E-003)
 (-9.527073699951656E-003,6.703693431673248E-003)
 (-3.329057092708902E-003,-4.731170866331509E-003)
 (-7.504199133588123E-003,5.280308113538950E-003)
 (-2.622171584214022E-004,1.507391227355362E-003)
 (-9.357764333718597E-003,-1.627813432423604E-003)
 (-1.867440856849583E-003,-2.653943180426481E-003)
 (-5.343318059936123E-003,3.759808150985723E-003)
 (-6.700181268179843E-003,-1.165518843081210E-003)
 (-4.304758465122940E-004,2.474654211427766E-003)
 (-2.026732322962323E-003,-2.880329021945390E-003)
 (-4.603270510421087E-003,-8.007538847906349E-004)
 (-3.284009809891104E-003,2.310782087921252E-003)
 (-3.370949189257162E-003,2.371956604974249E-003)
 (-3.606544710792016E-003,-6.273693604931135E-004)
 (-6.044944695819291E-004,-8.590879758356675E-004)
 (-6.044968256984332E-004,-8.590900419889555E-004)
 (-3.462323781038205E-003,-6.022788214760173E-004)
 (-2.619242643168674E-003,1.843020401138184E-003)
 (-1.182602175268227E-004,6.798236839574988E-004)
 (1.539580912943154E-005,-8.850573404065624E-005)
 (-9.761953548738154E-005,5.611562557309094E-004)
 (-1.043346630586715E-003,-1.482771013811911E-003)
 (-3.986637041548421E-004,-5.665637935234908E-004)
 (-7.836809039583151E-004,-1.113738186962285E-003)
 (-1.088500945585599E-003,7.659160552833458E-004)
 (-1.224837997428926E-004,7.041106562181084E-004)
 (-5.044418852224284E-005,2.899671769146686E-004)
 (-8.130920808276261E-005,4.674136973417989E-004)
 (-8.435118361294588E-004,5.935266451821165E-004)
 (-1.312193512116626E-003,-2.282608549230201E-004)
 (-7.811521738217540E-004,-1.358839012990560E-004)
 (0.000000000000000E+000,0.000000000000000E+000)
 (9.878284925690897E-002,7.760692788530293E-002)
 (7.247061510790090E-002,-8.700249827278930E-003)
 (6.119007002907381E-004,5.096982993920645E-003)
 (6.709431868724573E-003,-8.540174669354094E-003)
 (5.419829993215624E-003,-6.898683791055407E-003)
 (-1.172992934355280E-002,1.408202338320239E-003)
 (7.297646238383596E-004,6.078772419259000E-003)
 (-1.557529833520999E-003,-1.297377904430262E-002)
 (-8.381365498896178E-003,-6.584671263177150E-003)
 (-4.944877086401536E-003,6.294147135772153E-003)
 (-6.859180253650277E-003,-5.388788839123310E-003)
 (-6.368145098054568E-003,7.645071671399503E-004)
 (-3.665440584847512E-004,4.665577135269262E-004)
 (-7.226994788476443E-003,-5.677753177798724E-003)
 (-7.522902067165309E-004,-6.266350190523085E-003)
 (-5.490332782266349E-003,6.591278455404508E-004)
 (-4.959838048082867E-004,-4.131417888112939E-003)
 (-5.087929023663619E-003,-3.997239144566158E-003)
 (-7.209682116041871E-005,9.176603859205134E-005)
 (-5.339771851512250E-003,6.410509783062177E-004)
 (-5.436276989778889E-004,-4.528277590985799E-003)
 (-5.672833598369977E-004,7.220680464418815E-004)
 (-4.100228800001123E-003,-3.221267765585174E-003)
 (-3.044686059770177E-003,3.655216612644131E-004)
 (3.024943375173267E-004,-3.850356871216776E-004)
 (-1.613424762601310E-004,-1.343954027096621E-003)
 (-1.836764097878167E-004,-1.529996264410770E-003)
 (2.164332468407558E-004,-2.754883163695157E-004)
 (-1.465709613904465E-003,1.759599579785740E-004)
 (-1.465712526575504E-003,1.759620897606874E-004)
 (1.311162014147203E-004,-1.668940536002640E-004)
 (-1.289565165364275E-004,-1.074180837015768E-003)
 (-1.349198093052612E-003,-1.059972893291901E-003)
 (-1.132679891020988E-003,-8.898703773350804E-004)
 (-1.179521854136245E-003,-9.266685699903052E-004)
 (-2.174779380423718E-003,2.610866133589397E-004)
 (-1.140239443478778E-003,1.368879222155650E-004)
 (-1.551512151917168E-003,1.862633237707510E-004)
 (-1.792179206154078E-004,-1.492835934691728E-003)
 (-1.619090552586601E-003,-1.272008053849960E-003)
 (-7.317217048888255E-004,-5.748630772273558E-004)
 (-1.160838253976094E-003,-9.119922594551518E-004)
 (1.081827213345837E-005,9.012476685797870E-005)
 (-7.239868521719490E-004,9.215351981523842E-004)
 (1.795015046824449E-004,-2.284798801221187E-004)
 (0.000000000000000E+000,0.000000000000000E+000)
 (-9.431430040483649E-002,0.109927717906936)
 (1.736248436979641E-002,0.227122142665160)
 (-3.196894159604678E-002,2.443876466381665E-003)
 (1.881865439388951E-002,1.614578441126677E-002)
 (1.617706435980051E-002,1.387939525273993E-002)
 (5.411819837499196E-004,7.079377719299959E-003)
 (-1.078150473998531E-002,8.241928705659410E-004)
 (-2.144472385962149E-003,1.639284178690804E-004)
 (-9.945829530125808E-003,1.159234283274799E-002)
 (2.520428363094731E-003,2.162453513578616E-003)
 (-4.056204468269460E-003,4.727709248748000E-003)
 (6.154343977362348E-004,8.050706711562801E-003)
 (-2.662977527506022E-003,-2.284746133227603E-003)
 (-3.033054481937536E-003,3.535160192480347E-003)
 (-9.917142545228692E-004,7.580418293338980E-005)
 (3.437885195137441E-004,4.497336866163767E-003)
 (-2.427790523125839E-003,1.855896373671220E-004)
 (-3.300205246552176E-003,3.846542293129838E-003)
 (3.008174870461812E-003,2.580916285066719E-003)
 (3.543294272330716E-004,4.635084645092564E-003)
 (-1.499947404466128E-003,1.146697682808405E-004)
 (3.199964602495414E-004,2.745465567815735E-004)
 (-2.366563028318445E-003,2.758343650195826E-003)
 (3.224354212870510E-005,4.218261907919502E-004)
 (1.442288310010191E-003,1.237425974195328E-003)
 (5.118115840938029E-004,-3.912604519366143E-005)
 (-1.596640613473689E-003,1.220605961762693E-004)
 (-4.918396028830067E-004,-4.219787712402890E-004)
 (7.356390077939998E-005,9.623095094414323E-004)
 (7.356539684643743E-005,9.623030490116247E-004)
 (3.534898936584894E-004,3.032781664234736E-004)
 (1.777341374352913E-003,-1.358698177036684E-004)
 (-4.885214827416214E-004,5.694001941121015E-004)
 (-1.659540902534873E-003,1.934273109549657E-003)
 (3.143491902617563E-004,-3.663861224898514E-004)
 (2.101086000964088E-004,2.748485186523646E-003)
 (1.286738777727625E-004,1.683208587686137E-003)
 (1.840876816036654E-005,2.408367056266815E-004)
 (7.006102313860082E-004,-5.355883731962096E-005)
 (-9.416173347072507E-004,1.097498809968139E-003)
 (4.614702728683536E-004,-5.378690056150392E-004)
 (1.927578846742503E-004,-2.246680144876614E-004)
 (-3.624129521148147E-004,2.770561392189527E-005)
 (3.136662832659406E-004,2.691167650021695E-004)
 (5.754757016542126E-004,4.937357506250864E-004)
 (0.000000000000000E+000,0.000000000000000E+000)
 (-0.116654259432494,0.280225187583685)
 (7.923729248660726E-008,1.918012419656068E-007)
 (-1.404584210240463E-002,5.788906664139667E-003)
 (5.179732146516919E-003,2.156223460135350E-003)
 (7.377573060848903E-008,2.739172214571200E-008)
 (6.447689399657662E-003,1.564430290515487E-002)
 (4.726436626042358E-008,-2.950043301191766E-008)
 (3.181150358179093E-003,-1.311088324477294E-003)
 (1.807028445011697E-003,-4.340850558101315E-003)
 (1.566208721486006E-003,6.519801009244261E-004)
 (-1.299283398324796E-003,3.121135470014460E-003)
 (-7.903280302776107E-004,-1.917625589065918E-003)
 (3.961085587730135E-003,1.648951507917335E-003)
 (-9.220550951063412E-004,2.214955994196837E-003)
 (4.889017412009529E-003,-2.014975943505757E-003)
 (9.570109295121045E-004,2.322048305316850E-003)
 (-2.699426015888805E-003,1.112546357545187E-003)
 (1.055108958852264E-004,-2.534677998222818E-004)
 (2.382682621092216E-010,2.075770878214663E-010)
 (-4.852987472144803E-004,-1.177511153241067E-003)
 (-2.951528432522907E-003,1.216460296401503E-003)
 (-3.394917579831732E-003,-1.413257817573196E-003)
 (-8.980499635221958E-004,2.157301788173358E-003)
 (-1.262801542071260E-003,-3.063999601462401E-003)
 (-7.178864849478272E-004,-2.988579951505764E-004)
 (-7.175104115913966E-004,2.957170857330365E-004)
 (1.618765823937087E-003,-6.671640170005746E-004)
 (-1.796840793488576E-003,-7.479948553303189E-004)
 (4.949690532021797E-004,1.200980004753168E-003)
 (-4.949869723089628E-004,-1.201007871828415E-003)
 (2.270248616869633E-003,9.450795849948459E-004)
 (5.589507495821675E-004,-2.303665665708621E-004)
 (4.873500017431061E-004,-1.170701661482224E-003)
 (6.086126015281973E-009,-1.034242066236446E-008)
 (-3.581545485914705E-004,8.603653506930764E-004)
 (5.696198591128012E-006,1.382331105801316E-005)
 (3.428993410719895E-009,7.140137937938126E-009)
 (5.495480180226192E-004,1.333380208241824E-003)
 (4.341522826065516E-009,3.633229168726388E-009)
 (5.439843994534065E-004,-1.306753229265073E-003)
 (2.411419983646667E-009,7.844309435147973E-009)
 (-9.618628628569504E-005,2.310722500101989E-004)
 (2.645951380899558E-004,-1.090471396719373E-004)
 (5.461496625259367E-005,2.273860062943564E-005)
 (-2.227977723395280E-004,-9.275078164493692E-005)
 (0.000000000000000E+000,0.000000000000000E+000)
