 AAAAAA           2
 (0.106489382456647,-6.026038923822134E-004)
 (-5.692703553142069E-004,-5.628626523365755E-004)
 (-7.921628504977405E-003,8.011791989476044E-003)
 (9.416821721306388E-005,1.664108989232848E-002)
 (9.416839251841051E-005,1.664109028518564E-002)
 (2.811313065298821E-003,2.779675018829231E-003)
 (-1.393224099719959E-002,7.883981678766944E-005)
 (-1.731701146799531E-003,-1.712210321641602E-003)
 (-1.411222974908677E-002,1.427285653093174E-002)
 (-1.177066926063403E-002,1.190464475044328E-002)
 (-9.757082894164573E-003,5.521153575858452E-005)
 (5.602685356772847E-005,9.900797525836579E-003)
 (5.602577310766721E-005,9.900794993493688E-003)
 (4.985163779861433E-005,8.809684559029633E-003)
 (-1.581482260471430E-004,-1.563677177252158E-004)
 (-7.706145872021412E-003,7.793854633250236E-003)
 (-6.674076462324033E-003,6.750042017574990E-003)
 (-6.208660606851069E-003,3.513591216803527E-005)
 (2.972044604371564E-005,5.252380896693276E-003)
 (-5.163823255425016E-003,2.922212187448487E-005)
 (-4.187663875887703E-003,4.235329425818782E-003)
 (-3.755935988447647E-003,3.798686483695517E-003)
 (-3.755937007804963E-003,3.798687447495724E-003)
 (-3.755936373861538E-003,3.798685462769957E-003)
 (-3.480665571277809E-003,1.969591779911245E-005)
 (1.876719319104361E-005,3.316703930741733E-003)
 (-2.997407220603857E-003,1.696226876152750E-005)
 (1.721438870226633E-005,3.042061739665852E-003)
 (-2.822605549875745E-003,1.597208417572569E-005)
 (-2.822605809017366E-003,1.597213330314093E-005)
 (-1.150634119450408E-004,-1.137676879261619E-004)
 (-1.150634587678792E-004,-1.137676510308022E-004)
 (-1.751800907414944E-003,1.771740256069933E-003)
 (-1.101980893094720E-004,-1.089575836157464E-004)
 (-1.324039086753179E-003,7.492932743450025E-006)
 (-1.638827648092844E-003,1.657480771970812E-003)
 (8.159316278599717E-005,8.067461137505909E-005)
 (8.159328845958393E-005,8.067428430111510E-005)
 (7.166805621734381E-006,1.266375573469429E-003)
 (-1.913073286218113E-005,-1.891522838400297E-005)
 (9.461392576747492E-005,9.354932282593002E-005)
 (-5.383771293021329E-005,-5.323217559130152E-005)
 (-0.112417011105393,6.772722413463095E-002)
 (-0.223156518535132,-5.536031087554534E-002)
 (-7.322469632080142E-003,2.951673711930045E-002)
 (-4.976630146267560E-003,-8.260460317785243E-003)
 (-4.976631401260283E-003,-8.260472738367197E-003)
 (5.488290627638646E-003,1.361533988726091E-003)
 (1.268229952438176E-002,-7.640630842309215E-003)
 (2.319331518249584E-002,5.753778332729323E-003)
 (-4.514197541516542E-005,1.819510410613214E-004)
 (-6.332996470737164E-004,2.552802299335036E-003)
 (9.211605304357446E-004,-5.549785161892986E-004)
 (6.484498485785852E-003,1.076329792425853E-002)
 (6.484492437271570E-003,1.076329882638236E-002)
 (3.095786540759886E-003,5.138516940840465E-003)
 (6.881656916524940E-003,1.707208256829432E-003)
 (-7.336532852200458E-004,2.957271420904813E-003)
 (-3.397772709485493E-004,1.369614199347887E-003)
 (1.987042651088522E-003,-1.197094368342572E-003)
 (1.260970797107890E-003,2.093040059532713E-003)
 (2.808746425620049E-003,-1.692176568656577E-003)
 (3.612594191909808E-004,-1.456222337072882E-003)
 (-6.778874077149773E-004,2.732551619958574E-003)
 (-6.778933403807602E-004,2.732550894409761E-003)
 (-6.778909203668244E-004,2.732538060611417E-003)
 (3.145802466074037E-003,-1.895240434612505E-003)
 (1.405913735759019E-003,2.333616278584703E-003)
 (6.321505115208922E-005,-3.808302687566690E-005)
 (1.636699815206839E-003,2.716674761331043E-003)
 (3.688856057631493E-004,-2.222397403132383E-004)
 (3.688854210778173E-004,-2.222414296297975E-004)
 (1.700056026575368E-003,4.217557107598869E-004)
 (1.700048806989641E-003,4.217553043812765E-004)
 (-1.293125676856081E-004,5.212344879581092E-004)
 (1.876303446464620E-003,4.654682285977058E-004)
 (4.817121301151029E-004,-2.902069349816446E-004)
 (2.778592724899210E-004,-1.120047585631078E-003)
 (1.624594738619780E-003,4.030225018069407E-004)
 (1.624590798375794E-003,4.030221596809435E-004)
 (7.256007978590024E-004,1.204385509620923E-003)
 (1.061082098351747E-003,2.632362876272395E-004)
 (8.520552738849363E-004,2.113778351807461E-004)
 (1.312715354330689E-004,3.256286281152110E-005)
 (-0.461505823683367,-0.132313650298311) (0.130237894709875,-0.107817073175592)
 (-3.244705609505234E-002,2.124065074878480E-003)
 (1.287656099402924E-002,-5.063252427630853E-003)
 (-3.487121101742713E-003,2.517218009180649E-002)
 (-1.795360950834902E-002,1.486285118276758E-002)
 (-6.324898112913315E-003,1.001981480241042E-002)
 (9.652101536739328E-003,1.741107149806172E-002)
 (7.267654983868101E-004,-4.029077527716922E-004)
 (5.540370324457715E-004,6.692734046075135E-004)
 (2.601303298171361E-003,6.479687335441668E-003)
 (-3.335320480673145E-003,-5.336778263975293E-003)
 (-3.233164311509162E-003,4.718144061862558E-003)
 (-1.734189223415222E-003,6.048807347100364E-003)
 (-9.191097666669984E-004,-5.503003504924017E-004)
 (5.351831474889351E-003,-6.783968409951709E-003)
 (-5.205045613338876E-003,1.702388522624281E-003)
 (1.439107859868828E-003,-1.052757069120836E-003)
 (2.504867945579792E-004,-1.259599244507120E-003)
 (9.356567621163376E-005,-9.935679486656709E-004)
 (1.201848683080513E-003,1.451784326847490E-003)
 (2.912563069416990E-003,-1.940995193478018E-003)
 (-1.553457994604894E-003,-1.096420323369582E-003)
 (-1.986947774947598E-003,3.059083895933781E-003)
 (7.234804287493221E-006,5.210110541771818E-004)
 (1.315115740447747E-003,-3.276898740465151E-004)
 (-3.219339163064347E-003,-4.937096625660099E-004)
 (1.180442991383431E-003,7.398433644856007E-004)
 (-6.932901820180663E-004,1.653852476722208E-003)
 (-2.482742350782768E-003,-1.031247838994231E-003)
 (-6.401894299838380E-004,9.966568423100592E-004)
 (1.891631725982957E-003,1.260764962754214E-003)
 (-2.519015804628179E-004,8.506639267124806E-004)
 (-1.303499718230138E-004,-2.351322735900265E-004)
 (8.383947055085176E-004,1.050494961748456E-004)
 (4.455021875073577E-004,-1.032714278789791E-003)
 (5.944515345023473E-004,4.134072139537250E-006)
 (-6.792315436270785E-004,-6.094502041298300E-004)
 (1.566128178549079E-004,1.475156617139384E-005)
 (-5.927762928718115E-004,-1.069289567014494E-003)
 (4.846031539892104E-004,-4.011732559027889E-004)
 (1.053954926515671E-003,2.853303988879492E-004)
 (0.331003841389384,-0.189627717616552) (0.308892957955550,-0.132839864475420)
 (-5.509524365699825E-003,-4.634440635386299E-002)
 (2.315502536543742E-002,1.261084615925048E-002)
 (-3.464602965539462E-003,-1.512503261694795E-002)
 (-4.258040366979882E-002,1.831204955331890E-002)
 (-4.762207293347211E-003,1.922557863840622E-002)
 (-1.526620425709173E-002,-4.145591119487977E-003)
 (-1.729933854927832E-004,6.371248242512745E-004)
 (6.825996479619574E-004,1.587302990797745E-003)
 (-6.371423671963322E-003,1.164419736638679E-002)
 (-6.781530024262497E-003,4.142811544529523E-006)
 (-5.407488448709673E-003,-4.862066651148035E-003)
 (-2.485412263286281E-003,-4.338396341495727E-003)
 (-2.100810663559161E-004,6.432091835180092E-004)
 (-4.458388626226236E-003,3.860688639836532E-004)
 (2.522825167035464E-004,-5.898202562826854E-003)
 (1.191432752661330E-004,-2.111292164264313E-003)
 (3.139774215806257E-004,8.166506008248988E-004)
 (7.350210394068909E-004,-1.844228121039980E-003)
 (1.480767498217426E-003,3.443071844540602E-003)
 (-9.656624631203438E-004,2.185416669417066E-003)
 (-1.263167541128139E-003,-3.570375251278625E-003)
 (2.106096063271469E-003,4.663660557136345E-004)
 (-4.131304772772865E-004,9.601811385992191E-004)
 (2.386974572337266E-003,1.194719485381178E-003)
 (1.971585338285353E-003,-5.310726103499215E-004)
 (2.264785993018837E-003,5.637682337648876E-004)
 (-9.588162287077269E-004,3.132316522811206E-003)
 (2.031776885550276E-003,-1.609177899384280E-003)
 (-2.219265539424253E-003,7.575915701449382E-004)
 (2.400493496327816E-004,-1.295085537797921E-003)
 (6.531527263891135E-004,5.812619858644144E-004)
 (2.061323156505074E-004,5.595540319640841E-005)
 (-4.949514471045167E-004,9.498399910407215E-005)
 (-7.615467728889906E-004,-4.957715992131145E-004)
 (6.643945625035322E-004,-4.948945841539956E-004)
 (1.491403330757502E-004,4.298560433029409E-004)
 (2.907175198547613E-004,1.158879883433134E-004)
 (9.374674396039665E-004,2.545643391694547E-004)
 (1.149356723924209E-003,-4.942242124167322E-004)
 (7.605142958139860E-004,-8.151617642539263E-004)
 AAAAAA           3
 (4.384526345097539E-002,0.117985139268829)
 (6.805186845515085E-004,-1.485416456225623E-003)
 (-9.969343382137731E-003,-4.567284606014642E-003)
 (-1.878378608640954E-002,6.980378330653186E-003)
 (-1.424628741322609E-002,5.294162586918071E-003)
 (-1.037356847791835E-003,2.264316479238827E-003)
 (-4.057845810482385E-003,-1.091943986761117E-002)
 (5.025310652914291E-004,-1.096919015438706E-003)
 (-1.828367783414570E-002,-8.376361660639441E-003)
 (-1.267089430668295E-002,-5.804954582791942E-003)
 (-9.440898508468118E-003,3.508399109879791E-003)
 (-9.440906281904327E-003,3.508400954499499E-003)
 (-3.101896556211268E-003,-8.347031314077274E-003)
 (-1.149652078945733E-002,-5.266941362037156E-003)
 (-7.456425714020800E-003,2.770933718326263E-003)
 (5.555469455185892E-005,-1.212678360939521E-004)
 (-2.180908415893603E-003,-5.868696498128670E-003)
 (-8.049983843616128E-003,-3.687961488834831E-003)
 (-5.451059286156912E-003,-2.497310769173502E-003)
 (-4.123501971602774E-003,1.532361235510293E-003)
 (-1.473062540459990E-003,-3.963929734369041E-003)
 (-4.883234059848351E-003,-2.237170894635754E-003)
 (-1.284308224654316E-003,-3.456008173625175E-003)
 (-2.974998081724914E-003,1.105560914131609E-003)
 (-4.331116264844613E-003,-1.984228539349327E-003)
 (-4.331116528231300E-003,-1.984227775485366E-003)
 (-1.110140879174269E-003,-2.987326104771317E-003)
 (1.279987473955592E-004,-2.793923739857249E-004)
 (-9.141026721115095E-004,-2.459802952333710E-003)
 (-9.470971278075902E-004,-2.548590283206553E-003)
 (-8.283893641654098E-006,1.808195881668652E-005)
 (-2.450425153405340E-003,9.106191829907926E-004)
 (-5.129058510045113E-004,-1.380198565478696E-003)
 (-2.417940963504668E-003,-1.107740467790422E-003)
 (8.019149682316937E-005,-1.750403751833922E-004)
 (-1.374437345723134E-003,5.107646294158888E-004)
 (-9.251183803298305E-005,2.019341862526509E-004)
 (-3.259251071976320E-005,7.114187035685382E-005)
 (-2.266046051290790E-005,4.945812323866054E-005)
 (-1.685880647078448E-003,-7.723573143613292E-004)
 (0.000000000000000E+000,0.000000000000000E+000)
 (0.000000000000000E+000,0.000000000000000E+000)
 (0.191162703068255,7.462239098644793E-002)
 (0.162580286660820,0.370786585762643)
 (3.008136786101933E-002,-1.318997008494134E-002)
 (-6.483523335795112E-003,1.660890784347555E-002)
 (-2.876358422366943E-004,7.369613872143344E-004)
 (-6.909895712628383E-003,-1.575881443943198E-002)
 (-1.363261909568166E-002,-5.321622414859980E-003)
 (-9.602220902446843E-003,-2.189922265847441E-002)
 (6.387889555341666E-005,-2.801891608498988E-005)
 (1.962073572701562E-003,-8.602871816737485E-004)
 (4.999373911679175E-003,-1.280708625174726E-002)
 (4.999410663273040E-003,-1.280708942845852E-002)
 (-4.343306607744140E-003,-1.695507288335881E-003)
 (3.415551508941653E-003,-1.497638559096395E-003)
 (2.570052874912799E-003,-6.583625347359347E-003)
 (-2.840048439814323E-003,-6.477062551477481E-003)
 (-3.195472094868193E-003,-1.247367585537001E-003)
 (1.788985060247283E-003,-7.844057642185683E-004)
 (-1.476809750821122E-003,6.475218259929842E-004)
 (8.911860846188676E-004,-2.282844205591652E-003)
 (-2.295015508960539E-003,-8.959366629092418E-004)
 (2.775367664893643E-003,-1.216922788879814E-003)
 (-3.807982738830850E-003,-1.486484294743228E-003)
 (9.203715973132365E-004,-2.357669082491060E-003)
 (1.742002648194265E-003,-7.637968680707809E-004)
 (1.741977798749125E-003,-7.638265933040020E-004)
 (-1.857584503994272E-003,-7.251381291020547E-004)
 (-1.192455242508906E-003,-2.719566870241038E-003)
 (-6.140103202799903E-004,-2.396852074680750E-004)
 (-2.942358814336293E-004,-1.148437633290284E-004)
 (-7.922688014003925E-004,-1.806878851914551E-003)
 (7.844669564117778E-004,-2.009612359765963E-003)
 (-1.026429990608510E-003,-4.006681288992057E-004)
 (8.214627103228824E-005,-3.601571246636498E-005)
 (-9.841222700356029E-004,-2.244384599836144E-003)
 (5.101016497909390E-004,-1.306798415416076E-003)
 (-8.923441318031163E-004,-2.035106499332254E-003)
 (-5.795817564908979E-004,-1.321801983528634E-003)
 (-4.282165713099318E-004,-9.766204154014577E-004)
 (-5.029115218027556E-004,2.205158074754278E-004)
 (0.000000000000000E+000,0.000000000000000E+000)
 (0.000000000000000E+000,0.000000000000000E+000)
 (-0.574061185819903,-0.245408477312539)
 (1.247920201713075E-006,6.759877246289958E-007)
 (-4.740967478804357E-002,1.901368935026276E-002)
 (3.494391598063260E-003,-8.173512570730998E-003)
 (-6.342354378289156E-003,1.483594178792636E-002)
 (7.710830811974339E-008,5.058665066206009E-009)
 (-3.480383126714645E-003,-1.487975907219342E-003)
 (3.913098839386153E-003,9.757321933361514E-003)
 (1.455779243795545E-003,-5.838658089545256E-004)
 (2.036166399388011E-008,-1.056302471341103E-007)
 (1.139094898581000E-003,-2.664821309956088E-003)
 (-1.139213793592816E-003,2.664595215174378E-003)
 (2.919245080307982E-003,1.247918753116355E-003)
 (8.330260646070148E-003,-3.340879621920393E-003)
 (-1.399114184600806E-003,3.272678013535531E-003)
 (-4.889949925432872E-004,-1.219310336294146E-003)
 (5.844251571079568E-005,2.499355566710847E-005)
 (-4.035235677839889E-003,1.618305007475943E-003)
 (2.575532152685866E-008,-7.475832608163796E-009)
 (3.236358692482606E-004,-7.570540763744380E-004)
 (5.105671800634755E-008,-8.880726511139111E-009)
 (-1.081361597976121E-003,4.336707552887908E-004)
 (-3.846152674849968E-004,-1.644396396735720E-004)
 (1.790120856567631E-004,-4.186486496645012E-004)
 (2.868858911298104E-003,-1.150566937513154E-003)
 (-2.868857281104279E-003,1.150551543700921E-003)
 (-3.803237247926902E-004,-1.626087403601914E-004)
 (1.053607653699658E-004,2.626225314989804E-004)
 (-2.453921239701325E-003,-1.049045626515675E-003)
 (-3.107836489797956E-003,-1.328597185119456E-003)
 (7.874345094173044E-004,1.963456568209373E-003)
 (-1.849077301405314E-004,4.325634927655079E-004)
 (5.010682208487685E-004,2.141932254282772E-004)
 (-2.701095371453859E-004,1.083267881967536E-004)
 (-1.904194388335304E-004,-4.748248997803543E-004)
 (4.285487845155460E-009,1.628917134460769E-008)
 (-3.897671630449317E-004,-9.718291262169428E-004)
 (1.978232453073382E-004,4.932424042511319E-004)
 (-4.731327407721635E-004,-1.179726054937135E-003)
 (7.471932334227006E-004,-2.996712017193388E-004)
 (0.000000000000000E+000,0.000000000000000E+000)
 (0.000000000000000E+000,0.000000000000000E+000)
 (-0.332168162455481,-6.852657308013568E-002)
 (-0.283228998564879,-0.430466270808786)
 (-2.363261278930525E-002,1.554936199246033E-002)
 (6.893465512650797E-003,-3.341410580386346E-002)
 (-4.038258228885296E-003,1.957426848017371E-002)
 (1.780841116691175E-002,2.706606462703836E-002)
 (1.821916808761393E-002,3.758615149534016E-003)
 (7.254292731487084E-003,1.102557926104170E-002)
 (7.225005259197632E-004,-4.753806966027107E-004)
 (3.442611494489450E-003,-2.265097562963448E-003)
 (-1.295043993817368E-003,6.277381833890256E-003)
 (-1.295053937663168E-003,6.277400546421627E-003)
 (1.059781117003495E-002,2.186324411709919E-003)
 (2.410598893162180E-004,-1.586113828995516E-004)
 (-8.567208599301516E-004,4.152688896654707E-003)
 (2.149597593289540E-003,3.267110670206698E-003)
 (2.202388389273295E-003,4.543588952284709E-004)
 (-2.261658001447915E-003,1.488079210799102E-003)
 (3.534723652228842E-003,-2.325711214472040E-003)
 (5.669698001542762E-005,-2.748611471166625E-004)
 (2.007012913086042E-004,4.139855329882283E-005)
 (-1.900209610717756E-003,1.250249362265474E-003)
 (3.354885363037551E-003,6.921170956096513E-004)
 (4.414793017962570E-004,-2.139892675651631E-003)
 (1.860022813165163E-003,-1.223820494256705E-003)
 (1.860018465300640E-003,-1.223813468444938E-003)
 (3.998691656040965E-003,8.249237610221526E-004)
 (1.733799762841041E-003,2.635124818852780E-003)
 (-5.659284463044488E-004,-1.167525735901743E-004)
 (3.183977324635554E-004,6.568729513669420E-005)
 (1.693088552751720E-004,2.573305704798843E-004)
 (4.844622913359208E-004,-2.348328397665959E-003)
 (9.407562172210076E-004,1.940699621480325E-004)
 (4.119958216819506E-004,-2.710824033194722E-004)
 (5.309608335010415E-004,8.069792073303858E-004)
 (4.006808938348789E-005,-1.942057035843436E-004)
 (4.037568841015133E-004,6.136695624594569E-004)
 (-3.216800022053555E-004,-4.888949725960166E-004)
 (-1.750870978376574E-004,-2.660960105328652E-004)
 (-4.830302213918812E-004,3.178096941545065E-004)
 (0.000000000000000E+000,0.000000000000000E+000)
 (0.000000000000000E+000,0.000000000000000E+000)
 AAAAAA           4
 (-4.779889580776318E-003,1.141371739296413E-003)
 (7.916366601967978E-002,-0.128830201598354)
 (2.077136582606510E-002,1.276360431399839E-002)
 (2.395398099485567E-003,1.003142543417062E-002)
 (1.162476933800049E-002,7.143201424425872E-003)
 (1.335335533770135E-003,-3.188688762421035E-004)
 (-9.641704591795474E-005,2.302398422973406E-005)
 (-4.976500872239160E-003,8.098690332264629E-003)
 (4.669357262747200E-003,1.955436546840204E-002)
 (3.390103945523207E-003,1.419707233826022E-002)
 (8.717834112848004E-003,5.356942047918180E-003)
 (8.717835870753541E-003,5.356944409947388E-003)
 (2.630881024847613E-003,1.101760601858796E-002)
 (-4.194791241672914E-003,6.826555489130298E-003)
 (6.003061860756677E-003,3.688769079767150E-003)
 (-3.283911654700613E-003,5.344205509798609E-003)
 (-5.218367486779728E-005,1.246558347938570E-005)
 (1.888855586895915E-003,7.910145613271613E-003)
 (1.410919130782051E-003,5.908662829929990E-003)
 (-2.060134361776771E-003,3.352647419785295E-003)
 (1.251571754739791E-003,5.241335898384865E-003)
 (-4.760457933190874E-004,1.136717974048451E-004)
 (-1.875668569332763E-003,3.052445709119300E-003)
 (2.989882371608971E-003,1.837226855997292E-003)
 (-1.708698008462353E-003,2.780709121910688E-003)
 (2.606308394852694E-003,1.601525741880745E-003)
 (9.677097533704834E-004,4.052581294939355E-003)
 (9.677113002415233E-004,4.052582216463443E-003)
 (-1.255955790920589E-003,2.043928880839987E-003)
 (-8.257110817337022E-004,1.343747508731948E-003)
 (-1.272482562684884E-003,2.070828362228365E-003)
 (1.392889642457102E-003,8.559031958224531E-004)
 (1.642996564148275E-004,-3.923400798505507E-005)
 (6.574738996212711E-004,2.753386254804677E-003)
 (-2.235053348559821E-004,5.336882291703361E-005)
 (1.866044575643213E-003,1.146647201501091E-003)
 (3.674622293598137E-004,-8.774575466797134E-005)
 (4.827501946059615E-005,-1.153038210245633E-005)
 (1.283705879362479E-004,-3.065348744765152E-005)
 (0.000000000000000E+000,0.000000000000000E+000)
 (0.000000000000000E+000,0.000000000000000E+000)
 (0.000000000000000E+000,0.000000000000000E+000)
 (0.578629507126436,-0.281539044983174)
 (8.321522059174932E-002,-0.240934256707066)
 (3.226306653145983E-002,1.114322402419557E-002)
 (-1.272845181799691E-002,-2.616009910636895E-002)
 (-6.875528116844810E-003,-2.374700314366924E-003)
 (-1.888994738302373E-002,9.191119531907530E-003)
 (-2.101237250549561E-002,1.022383620615847E-002)
 (-4.787419608419643E-003,1.386112283591726E-002)
 (2.265241792893987E-004,4.655508375303874E-004)
 (-1.291537680328030E-003,-2.654481604439214E-003)
 (-1.274220609133999E-002,-4.400911643137284E-003)
 (-1.274225137357029E-002,-4.400999855422187E-003)
 (-4.210893463340281E-004,-8.654485516284592E-004)
 (-2.059009668885638E-003,5.961353703685592E-003)
 (-6.804411941312649E-003,-2.350140730814153E-003)
 (-1.713798255769867E-003,4.961932340574695E-003)
 (-6.262647131530314E-003,3.047162986125677E-003)
 (-7.605749794362441E-004,-1.563207779562273E-003)
 (8.587632074782114E-004,1.764996394857425E-003)
 (-1.570056019117964E-003,4.545741747104410E-003)
 (-1.138681997875886E-003,-2.340289353853512E-003)
 (-4.029445464502576E-003,1.960567476121302E-003)
 (-1.176741392284362E-003,3.407075846389105E-003)
 (-1.923112438600695E-003,-6.642052376478465E-004)
 (-6.698950497228374E-004,1.939553445658545E-003)
 (-1.918095097484395E-003,-6.624743456839133E-004)
 (-3.787852653808599E-004,-7.785013751363944E-004)
 (-3.787956253533345E-004,-7.785160274024434E-004)
 (-3.386182596940002E-004,9.803306990960633E-004)
 (-6.558672562005413E-004,1.898906238800259E-003)
 (-2.133887916865956E-004,6.178679357624782E-004)
 (-1.554191932276033E-003,-5.367839011803509E-004)
 (-1.867101728927264E-003,9.084275648727151E-004)
 (7.673644412061057E-005,1.577312820087156E-004)
 (-2.742147905909482E-003,1.334234972908789E-003)
 (-1.055924788195702E-003,-3.646978992014967E-004)
 (-2.495172612219413E-003,1.214052563100835E-003)
 (-1.017305120620702E-003,4.949747083833427E-004)
 (-8.678964085656172E-004,4.222775635412017E-004)
 (0.000000000000000E+000,0.000000000000000E+000)
 (0.000000000000000E+000,0.000000000000000E+000)
 (0.000000000000000E+000,0.000000000000000E+000)
 (-0.455113505619326,6.248461586472437E-003)
 (-0.138900242642603,0.142766689416955)
 (-2.509242473388724E-002,-2.441271819257097E-002)
 (9.683909208704891E-005,7.055267981454693E-003)
 (1.430744101863139E-002,1.391989130247905E-002)
 (1.783401597527438E-002,-2.448266467457734E-004)
 (5.144212368505600E-003,-7.063215981436156E-005)
 (6.687134122084548E-003,-6.873282708612259E-003)
 (-5.926061992044409E-007,-4.445892139117157E-005)
 (-3.349003457624929E-005,-2.440227225716742E-003)
 (1.283660749085288E-003,1.248891312812869E-003)
 (1.283666217199617E-003,1.248892948950085E-003)
 (-5.394132953149137E-005,-3.930598621340767E-003)
 (4.348543565521112E-003,-4.469602041094469E-003)
 (8.680798120620905E-004,8.445644999770034E-004)
 (1.588001012311808E-003,-1.632223866741082E-003)
 (1.141326844664547E-003,-1.566230288403656E-005)
 (1.342240684682327E-005,9.766224261805623E-004)
 (-3.841764524540058E-005,-2.798762229483511E-003)
 (1.608003921758458E-003,-1.652763427499620E-003)
 (7.876774928928298E-006,5.734616038781544E-004)
 (2.872593384162861E-003,-3.943482179711300E-005)
 (2.217648153464470E-003,-2.279386219747209E-003)
 (-7.483289300369027E-004,-7.280573344597452E-004)
 (-1.321517070834016E-004,1.358341341630799E-004)
 (-1.372833796945690E-003,-1.335641255502865E-003)
 (-2.888435432480989E-005,-2.104121067157288E-003)
 (-2.888907415081658E-005,-2.104122581061755E-003)
 (-1.028493413412787E-004,1.057077347621627E-004)
 (7.355770938423790E-004,-7.560550299817334E-004)
 (3.281737754688583E-004,-3.373082055447664E-004)
 (1.836911964805163E-004,1.787214555223480E-004)
 (4.569214447668364E-005,-6.272333883833791E-007)
 (-8.062584967830134E-007,-5.868416770212381E-005)
 (4.118752276814754E-004,-5.656045457752618E-006)
 (-1.539717013688994E-003,-1.498013382278111E-003)
 (2.862824866030988E-004,-3.929734538051210E-006)
 (-6.302715693101408E-004,8.655545858138920E-006)
 (-3.587524446506718E-004,4.922803331857673E-006)
 (0.000000000000000E+000,0.000000000000000E+000)
 (0.000000000000000E+000,0.000000000000000E+000)
 (0.000000000000000E+000,0.000000000000000E+000)
 (7.774554104261337E-007,-5.221398321114771E-007)
 (-0.437376370391229,-0.480295793544895)
 (9.129944039439737E-003,-8.313906832568146E-003)
 (-5.435448971417548E-002,-2.542203917129230E-003)
 (-7.650805022766985E-003,6.967052467476501E-003)
 (6.160379625875141E-008,-2.689531664431413E-008)
 (-3.651847740731094E-004,7.807251372526101E-003)
 (-1.184792430003285E-003,-1.301201599955765E-003)
 (1.864027363558316E-003,8.716022888003844E-005)
 (8.339491093444120E-003,3.900343899922230E-004)
 (1.703069557050524E-003,-1.550924951711784E-003)
 (-1.703073936907361E-003,1.550848696974932E-003)
 (9.451585810872185E-009,-5.475120544268711E-008)
 (1.556471429849968E-003,1.709136644814061E-003)
 (-1.950094277084694E-003,1.775802524441589E-003)
 (-5.758206742394172E-004,-6.323225112947288E-004)
 (3.431370199642882E-005,-7.330899599609643E-004)
 (-3.319995137882678E-003,-1.552862373090641E-004)
 (-1.187534953684509E-008,-1.503579831363915E-008)
 (-4.544694589209560E-004,-4.991027478843848E-004)
 (-1.397683942230943E-003,-6.536114459328152E-005)
 (-1.954581583062342E-005,4.184113664544836E-004)
 (-2.724175159238182E-005,-2.992071527835454E-005)
 (4.562737148659481E-004,-4.155027877743199E-004)
 (1.261390278708199E-008,-1.550278848829164E-008)
 (2.778569733514201E-004,-2.530084049225734E-004)
 (2.325506637690426E-003,1.087625425324547E-004)
 (-2.325510493572799E-003,-1.087747525684232E-004)
 (-1.475312787630975E-003,-1.620085054389485E-003)
 (-1.568410477676812E-004,-1.722422855446850E-004)
 (-1.790134475254076E-003,-1.965817223817448E-003)
 (8.659264894789498E-009,-6.370281773667747E-009)
 (-7.075798344581549E-005,1.512873945744467E-003)
 (5.460641188378631E-005,2.551739862599917E-006)
 (3.507637692528744E-005,-7.497824334161700E-004)
 (-2.776596236406044E-004,2.528534870186269E-004)
 (5.840353984893487E-005,-1.248657013613508E-003)
 (-2.269089600252331E-005,4.853163876950400E-004)
 (4.734231983841460E-005,-1.012237906218041E-003)
 (0.000000000000000E+000,0.000000000000000E+000)
 (0.000000000000000E+000,0.000000000000000E+000)
 (0.000000000000000E+000,0.000000000000000E+000)
 AAAAAA           5
 (2.242213210264824E-004,3.118634511496188E-002)
 (-0.127563253374984,-0.125741942759205)
 (2.066218748185445E-002,-2.096147329973935E-002)
 (9.678361863118681E-003,-6.959877001248946E-005)
 (8.330268058578824E-003,-8.450936890316157E-003)
 (-5.364482036183726E-006,-7.458509258551253E-004)
 (1.984141000232097E-002,-1.426666404537643E-004)
 (-1.167339634058114E-005,-1.623091853387562E-003)
 (5.205979539643228E-003,5.131649303703638E-003)
 (1.718523484454001E-002,-1.235716454951910E-004)
 (7.574861514241041E-003,-7.684579828246113E-003)
 (7.574855823780764E-003,-7.684574618442188E-003)
 (9.178214953259389E-003,-6.598770157876664E-005)
 (4.987112455303344E-003,4.915905974645390E-003)
 (4.296497407930720E-003,4.235151688923073E-003)
 (4.557778382589961E-003,-4.623792631884532E-003)
 (-1.763954368395208E-006,-2.444022912422402E-004)
 (7.470364176448457E-003,-5.371618650820502E-005)
 (6.113908199218959E-003,-4.395562729518371E-005)
 (4.868635662323676E-006,6.770649988692730E-004)
 (2.780458732240126E-003,2.740757192131806E-003)
 (2.935358265587175E-003,2.893460137819576E-003)
 (5.434143584769721E-003,-3.907573899318388E-005)
 (1.148313130611655E-003,1.131922934503976E-003)
 (2.077934728383032E-003,-2.108035342443214E-003)
 (1.986823442005385E-003,-2.015602027984309E-003)
 (1.247040759879049E-003,-1.265109313721024E-003)
 (1.743264377597798E-003,1.718373750165241E-003)
 (1.481368857040635E-003,1.460218250968375E-003)
 (3.588097461761475E-003,-2.579658925432147E-005)
 (3.588100872985266E-003,-2.579956567736309E-005)
 (2.966700633305066E-003,-2.132920463121383E-005)
 (1.280688657459991E-006,1.782621842699078E-004)
 (1.502016224000084E-003,1.480573531802553E-003)
 (-2.996490595118928E-006,-4.168971579582521E-004)
 (-4.961876762252503E-006,-6.895161589639874E-004)
 (1.252559524911420E-003,-1.270703866551130E-003)
 (-2.076505148866195E-007,-2.894633675620563E-005)
 (-1.635887757360604E-006,-2.274371812677088E-004)
 (0.000000000000000E+000,0.000000000000000E+000)
 (0.000000000000000E+000,0.000000000000000E+000)
 (0.000000000000000E+000,0.000000000000000E+000)
 (-3.128491819342112E-002,-0.815145385766344)
 (-0.180125201272424,-0.166810097625214)
 (3.493817083691718E-002,-3.772703180899897E-002)
 (-2.029651033823894E-002,7.789498066916663E-004)
 (-7.682935383016859E-003,8.296231190906191E-003)
 (7.674873515475969E-004,1.999854663343173E-002)
 (1.494900495585256E-003,-5.739212972810260E-005)
 (7.793119699980242E-004,2.030533217071433E-002)
 (9.594088647152547E-003,8.884887126605383E-003)
 (-7.997087437946261E-004,3.067508804866508E-005)
 (-7.630314249882640E-003,8.239359052702034E-003)
 (-7.630321872302687E-003,8.239378921411609E-003)
 (1.507654795955516E-004,-5.799422412706884E-006)
 (4.761788642071664E-003,4.409746832536449E-003)
 (4.773192720635049E-003,4.420378400571249E-003)
 (-4.095432363421378E-003,4.422356235253198E-003)
 (2.279821052782027E-004,5.940690072550128E-003)
 (-9.615151191364643E-004,3.689589670640840E-005)
 (2.044686225303665E-003,-7.844751384024232E-005)
 (2.224514429047214E-004,5.796202889573420E-003)
 (3.478930500344458E-003,3.221756007193819E-003)
 (3.671140089618016E-003,3.399781464732580E-003)
 (-1.616101202782227E-003,6.202633402765560E-005)
 (2.184623296360767E-003,2.023140663482190E-003)
 (-1.037564827401995E-003,1.120372601877930E-003)
 (-9.535095252237035E-004,1.029637357842535E-003)
 (-1.431307167653881E-003,1.545537078550866E-003)
 (1.250912048979067E-003,1.158457815704508E-003)
 (1.003979866583977E-003,9.297675134473684E-004)
 (-8.443420136465342E-005,3.250935778332465E-006)
 (-8.442759716985680E-005,3.247136211421289E-006)
 (3.315568902117419E-004,-1.271173665081492E-005)
 (1.237944544069426E-004,3.225569889816547E-003)
 (6.597814668412148E-004,6.109936354598948E-004)
 (7.332901462110735E-005,1.910547368359969E-003)
 (1.122722884758276E-004,2.925426665105571E-003)
 (-2.934993003418109E-004,3.169269479490959E-004)
 (3.290219874306757E-005,8.571487638915283E-004)
 (3.028626583184704E-005,7.892935096129214E-004)
 (0.000000000000000E+000,0.000000000000000E+000)
 (0.000000000000000E+000,0.000000000000000E+000)
 (0.000000000000000E+000,0.000000000000000E+000)
 (-0.296851281841721,-7.862316764681081E-002)
 (-4.963167166978335E-002,2.884567125749899E-002)
 (-1.486306234209419E-002,-2.557275882028873E-002)
 (1.389527373729401E-003,-5.246446852497840E-003)
 (8.823226168444630E-003,1.518088812116580E-002)
 (8.816626243574155E-003,2.335178556060984E-003)
 (-4.697374636211108E-004,1.773529158999414E-003)
 (-1.124391870360644E-003,-2.977887986125931E-004)
 (2.877338746306367E-003,-1.672302884996439E-003)
 (7.978615471959620E-004,-3.012386847145395E-003)
 (-7.068653419843691E-004,-1.216209510054150E-003)
 (-7.068600466637553E-004,-1.216202876897740E-003)
 (7.665967452113268E-004,-2.894334971252959E-003)
 (2.411280679627063E-003,-1.401441236638263E-003)
 (6.554909662615206E-004,-3.809680011227268E-004)
 (-5.333542733915188E-004,-9.176687475768187E-004)
 (-1.242831401164487E-003,-3.291603571720344E-004)
 (-8.773560140068342E-005,3.312577305879992E-004)
 (3.469185260298897E-004,-1.309790339728593E-003)
 (2.113642494338131E-003,5.598256268384799E-004)
 (1.497695669460014E-003,-8.704591949875953E-004)
 (5.785263276519114E-004,-3.362375315905717E-004)
 (4.547597416970043E-005,-1.717183587556669E-004)
 (6.094127025344297E-004,-3.541897450514053E-004)
 (-7.941686381826195E-004,-1.366404149640300E-003)
 (-6.781082338382927E-004,-1.166730920744322E-003)
 (4.000259090310156E-004,6.882731990791381E-004)
 (-6.657955598201097E-004,3.869722069194859E-004)
 (-2.450033171319599E-004,1.423913106369150E-004)
 (3.954544960382080E-004,-1.493062978740475E-003)
 (3.954522971461268E-004,-1.493062325997744E-003)
 (-1.146710121212693E-004,4.329544925035685E-004)
 (-4.848135577251254E-004,-1.284052546543108E-004)
 (2.027492459351825E-004,-1.178423406849026E-004)
 (-3.359726739419151E-004,-8.898618958185062E-005)
 (-3.738687640304391E-004,-9.902360108829596E-005)
 (-8.142641050330338E-004,-1.400990541204318E-003)
 (-5.960360976189576E-004,-1.578660705883597E-004)
 (-3.895212138849807E-004,-1.031657078700147E-004)
 (0.000000000000000E+000,0.000000000000000E+000)
 (0.000000000000000E+000,0.000000000000000E+000)
 (0.000000000000000E+000,0.000000000000000E+000)
 (1.585234229371093E-007,1.070930107759947E-006)
 (-1.678019450502819E-002,-0.657811548517601)
 (1.779396061662917E-002,-4.537144712727975E-004)
 (-3.929076715436104E-002,-3.733608842886870E-002)
 (-7.248109744972643E-003,1.848564642700541E-004)
 (3.600742434609004E-009,7.667919878791067E-008)
 (1.749045726155275E-003,1.662025981679740E-003)
 (-5.103017654684424E-003,5.370180544367139E-003)
 (-3.362054690677554E-006,-1.344003346419119E-004)
 (5.646071239301730E-003,5.365189335165852E-003)
 (2.219805926202831E-003,-5.661631443562423E-005)
 (-2.219798587341065E-003,5.662838995078259E-005)
 (3.589350026725875E-008,1.048558832711548E-009)
 (3.630778380363223E-005,1.421903138531804E-003)
 (-3.230706950924924E-005,-1.266704955199631E-003)
 (-2.278066594111078E-003,5.811247554072921E-005)
 (1.182477074223602E-004,-1.243954819254743E-004)
 (-1.777437668892784E-003,-1.689009733266390E-003)
 (2.028406685822110E-008,-2.148903878273298E-009)
 (-4.431602845211313E-004,4.663881027805962E-004)
 (1.047029921315810E-005,4.101552112527395E-004)
 (-1.990991366895265E-005,-7.810977081190620E-004)
 (-1.049303168514718E-003,-9.970948965128015E-004)
 (-3.132717389658820E-005,-1.228649893631336E-003)
 (3.247525939749818E-004,-8.279384315551815E-006)
 (5.262570703731842E-004,-1.341795808094900E-005)
 (-7.264511229076801E-009,4.536473694237639E-009)
 (1.626085552638997E-008,1.651387648221447E-008)
 (-4.324066917714542E-005,-1.695127170381299E-003)
 (1.224384717049320E-003,1.163472218336667E-003)
 (-1.224370599128051E-003,-1.163471133371887E-003)
 (2.422289345044961E-004,2.301817177522080E-004)
 (6.301511874814130E-004,-6.631386224785684E-004)
 (-4.842350214145229E-005,-1.898584064627213E-003)
 (-6.427165177784901E-004,6.763651782302395E-004)
 (9.717374113256362E-004,-1.022610158842607E-003)
 (-3.187028139890173E-004,8.133345476082917E-006)
 (-2.563364709811330E-004,2.697622258307925E-004)
 (4.935355288946166E-004,-5.193707666564744E-004)
 (0.000000000000000E+000,0.000000000000000E+000)
 (0.000000000000000E+000,0.000000000000000E+000)
 (0.000000000000000E+000,0.000000000000000E+000)
 AAAAAA           6
 (2.401648628440785E-002,0.152455525116063)
 (3.372358693756325E-003,-4.633539799722402E-003)
 (-9.581732885705008E-003,-6.973715672699160E-003)
 (-1.824661547379373E-002,2.874406021166809E-003)
 (-1.606588951698796E-002,2.530873465637718E-003)
 (-2.452659383486480E-003,3.369884225313148E-003)
 (-1.599675878392275E-003,-1.015467736892055E-002)
 (5.022765262294685E-005,-6.900717904634719E-005)
 (-1.625810772650153E-002,-1.183290308165480E-002)
 (-1.135143518024350E-002,1.788211669211588E-003)
 (-1.551949744730210E-003,-9.851682850511797E-003)
 (-1.126517533505295E-002,-8.198960776588000E-003)
 (-9.127178304572960E-003,1.437817151340640E-003)
 (-9.907982171741402E-003,-7.211182881765279E-003)
 (-6.959631429791811E-003,1.096356881815334E-003)
 (-5.306373469209552E-006,7.294029048295980E-006)
 (-9.425940968349209E-004,-5.983569732933357E-003)
 (-6.023323207741758E-003,-4.383866492783099E-003)
 (-5.480204376498343E-003,-3.988582167654465E-003)
 (-4.480959357424444E-003,7.058891866882843E-004)
 (-6.031335266594091E-004,-3.828641558966169E-003)
 (-3.865456635724656E-003,6.089263603332197E-004)
 (-6.286999054541727E-004,-3.990946569102395E-003)
 (-4.546515736046074E-003,-3.309024580359846E-003)
 (-3.859634257137867E-003,-2.809095918193422E-003)
 (-3.859634191688941E-003,-2.809104097005422E-003)
 (-4.649132855259689E-004,-2.951238286443809E-003)
 (6.232031858324029E-005,-8.562819248128621E-005)
 (6.232352653526494E-005,-8.563013762062199E-005)
 (-3.809749903403146E-004,-2.418405632282958E-003)
 (-2.857005240504635E-003,4.500672699217529E-004)
 (-3.316518191636617E-004,-2.105331331832472E-003)
 (8.052346977410213E-005,-1.106360198021586E-004)
 (-2.149342434340092E-003,-1.564327284575810E-003)
 (-1.136811682892095E-004,1.561885306892288E-004)
 (-2.272408453353314E-004,-1.442531479286552E-003)
 (-1.432962291597514E-003,2.257360453756971E-004)
 (-1.468359186612469E-004,2.017527239793022E-004)
 (-1.475585476143184E-003,-1.073952677891278E-003)
 (-9.897087295258588E-005,1.359829488312601E-004)
 (-1.166719152810713E-004,1.603016219606110E-004)
 (0.000000000000000E+000,0.000000000000000E+000)
 (-3.119531741832351E-002,-0.256537481283538)
 (0.156734288547284,-0.200129248332354)
 (-3.147976461360508E-002,-2.465385179141149E-002)
 (7.224940580172401E-003,-8.785143445490880E-004)
 (-1.110133722899788E-003,1.349885070483162E-004)
 (-9.026571988202871E-003,1.152580263551003E-002)
 (1.399589640968456E-003,1.150955990107065E-002)
 (-1.309447827594120E-002,1.672000171879936E-002)
 (2.935218941806121E-004,2.298689765070909E-004)
 (-1.276954275518684E-002,1.552786673949039E-003)
 (5.572836351272654E-004,4.582871535981645E-003)
 (-1.823283517399490E-003,-1.427945155081173E-003)
 (-1.118030801599916E-002,1.359518813288533E-003)
 (-1.668456946132942E-003,-1.306689676952235E-003)
 (-6.820162008691590E-003,8.293245650254158E-004)
 (-4.332536102767279E-003,5.532103646066621E-003)
 (3.880745634616486E-004,3.191521674078311E-003)
 (-1.422008236167956E-003,-1.113660032769055E-003)
 (3.786396223621520E-004,2.965268890087119E-004)
 (-2.581715266880061E-003,3.139490225312179E-004)
 (4.575549847023967E-004,3.762706336474094E-003)
 (-3.807712155563788E-003,4.630291870778575E-004)
 (3.517968902378277E-004,2.892936847811160E-003)
 (-1.234667386787574E-003,-9.669470949839073E-004)
 (-1.759434311653958E-003,-1.377918663632053E-003)
 (-1.759436635678072E-003,-1.377932582253613E-003)
 (1.915695592825793E-004,1.575337737840233E-003)
 (-1.534897136550891E-003,1.959864849790131E-003)
 (-1.534900605965420E-003,1.959863966538832E-003)
 (2.787662252630403E-005,2.292792765808595E-004)
 (-2.626287380792391E-003,3.193660683764483E-004)
 (5.177646554456502E-005,4.258241924121221E-004)
 (-1.519755201090495E-003,1.940537431312977E-003)
 (2.500210921976800E-005,1.958106122763923E-005)
 (-1.297274806626854E-003,1.656466927748221E-003)
 (1.001061009710606E-004,8.233362892952329E-004)
 (-1.219225555174958E-003,1.482593557058996E-004)
 (-1.037738217243578E-003,1.325064640051356E-003)
 (6.304770638930064E-004,4.937696774293772E-004)
 (-5.746272547860577E-004,7.337320087966144E-004)
 (-4.770655774110167E-004,6.091557305255237E-004)
 (0.000000000000000E+000,0.000000000000000E+000)
 (-0.715413662782360,0.367410333789236)
 (-0.172289784096708,-5.537115964899242E-002)
 (-1.829550429388993E-002,5.692693786430095E-002)
 (-4.565730463410167E-003,-8.890229355629614E-003)
 (8.759042653078915E-003,1.705539326859701E-002)
 (1.955193871477190E-002,6.283701400401730E-003)
 (1.205608527393097E-002,-6.191537899672832E-003)
 (1.140913219239816E-002,3.666712503051072E-003)
 (8.388781570994315E-004,-2.610180354868439E-003)
 (-2.818174797485078E-004,-5.486845915772741E-004)
 (1.000889353252897E-002,-5.140193943240077E-003)
 (1.554155810469972E-003,-4.835775359530614E-003)
 (1.362539757633282E-003,2.653126185903672E-003)
 (2.283256401511945E-003,-7.104490566151202E-003)
 (1.533270568706238E-003,2.985577992059703E-003)
 (2.833812787602783E-003,9.107631587943377E-004)
 (1.104551341709892E-003,-5.672470830166993E-004)
 (-7.762605627246824E-004,2.415371388747932E-003)
 (8.297797682916942E-004,-2.581858467434495E-003)
 (-1.569659920972319E-005,-3.054570875308479E-005)
 (1.964168061589930E-003,-1.008732121632151E-003)
 (-6.412771720264507E-004,-1.248695063897385E-003)
 (1.228526037199449E-003,-6.309340333685532E-004)
 (1.178104727044731E-003,-3.665698685690309E-003)
 (-3.953092320616478E-004,1.230001272108403E-003)
 (-3.952978605749990E-004,1.229989391737331E-003)
 (1.872015017337820E-003,-9.614002696299660E-004)
 (1.955007492312456E-003,6.283070783803385E-004)
 (1.955010204369174E-003,6.283008569432684E-004)
 (-1.864143248460270E-003,9.573625181810454E-004)
 (-8.050462857025402E-005,-1.567594770532452E-004)
 (-1.443060182369916E-003,7.410982700131283E-004)
 (3.225311055455024E-004,1.036572052077874E-004)
 (5.203699645333576E-005,-1.619096395901821E-004)
 (2.925044916662769E-004,9.399825249115138E-005)
 (9.668082425239234E-004,-4.965102760287266E-004)
 (-1.113086314306927E-004,-2.167230411694278E-004)
 (-5.362609822207964E-004,-1.723476356557763E-004)
 (6.257914869526534E-005,-1.947171770414426E-004)
 (-9.715027091482724E-004,-3.122287200327497E-004)
 (-2.599013801470703E-004,-8.352432150811575E-005)
 (0.000000000000000E+000,0.000000000000000E+000)
 (-8.815357391853136E-008,-2.169763353123486E-007)
 (-0.449392295789585,0.273781571662458)
 (1.483966322843874E-002,2.435831078608080E-002)
 (-4.015964566010344E-002,-9.752101176373798E-003)
 (-4.651305360324178E-003,-1.129510115960431E-003)
 (2.877423137726005E-002,-1.752990939658776E-002)
 (2.135274142514940E-003,-8.793153398162291E-003)
 (2.735463462318553E-008,-2.274356750242358E-008)
 (3.461165090615585E-009,4.149819585242432E-009)
 (1.025374892610392E-002,2.489944095762705E-003)
 (1.734072157626003E-003,-7.140830469617729E-003)
 (-5.552362604136521E-004,-9.113791092568411E-004)
 (3.486479535374352E-003,8.466337250149978E-004)
 (2.610153984888515E-003,4.284384837760227E-003)
 (1.392589570785813E-008,-3.518258965674680E-009)
 (-8.517160502286547E-004,5.188811935259173E-004)
 (-3.280094697658477E-004,1.350717670305084E-003)
 (6.793647624441487E-004,1.115145100293676E-003)
 (-1.700709282764755E-003,-2.791600690853383E-003)
 (-1.221630242178895E-003,-2.966607300279552E-004)
 (1.532603125155228E-004,-6.311976660043500E-004)
 (-2.086476245783964E-003,-5.066595791292800E-004)
 (-4.661610452741728E-004,1.919656812257515E-003)
 (1.580970948280441E-004,2.595037943791003E-004)
 (1.217401945360486E-003,1.998287998086136E-003)
 (-1.217402812346587E-003,-1.998286948842730E-003)
 (6.383806248195184E-004,-2.628867774967089E-003)
 (1.235323414815691E-003,-7.525856133917572E-004)
 (-1.235326743820071E-003,7.525863385289436E-004)
 (4.408240905676791E-005,-1.815324733946736E-004)
 (-2.773330289553667E-003,-6.734570693929560E-004)
 (4.138982476327565E-005,-1.704276885861912E-004)
 (9.251434836157005E-009,-1.956720893077353E-008)
 (-5.056264762529167E-004,-8.299558976469435E-004)
 (-8.918294938821924E-004,5.433295669489095E-004)
 (4.893421071477718E-005,-2.015004475552584E-004)
 (-1.891573449335816E-004,-4.593971460838152E-005)
 (8.812881137159670E-004,-5.369066062709892E-004)
 (3.703564118919684E-004,6.079190159283401E-004)
 (-4.276069028160877E-009,-5.142532571168661E-010)
 (-1.373613619535978E-003,8.368437038658536E-004)
 (0.000000000000000E+000,0.000000000000000E+000)
 AAAAAA           7
 (-3.765984403248902E-002,0.187323296342796)
 (1.537851935936505E-002,-1.023010762395791E-002)
 (-6.200391778200937E-003,-9.320800432865130E-003)
 (-2.184128252944667E-002,-4.391023661122975E-003)
 (-1.398920733255711E-002,-2.812421788505454E-003)
 (-2.495451298409758E-003,1.660020554965655E-003)
 (-1.105720016624912E-002,-1.662185073922454E-002)
 (1.575780103560240E-003,-7.838107763106048E-003)
 (-1.144749418284684E-003,7.615138330759862E-004)
 (-1.196357084020215E-002,-2.405187682051799E-003)
 (-7.993998748026917E-003,-1.201705354614833E-002)
 (1.774632774111290E-003,-8.827182963016376E-003)
 (-6.312042290516135E-003,-9.488642404870178E-003)
 (-9.452626852094945E-003,-1.900374125097561E-003)
 (-6.223474551628774E-003,-1.251179842375443E-003)
 (1.146302205762992E-003,-5.701816223746967E-003)
 (-2.688415463223303E-004,1.788397413321712E-004)
 (-3.815316514115396E-003,-5.735418006196811E-003)
 (-3.715110916427052E-003,-5.584776656267781E-003)
 (7.753093707769233E-004,-3.856464867911651E-003)
 (-3.922819951808041E-003,-7.886544707914877E-004)
 (-3.658248571096534E-003,-7.354619800927469E-004)
 (6.583718928041195E-004,-3.274796916993915E-003)
 (1.885273591211098E-004,-1.254150854723384E-004)
 (-2.829656015419629E-003,-4.253708653727915E-003)
 (-2.642510298768217E-003,-3.972381240388634E-003)
 (5.885147996180918E-004,-2.927333770059956E-003)
 (-2.293403006574836E-003,-3.447580222625315E-003)
 (-1.213085564799957E-004,8.069937202943782E-005)
 (4.081667329324900E-004,-2.030274804630207E-003)
 (3.020740947929844E-004,-1.502540327271352E-003)
 (-8.891467710860909E-006,5.912880018482817E-006)
 (-1.550564991866637E-003,-2.330903425133034E-003)
 (3.566656597036769E-004,-1.774095377661765E-003)
 (-2.409596745154678E-003,-4.844310599398591E-004)
 (-1.628681438153169E-003,-3.274346296233399E-004)
 (-2.070105118337239E-004,1.377071192576148E-004)
 (-4.455952777817124E-004,2.964173490923331E-004)
 (-2.379797121548923E-004,1.583095181369123E-004)
 (0.000000000000000E+000,0.000000000000000E+000)
 (0.000000000000000E+000,0.000000000000000E+000)
 (0.000000000000000E+000,0.000000000000000E+000)
 (0.138351781020629,-0.292183175597885) (0.383703864676013,-0.137098532487070)
 (-1.307079685650928E-002,-3.658189223076530E-002)
 (1.632664995712064E-002,7.730847939614430E-003)
 (-2.607468576087229E-003,-1.234658104250381E-003)
 (-1.584735855410805E-002,5.662306460447156E-003)
 (6.846875244872594E-004,1.916302025601999E-003)
 (-5.044305844759587E-003,1.065302879322644E-002)
 (-1.912597698176125E-002,6.833740302775421E-003)
 (-1.096453301672387E-002,-5.191825056129057E-003)
 (-4.807038837186207E-004,-1.345404916603825E-003)
 (-2.555848869489811E-003,5.397585294956213E-003)
 (-4.024983811693480E-004,-1.126487703174401E-003)
 (-9.631683271001419E-003,-4.560681139049336E-003)
 (-5.933943761134462E-003,-2.809767015114320E-003)
 (-1.839544477534668E-003,3.884898255976429E-003)
 (-6.378071590991933E-003,2.278908529363611E-003)
 (3.589436135802570E-004,1.004577761959330E-003)
 (-4.451345403225204E-004,-1.245848336905746E-003)
 (-1.814085716403369E-003,3.831154993957823E-003)
 (-2.773982325141680E-003,-1.313504132175622E-003)
 (-1.945740364467747E-003,-9.213502377978758E-004)
 (-1.192422765291169E-003,2.518255532342636E-003)
 (-3.097853322646098E-003,1.106879821119318E-003)
 (-2.454090288582005E-004,-6.868599157368325E-004)
 (-6.257268612285545E-004,-1.751288956458536E-003)
 (-1.084611356955961E-003,2.290556466359105E-003)
 (-4.335260186348753E-004,-1.213334638412347E-003)
 (-2.245476932441042E-003,8.023093761523731E-004)
 (-2.052639712239623E-004,4.335060788422438E-004)
 (-5.642406708753223E-004,1.191620902761730E-003)
 (-2.668702175791092E-003,9.535445901015031E-004)
 (1.716384501619283E-004,4.803635239640092E-004)
 (-3.367384343558749E-004,7.111390895253828E-004)
 (-1.503819565184129E-003,-7.120754090306157E-004)
 (-1.049851508531925E-003,-4.971130656349092E-004)
 (-1.606907257930420E-003,5.741548250668754E-004)
 (-1.905207573219171E-003,6.807463416801881E-004)
 (-7.742462726673552E-004,2.766424759787098E-004)
 (0.000000000000000E+000,0.000000000000000E+000)
 (0.000000000000000E+000,0.000000000000000E+000)
 (0.000000000000000E+000,0.000000000000000E+000)
 (-0.266811788083400,0.665915496655311) (-0.316680884696872,0.135504410629017)
 (1.994609883708440E-002,4.661513205847855E-002)
 (-2.261771830865884E-002,-9.062189825620718E-003)
 (1.617909848689145E-002,6.482441077248585E-003)
 (1.696865318433766E-002,-7.260702339116542E-003)
 (-6.592598077460888E-004,-1.540723573722678E-003)
 (4.651852765184169E-003,-1.161016617471042E-002)
 (9.030698635885384E-003,-3.864158227844523E-003)
 (9.073605829029502E-004,3.635575972706682E-004)
 (-2.579534574140626E-003,-6.028518566278865E-003)
 (3.319262063964001E-003,-8.284302306966081E-003)
 (-1.921902508225318E-003,-4.491611668133545E-003)
 (2.780356566413740E-003,1.114006094618186E-003)
 (2.167097609175014E-003,8.682901039618042E-004)
 (4.419349051393494E-004,-1.103016484971544E-003)
 (2.239295371845764E-003,-9.581718269461206E-004)
 (-1.097826129554809E-003,-2.565664375101526E-003)
 (6.493878297764249E-004,1.517644845989237E-003)
 (8.448229930225979E-004,-2.108536144702107E-003)
 (-1.393786037877203E-003,-5.584425407505243E-004)
 (-5.148876162290519E-004,-2.063037170481333E-004)
 (1.035065377866997E-003,-2.583348266718930E-003)
 (2.586079067751363E-003,-1.106554544403717E-003)
 (-1.189568955865567E-003,-2.780087610474172E-003)
 (5.427410768467023E-004,1.268409521406968E-003)
 (3.768625386492375E-004,-9.405888072032869E-004)
 (1.084196553469510E-004,2.533815898910496E-004)
 (1.220501285825000E-003,-5.222462661610628E-004)
 (-4.589725208596605E-004,1.145513396976289E-003)
 (3.509734987836581E-004,-8.759774530424623E-004)
 (3.012886308256135E-004,-1.289183390605197E-004)
 (-5.726977983134616E-005,-1.338392789905959E-004)
 (-3.636452707326198E-004,9.075835875551262E-004)
 (-6.669216168812667E-004,-2.672136069158367E-004)
 (7.041993147744200E-005,2.821445005705992E-005)
 (1.585136051696683E-005,-6.781219518793258E-006)
 (-2.932522263257869E-004,1.254783928744300E-004)
 (-6.301187676198966E-004,2.696172095215228E-004)
 (0.000000000000000E+000,0.000000000000000E+000)
 (0.000000000000000E+000,0.000000000000000E+000)
 (0.000000000000000E+000,0.000000000000000E+000)
 (0.130712645171681,-0.324337623746254) (-0.578475143520593,0.246142568895362)
 (-9.705346126599545E-003,-2.280915894764674E-002)
 (-4.278382463481394E-002,-1.724250513705849E-002)
 (5.244467254131936E-003,2.113601710197754E-003)
 (1.396186892317960E-002,-5.940817906579509E-003)
 (6.279622741916490E-004,1.475822852251999E-003)
 (1.457810723323103E-003,-3.617325916225032E-003)
 (1.661930292503614E-003,-7.071481599839534E-004)
 (7.227799403607473E-003,2.912888698631543E-003)
 (2.131120181545548E-003,5.008498035973643E-003)
 (3.930630809917232E-004,-9.753237274146527E-004)
 (1.157806465506603E-005,2.721614335290097E-005)
 (2.788794930478556E-003,1.123910285956110E-003)
 (2.048573465482366E-004,8.255634380733601E-005)
 (9.265314951574920E-004,-2.299001626297622E-003)
 (-7.760488136001513E-005,3.303081462287275E-005)
 (-7.466399194409761E-004,-1.754726462362415E-003)
 (-1.686367767821030E-004,-3.963182479392172E-004)
 (7.553918909723446E-004,-1.874343896791067E-003)
 (-9.813360430036956E-004,-3.954926295252284E-004)
 (-7.883232686619310E-004,-3.177115064008751E-004)
 (8.449334598768511E-004,-2.096536682851883E-003)
 (1.325440506178900E-003,-5.639813999843881E-004)
 (3.537818620488804E-004,8.314569366802034E-004)
 (1.406222551633870E-004,3.304865344416799E-004)
 (-4.710748325330350E-004,1.168869921243569E-003)
 (-8.786308313962056E-004,-2.064921958572803E-003)
 (-8.145862331075917E-004,3.466130368157689E-004)
 (5.521210762905120E-004,-1.369981419411008E-003)
 (2.360753230685115E-004,-5.857595439912976E-004)
 (1.169088940020557E-003,-4.974503121506938E-004)
 (-7.428957709628895E-005,-1.745956284558847E-004)
 (4.965064329779675E-004,-1.231984563922803E-003)
 (-1.870612490252057E-003,-7.538879756611301E-004)
 (2.500796645219825E-004,1.007859457245056E-004)
 (-9.776297992044782E-004,4.159869207361882E-004)
 (1.731687727889974E-003,-7.368350815026157E-004)
 (5.586244846242285E-004,-2.376931879017498E-004)
 (0.000000000000000E+000,0.000000000000000E+000)
 (0.000000000000000E+000,0.000000000000000E+000)
 (0.000000000000000E+000,0.000000000000000E+000)
 AAAAAA           8
 (4.428562116670056E-002,-0.109786434348887)
 (7.726230510249379E-002,0.181737617911597)
 (-2.057221463781474E-002,8.745876169426764E-003)
 (-1.217920163090934E-002,-4.912841614200508E-003)
 (-1.116226006716630E-002,4.745428555972628E-003)
 (-1.559226762168374E-003,3.865391759449468E-003)
 (-1.728682484151348E-002,-6.973156363871883E-003)
 (-1.978799864989850E-003,4.905519930511621E-003)
 (-1.771180653105615E-003,-4.166186226334371E-003)
 (-1.570543498095648E-002,-6.335238118721944E-003)
 (-1.309561806978896E-002,5.567350181232767E-003)
 (-2.751729157678484E-003,-6.472640508035321E-003)
 (-1.031290275474196E-002,4.384344585937808E-003)
 (-8.660050310489723E-003,-3.493289207303458E-003)
 (-1.764790523851938E-003,-4.151152307891284E-003)
 (-6.047136965299984E-003,2.570848397199965E-003)
 (-6.227089578206488E-003,-2.511875634769354E-003)
 (-5.713806838794050E-004,1.416464615869360E-003)
 (-1.299139133415575E-003,-3.055859639806782E-003)
 (-5.567271593898479E-003,-2.245733514060255E-003)
 (-4.325588986439404E-005,1.072624935650059E-004)
 (-1.215244127022171E-003,-2.858490513022365E-003)
 (-3.964018804624790E-003,1.685223977582211E-003)
 (-4.445199254912012E-003,-1.793104461884890E-003)
 (-3.058126418177643E-003,1.300098518859328E-003)
 (-4.850794843668592E-004,-1.141026383496822E-003)
 (-4.209951976883490E-003,-1.698213643598880E-003)
 (-7.172602066589646E-004,-1.687161016398549E-003)
 (-1.845410595675632E-003,7.845371788241588E-004)
 (-2.626528370901387E-004,6.511438821205060E-004)
 (-2.512179359834021E-004,6.227980753371629E-004)
 (-3.309083759084956E-003,-1.334823832257518E-003)
 (-2.524731354011542E-003,-1.018420482090242E-003)
 (-4.900513226160124E-004,-1.152715720610273E-003)
 (-6.120679835495288E-004,-1.439718039409269E-003)
 (-4.682307879802966E-004,1.160779394837203E-003)
 (-2.021849985437570E-003,8.595552823710084E-004)
 (-1.555895111483382E-004,3.857086803647121E-004)
 (0.000000000000000E+000,0.000000000000000E+000)
 (0.000000000000000E+000,0.000000000000000E+000)
 (0.000000000000000E+000,0.000000000000000E+000)
 (0.000000000000000E+000,0.000000000000000E+000)
 (0.140888767654987,-0.628223940867937) (-0.219894138677433,-0.347037108968254)
 (3.572369417854293E-002,-2.263571611518491E-002)
 (-3.167940970288748E-002,-7.104582258685304E-003)
 (-4.534121276363665E-003,2.872967148134864E-003)
 (-4.026957157306326E-003,1.795625944271965E-002)
 (6.128175178806278E-003,1.374336068857632E-003)
 (-4.164345591810592E-003,1.856874611195798E-002)
 (7.135561520182430E-003,1.126133795402181E-002)
 (2.756582428992635E-003,6.182021132205836E-004)
 (-7.641979979522991E-003,4.842182020220265E-003)
 (4.375899452004820E-003,6.906038927108528E-003)
 (-6.954677374321082E-003,4.406722035430207E-003)
 (1.456362297691808E-003,3.266162882455344E-004)
 (3.496710951383622E-003,5.518517238086557E-003)
 (-4.323294292604900E-003,2.739390562059849E-003)
 (2.879253110820291E-003,6.456972969086490E-004)
 (-1.362490312926793E-003,6.075344267497746E-003)
 (2.980714610809813E-003,4.704195865331277E-003)
 (1.249283016564198E-004,2.801741384709818E-005)
 (-1.045537302456660E-003,4.662065378486394E-003)
 (2.633604058461476E-003,4.156353747563959E-003)
 (-1.248065631646549E-003,7.908202990068896E-004)
 (-6.092332462322140E-004,-1.366371616559088E-004)
 (-9.411755139456746E-004,5.963641294217440E-004)
 (1.251732286609742E-003,1.975479587039671E-003)
 (7.660871034949107E-004,1.718135437096270E-004)
 (1.334187176949803E-003,2.105609488166898E-003)
 (-9.082172633854817E-004,5.754779472793991E-004)
 (-4.658090528109434E-004,2.077095072066891E-003)
 (-6.943523863207806E-004,3.096129792954851E-003)
 (1.366233924301587E-004,3.063552275531558E-005)
 (1.194119459503705E-003,2.678062423014502E-004)
 (7.201343152247390E-004,1.136517128093426E-003)
 (5.331966161262690E-004,8.414869087153715E-004)
 (-4.814527897669289E-004,2.146793046988204E-003)
 (-4.014496981085116E-004,2.543741548887524E-004)
 (-2.587932732681388E-004,1.153962746815965E-003)
 (0.000000000000000E+000,0.000000000000000E+000)
 (0.000000000000000E+000,0.000000000000000E+000)
 (0.000000000000000E+000,0.000000000000000E+000)
 (0.000000000000000E+000,0.000000000000000E+000)
 (0.180185052836878,-0.449159869287862) (-0.114444535318210,-0.267776404165996)
 (3.438282403829755E-002,-1.469482407824561E-002)
 (-1.324654508974944E-002,-5.313995848009785E-003)
 (-1.680402717672282E-002,7.181850688393703E-003)
 (-4.933155971850832E-003,1.229720982638439E-002)
 (-2.131428074922782E-003,-8.550462699403164E-004)
 (-1.548248307105001E-003,3.859433175623525E-003)
 (2.794002243334357E-003,6.537379509439440E-003)
 (2.723681268433067E-003,1.092630699919633E-003)
 (-1.122808348312600E-003,4.798728915584419E-004)
 (1.548507392279678E-003,3.623189440482833E-003)
 (-1.642241449277643E-003,7.018737373704416E-004)
 (2.961287899652662E-003,1.187949997486279E-003)
 (3.406443229724269E-004,7.970317976258039E-004)
 (-4.382544974192715E-004,1.873029794243864E-004)
 (1.400026286513953E-003,5.616374736400223E-004)
 (-4.537577197128169E-005,1.131084172762259E-004)
 (4.821618156354916E-004,1.128157418899924E-003)
 (-8.535968171716761E-004,-3.424302407914377E-004)
 (-1.050834744188571E-003,2.619486673439996E-003)
 (8.800595110161454E-004,2.059158525374524E-003)
 (1.355056724494982E-003,-5.791329939175713E-004)
 (-8.692233512607730E-004,-3.486971367302244E-004)
 (9.593055895305097E-004,-4.099979048713244E-004)
 (2.953443993406554E-004,6.910473831487935E-004)
 (1.393353472302142E-003,5.589585069633888E-004)
 (-1.274012429612205E-004,-2.980942299674268E-004)
 (-6.912403376620710E-004,2.954295355779768E-004)
 (-5.724213303440756E-005,1.426911120519198E-004)
 (-2.738982354483223E-005,6.827861658358837E-005)
 (4.618348837233302E-004,1.852703629107174E-004)
 (-4.859047059849575E-004,-1.949254060152080E-004)
 (-1.467778857494381E-004,-3.434330350296817E-004)
 (-1.439158756504820E-004,-3.367342586791524E-004)
 (-3.560921583544722E-005,8.876738618403714E-005)
 (1.036531315026897E-003,-4.430013829705845E-004)
 (2.311577104739233E-004,-5.762239477129374E-004)
 (0.000000000000000E+000,0.000000000000000E+000)
 (0.000000000000000E+000,0.000000000000000E+000)
 (0.000000000000000E+000,0.000000000000000E+000)
 (0.000000000000000E+000,0.000000000000000E+000)
 (0.164992978509492,-0.351486498503803) (0.242139652086270,0.670586997365578)
 (2.752853547544900E-002,-9.940164085216594E-003)
 (5.126238024203667E-002,2.406333483889201E-002)
 (-8.733361272475229E-004,3.153438309345564E-004)
 (-2.803107038365196E-004,5.971648601579668E-004)
 (-2.111688773559413E-003,-9.912596120193753E-004)
 (1.765538779340309E-003,-3.761164330802221E-003)
 (-1.441010766644649E-003,-3.990770448494330E-003)
 (-5.752965978173805E-003,-2.700518206613508E-003)
 (-3.562887381980294E-003,1.286509328747600E-003)
 (-1.186755724504252E-003,-3.286645805385643E-003)
 (3.456363085604425E-004,-1.247976051114806E-004)
 (-1.828565508961445E-003,-8.583537873901967E-004)
 (8.851856626344018E-004,2.451448395665952E-003)
 (1.276353458789581E-003,-4.608611407187385E-004)
 (-4.689795328966675E-006,-2.205613105034064E-006)
 (7.173979535503734E-004,-1.528285787308485E-003)
 (2.737075369765700E-004,7.580218713474441E-004)
 (1.164610097158325E-003,5.466834957010170E-004)
 (9.575388410082435E-005,-2.039827010346061E-004)
 (7.279877222724289E-005,2.016113527791961E-004)
 (2.731160151054572E-004,-9.862322311965952E-005)
 (1.086562782382915E-003,5.100495466315148E-004)
 (4.159378338265805E-004,-1.501897666736406E-004)
 (2.972856006609200E-004,8.233052571367676E-004)
 (-1.438860661094769E-003,-6.754227568570133E-004)
 (-4.843099348955219E-004,-1.341263541934036E-003)
 (-3.795540275156699E-004,1.370527773940617E-004)
 (3.923053703929642E-004,-8.357305311022145E-004)
 (-4.906185738928383E-004,1.045172443864437E-003)
 (1.444983088984167E-003,6.782946557662490E-004)
 (-2.038635351762786E-004,-9.569659934295741E-005)
 (4.910829228572065E-004,1.360019268194955E-003)
 (4.924521038958340E-004,1.363802855331667E-003)
 (-7.789116710757078E-004,1.659328176527493E-003)
 (1.092000769874347E-003,-3.943059204074505E-004)
 (3.976961436849701E-004,-8.472145772600709E-004)
 (0.000000000000000E+000,0.000000000000000E+000)
 (0.000000000000000E+000,0.000000000000000E+000)
 (0.000000000000000E+000,0.000000000000000E+000)
 (0.000000000000000E+000,0.000000000000000E+000)
 AAAAAA           9
 (-0.203368505240013,8.734770950752535E-002)
 (4.459868176589118E-002,1.779872193152895E-002)
 (5.296520082531178E-003,-1.327162787314603E-002)
 (-7.550104156872010E-003,-1.757863775833825E-002)
 (-5.670703579780841E-003,-1.320288853993969E-002)
 (-5.516241300052508E-003,-2.201460032301306E-003)
 (7.036720593550407E-003,-1.763208586437736E-002)
 (5.376343253156162E-003,-2.309167182843344E-003)
 (-3.836266610205462E-003,-1.531013093720140E-003)
 (-5.935251688242656E-003,-1.381882831597892E-002)
 (8.646392661970712E-003,-3.713666117911887E-003)
 (4.267843875221336E-003,-1.069404709804189E-002)
 (5.210698070707854E-003,-1.305658105124384E-002)
 (-3.783408796650642E-003,-8.808756795974173E-003)
 (4.497495177924257E-003,-1.931695859823169E-003)
 (2.876633890371951E-003,-7.208062341617895E-003)
 (-2.460036110970888E-003,-5.727588739754413E-003)
 (-1.198938089835447E-003,-4.784837971143621E-004)
 (3.184659010004881E-003,-1.367825879812418E-003)
 (-2.200034483516424E-003,-5.122273726509564E-003)
 (2.021351018708317E-003,-5.064950824413973E-003)
 (2.263821515027757E-003,-5.672522374792638E-003)
 (-1.622141284212307E-003,-3.776770283873910E-003)
 (2.620250934967600E-003,-1.125411026183395E-003)
 (-2.157612613500523E-004,-8.610721485436217E-005)
 (-2.157621245100898E-004,-8.610726171364730E-005)
 (2.206829476168147E-003,-9.478428467190713E-004)
 (1.531714688986551E-003,-3.838053660374586E-003)
 (1.531718277764916E-003,-3.838058036299714E-003)
 (-5.290459403619628E-004,-2.111375090759384E-004)
 (-6.962435755616455E-004,-2.778582987773595E-004)
 (1.463541878546419E-003,-6.285984028866857E-004)
 (9.745506721222056E-004,-2.441949581483775E-003)
 (-1.150992064066287E-003,-2.679810905608991E-003)
 (1.264529503929135E-003,-5.431193087627146E-004)
 (-7.012272596020432E-004,-1.632646961702859E-003)
 (1.085900561972589E-003,-4.663976344384462E-004)
 (-7.221461163744971E-004,-2.881969420694806E-004)
 (3.201803031115717E-004,-8.022807043524169E-004)
 (0.000000000000000E+000,0.000000000000000E+000)
 (0.000000000000000E+000,0.000000000000000E+000)
 (0.000000000000000E+000,0.000000000000000E+000)
 (0.380693437519733,-0.207168730224819)
 (0.257456235088403,7.599566725130440E-002)
 (1.241916114024922E-002,-4.207324004355571E-002)
 (5.492145386245749E-003,1.009233910830155E-002)
 (-3.662398304235805E-004,-6.729887159276670E-004)
 (-1.467543600329533E-002,-4.331891807094943E-003)
 (-1.664685289508039E-003,5.639572882778913E-003)
 (-1.101263630072558E-002,5.992938081923802E-003)
 (-1.740720972211936E-002,-5.138242212419973E-003)
 (-4.316996017737993E-003,-7.932911629024667E-003)
 (-7.435471340447439E-003,4.046286496237150E-003)
 (-2.837585966883332E-004,9.612957856563030E-004)
 (-5.945503880977277E-004,2.014212762421550E-003)
 (-3.506303389781393E-003,-6.443193782521566E-003)
 (-4.267646054921619E-003,2.322401790736452E-003)
 (-4.809524769135267E-004,1.629345806442234E-003)
 (-2.568387245625449E-003,-4.719669457693246E-003)
 (-6.622840698711510E-003,-1.954921908325049E-003)
 (-4.336269229834834E-003,2.359741982306098E-003)
 (-1.577065090281947E-003,-2.898009940989198E-003)
 (6.432804098057901E-005,-2.179237877574599E-004)
 (-1.807477802382081E-004,6.123380773621598E-004)
 (-8.401061393853413E-004,-1.543782807187590E-003)
 (-2.641778188008694E-003,1.437620923042122E-003)
 (-2.728867035182601E-003,-8.055035731307718E-004)
 (-2.728869817170283E-003,-8.055051488537862E-004)
 (-2.933153235864095E-003,1.596183588068352E-003)
 (1.815791321609608E-004,-6.151412469370154E-004)
 (1.815749956517836E-004,-6.151425868549990E-004)
 (-2.707845507528327E-003,-7.992964322738148E-004)
 (-2.130067804808969E-003,-6.287523033952427E-004)
 (-6.988724953498472E-004,3.803184929291068E-004)
 (-2.972055136026119E-004,1.006863277465812E-003)
 (-7.112888501749461E-004,-1.307065851876856E-003)
 (-1.142696986372977E-003,6.218430896201164E-004)
 (-3.062668994877339E-004,-5.627992046815795E-004)
 (-7.412199720368057E-004,4.033625605254812E-004)
 (-1.339137514537491E-003,-3.952839199048468E-004)
 (6.431780830239054E-005,-2.178993380215349E-004)
 (0.000000000000000E+000,0.000000000000000E+000)
 (0.000000000000000E+000,0.000000000000000E+000)
 (0.000000000000000E+000,0.000000000000000E+000)
 (0.729325912885888,-0.122807023996483)
 (0.122532735259513,8.721442744751283E-002)
 (3.159382142958573E-002,-4.438792602309655E-002)
 (8.003061959807130E-004,4.752740102894833E-003)
 (-2.471892136401699E-003,-1.467998731467000E-002)
 (-1.263104019632121E-002,-8.990342525493904E-003)
 (-8.936955320098424E-005,1.255638665067162E-004)
 (-1.186835115395916E-002,1.998444094738686E-003)
 (-6.839794822497999E-003,-4.868321406512306E-003)
 (-8.090851930284460E-005,-4.804904223914074E-004)
 (-8.077539585621487E-003,1.360125232052319E-003)
 (-2.428150596566116E-003,3.411440234503703E-003)
 (-3.068306079494932E-003,4.310850692082283E-003)
 (-3.820078659206742E-004,-2.268654471142907E-003)
 (-2.357766235005183E-004,3.970439536362590E-005)
 (-1.115831416886672E-003,1.567696782777198E-003)
 (-3.352961914630343E-004,-1.991244745775512E-003)
 (-2.258584504173325E-003,-1.607580633766771E-003)
 (-1.338804048721997E-003,2.254347846495050E-004)
 (2.075271311376630E-004,1.232462266474017E-003)
 (6.394559457819416E-004,-8.984069064843268E-004)
 (-1.464388156904994E-003,2.057406528371687E-003)
 (-5.978421181549826E-005,-3.550594341974409E-004)
 (-1.664175957494274E-003,2.802208044921265E-004)
 (-1.535298610585013E-003,-1.092772997809679E-003)
 (-1.535299276037338E-003,-1.092772776316774E-003)
 (-1.194751285582758E-003,2.011771926575714E-004)
 (6.307676840760104E-004,-8.861951686380314E-004)
 (6.307641609932704E-004,-8.861987975196050E-004)
 (3.188992378985274E-005,2.270152873534450E-005)
 (-1.316319838448040E-004,-9.369185628178931E-005)
 (1.287761975563663E-003,-2.168383775038767E-004)
 (8.013565738865992E-005,-1.125874304141705E-004)
 (-4.146238448867064E-005,-2.462445233990853E-004)
 (-6.217384584574884E-004,1.046906117100104E-004)
 (8.820954911021828E-006,5.237818603267145E-005)
 (7.218171528232233E-004,-1.215425049226912E-004)
 (4.031199635774441E-004,2.869281330124394E-004)
 (-5.185318251184276E-004,7.285160809915538E-004)
 (0.000000000000000E+000,0.000000000000000E+000)
 (0.000000000000000E+000,0.000000000000000E+000)
 (0.000000000000000E+000,0.000000000000000E+000)
 (1.205349018988609E-006,-1.995989034838143E-007)
 (-0.505731434152530,0.376838255530130)
 (1.300833466143945E-002,1.745691313421398E-002)
 (-5.135234958790304E-002,-7.499580274274936E-003)
 (-1.749576905719115E-003,-2.553330947067342E-004)
 (1.798324514015636E-002,-1.340004184677535E-002)
 (-2.307711652947422E-008,1.715667502963216E-008)
 (3.779642214417179E-004,-2.587571283350016E-003)
 (7.117144460063182E-008,7.005504256844533E-008)
 (8.875782376648048E-003,1.296224844781505E-003)
 (5.849876255966816E-004,-4.005887824718199E-003)
 (-2.160153618232747E-004,-2.899147074966149E-004)
 (1.811428888017976E-003,2.431032302131384E-003)
 (2.573314256851711E-003,3.758287123758952E-004)
 (-2.208248757004818E-005,1.515749955448669E-004)
 (-1.473915270430631E-003,-1.978025940817869E-003)
 (6.360403323391524E-009,3.493053792544902E-008)
 (-1.069641806155318E-003,7.970776484218957E-004)
 (1.878935064291304E-005,-1.283532519152461E-004)
 (-2.011050445813933E-003,-2.936910826745238E-004)
 (3.690731845310671E-004,4.952989443631692E-004)
 (9.155322193164511E-005,1.228652818931358E-004)
 (-1.528637528435609E-003,-2.232367600006406E-004)
 (2.763560599465439E-004,-1.892174621642498E-003)
 (9.716027962185881E-004,-7.239608919965842E-004)
 (-9.715844718767424E-004,7.239702148223514E-004)
 (-2.256196195542214E-004,1.545055244049369E-003)
 (7.285647711274309E-004,9.777572769290169E-004)
 (-7.285700780412552E-004,-9.777730601278510E-004)
 (3.253645994117442E-008,2.195062618676097E-008)
 (-9.986896713790566E-004,7.441582058659887E-004)
 (-2.892688703439425E-005,1.982286265869022E-004)
 (-3.733604770740501E-004,-5.010535783267485E-004)
 (-2.174236716712039E-003,-3.175181746585889E-004)
 (1.026055223729875E-004,-7.025863365305955E-004)
 (1.578577124887144E-004,2.304852590148414E-005)
 (7.496092710815574E-005,-5.132793351152151E-004)
 (9.826706453468525E-004,-7.322115849323032E-004)
 (-2.384161080037657E-004,-3.199623119559125E-004)
 (0.000000000000000E+000,0.000000000000000E+000)
 (0.000000000000000E+000,0.000000000000000E+000)
 (0.000000000000000E+000,0.000000000000000E+000)
 AAAAAA          10
 (7.270266400064410E-002,8.976138109510512E-002)
 (2.131264248738753E-003,-2.029763381741955E-002)
 (-1.335772226550904E-002,-1.402552568927786E-003)
 (-1.538354036459962E-002,1.246002056177830E-002)
 (-1.538357606303336E-002,1.245999613564375E-002)
 (-7.837052098809416E-004,7.463903258506502E-003)
 (-2.433466637145185E-002,-2.555121896180717E-003)
 (-6.480238928932801E-003,-8.000747127255337E-003)
 (-9.417836094170138E-005,8.969416849756101E-004)
 (-5.815785127373305E-003,-7.180386829250644E-003)
 (-1.391578456406487E-002,-1.461155328951707E-003)
 (-8.819590742198334E-003,7.143478070332148E-003)
 (-8.819594365451941E-003,7.143477832783652E-003)
 (-1.309586044958818E-002,-1.375056624249441E-003)
 (-5.898930404932927E-003,4.777867917980997E-003)
 (-4.317374510713226E-003,-5.330386140968037E-003)
 (-2.192047571277674E-005,2.088403182545712E-004)
 (-7.487660082170608E-003,-7.862013512125953E-004)
 (-8.219211252182286E-003,-8.630111959283416E-004)
 (-2.536715410509391E-003,-3.131918855898702E-003)
 (-3.671168363845552E-003,2.973483151300605E-003)
 (-3.570510720783318E-003,2.891959857796012E-003)
 (-5.663260269771857E-003,-5.946347997688654E-004)
 (-5.663260979951030E-003,-5.946361260349060E-004)
 (-5.663261337820367E-003,-5.946397671007641E-004)
 (-2.326246123718232E-003,-2.872071425617444E-003)
 (-1.855637890456902E-003,-2.291037307229624E-003)
 (-2.670363563660535E-003,2.162877670715639E-003)
 (-1.663760986465156E-005,1.585001066488193E-004)
 (-1.510929310309254E-003,-1.865444245440287E-003)
 (-1.510928356895509E-003,-1.865445302038212E-003)
 (-2.136569476805253E-005,2.035265267686664E-004)
 (-2.137115410663118E-005,2.035262292359228E-004)
 (-8.647762394999861E-004,-1.067684836170785E-003)
 (-5.672743295170762E-005,5.403049794012163E-004)
 (-5.673114380032887E-005,5.403068059607949E-004)
 (-2.872885762498785E-005,2.736026234870327E-004)
 (-2.193797807015951E-003,-2.303470180965737E-004)
 (-1.169439851198586E-003,9.471933589519959E-004)
 (-3.354964153456287E-005,3.195742506750144E-004)
 (-1.598021480160941E-003,-1.677914519751908E-004)
 (-6.562680080768438E-004,-6.890859029941651E-005)
 (9.979851752570332E-002,2.492825485401692E-003)
 (0.121887151197117,0.128132394513929)
 (1.509474271086822E-002,-1.435903344429379E-002)
 (-1.008911601185717E-004,4.038601332330533E-003)
 (-1.008673170474560E-004,4.038596938636164E-003)
 (-8.377450006109285E-003,-8.806680986547539E-003)
 (-5.580413853460385E-004,5.308432702504093E-004)
 (-9.587678311669390E-003,-2.394862724078900E-004)
 (-1.320998365095444E-002,-1.388684094171439E-002)
 (-4.367668566259201E-003,-1.090917668174834E-004)
 (1.314454031929373E-003,-1.250383742014466E-003)
 (2.524875367817970E-004,-1.010803496175367E-002)
 (2.524858377697349E-004,-1.010803893886363E-002)
 (1.722954770461172E-003,-1.638980635636565E-003)
 (1.398791803152784E-004,-5.599878987346023E-003)
 (-3.970738851674815E-003,-9.918574441353657E-005)
 (-4.526230295335858E-003,-4.758143746119343E-003)
 (1.198580366941588E-004,-1.140133852831368E-004)
 (2.610236847079008E-004,-2.483013063616570E-004)
 (-4.094010790711250E-003,-1.022670638119631E-004)
 (1.135228338526747E-004,-4.544654259645997E-003)
 (5.563098597710929E-005,-2.227124722785326E-003)
 (1.047201977901064E-003,-9.961608795373508E-004)
 (1.047202575003643E-003,-9.961623238206616E-004)
 (1.047204012374568E-003,-9.961624460532725E-004)
 (-3.003094447631722E-003,-7.501520487257214E-005)
 (-1.026566265867646E-003,-2.564312562448035E-005)
 (5.942226549753704E-005,-2.378871170553652E-003)
 (-2.293549867143542E-003,-2.411068056105402E-003)
 (-1.132430997026783E-003,-2.828501550233245E-005)
 (-1.132430376696019E-003,-2.828692525945863E-005)
 (-1.297164670906632E-003,-1.363626610234647E-003)
 (-1.297165167004451E-003,-1.363626640915911E-003)
 (-9.636543994985672E-004,-2.406908063043176E-005)
 (-1.564832067649376E-003,-1.645010415182753E-003)
 (-1.564831925678778E-003,-1.645012676616263E-003)
 (-8.779537769244717E-004,-9.229409141781287E-004)
 (-1.046117055780069E-005,9.952353927017626E-006)
 (2.522193345683708E-005,-1.009714086996866E-003)
 (-5.886154235289127E-004,-6.187736399328333E-004)
 (-5.834158847965441E-004,5.549809775414071E-004)
 (2.210617917775206E-004,-2.102864723491314E-004)
 (0.118416506428507,-0.406296987555463) (-0.140215610782844,-0.160730572778802)
 (-1.976339416953329E-002,-2.241268030285188E-002)
 (7.805407375614951E-003,-1.263146455845963E-002)
 (-2.917065670432600E-002,-1.298106140631594E-002)
 (1.445777563879181E-002,1.657320346222694E-002)
 (1.287627731102464E-004,2.346607284698417E-004)
 (7.326661981667129E-003,-7.342886429833550E-004)
 (-1.121911379022445E-002,6.155314644452123E-003)
 (4.293326023690329E-003,1.735539430867844E-003)
 (1.060130052850378E-003,-9.248148760763622E-004)
 (2.801353660069518E-003,4.655961944453701E-003)
 (-3.180130332492253E-003,9.010804803275557E-004)
 (1.413405323179057E-003,7.447796476037090E-003)
 (-2.494130095575330E-003,-7.269151354961726E-004)
 (-1.059137766345267E-003,5.418017254185465E-004)
 (5.186201649567906E-004,-3.760815831795199E-004)
 (1.102308537877948E-003,-9.616383987821809E-004)
 (-1.867511403802833E-003,-1.824974247791629E-003)
 (1.982855094286433E-004,-1.613035510816463E-004)
 (9.194950016837340E-004,-7.642069842042645E-004)
 (7.490884681008859E-004,-7.514192069702924E-005)
 (9.855772266972168E-004,2.683744986973179E-003)
 (-1.287843552316508E-003,2.109111777375932E-004)
 (-3.655924415471368E-004,-3.224590968794900E-003)
 (-6.441769304429333E-004,-4.392163894670440E-005)
 (8.410129688801991E-004,-2.309540536853328E-003)
 (-4.872021350497022E-004,-1.372517238357125E-003)
 (4.034658696043053E-004,-2.213744342551535E-004)
 (1.218268633380219E-003,-1.576565751000092E-005)
 (4.469979694670592E-004,-1.752399016405662E-003)
 (2.323061833441872E-005,6.903435593942919E-004)
 (-1.697766080181997E-003,2.283504188248242E-004)
 (3.711325216840957E-004,7.881097078561581E-006)
 (-6.165264848374160E-004,-4.470150038532143E-004)
 (1.387495840492830E-003,-9.684504765460018E-005)
 (7.039567657086489E-004,-3.862305590375811E-004)
 (9.083183801608588E-005,-7.187004377709332E-004)
 (1.607465609845316E-005,-2.359080514086472E-004)
 (-4.149114777429676E-004,-4.756100857612955E-004)
 (-6.757481595360979E-006,6.990565631081123E-004)
 (8.331996260863640E-005,4.125715332970276E-005)
 (0.100968757432560,-0.416168438875816)
 (0.439124604729103,-2.650847888382973E-002)
 (-1.694254653158744E-002,-4.022716850393943E-002)
 (2.958874455569659E-002,2.173174025747961E-002)
 (-2.339078197289962E-002,-1.302233558974195E-003)
 (-4.527879664189859E-002,2.733370501650120E-003)
 (1.409807218280476E-004,2.312877149730580E-004)
 (-9.261204536710492E-003,9.551491172156378E-003)
 (-1.105705760578913E-002,6.739531736877650E-003)
 (-6.803261024493162E-003,8.729923499353216E-003)
 (1.748250310906947E-004,2.896343148500859E-003)
 (-2.692538445075009E-003,-4.401639946127897E-003)
 (-5.905329180866363E-003,-3.217182626411685E-003)
 (3.228550211806262E-003,8.476358342560987E-004)
 (-2.554729565247436E-003,-6.197049162642680E-004)
 (1.061912268608692E-003,-7.505182727063138E-004)
 (7.335756239225842E-004,-3.541252093094623E-004)
 (1.818097581683554E-004,3.011463300212752E-003)
 (-1.499931151237673E-003,-3.902867911788049E-003)
 (-1.607623682821414E-004,5.391207320436056E-005)
 (2.437059539333238E-003,1.598944842701469E-003)
 (1.192396474030991E-003,5.758594071299350E-004)
 (1.385301058164488E-003,1.462340349338391E-003)
 (-5.273005537455072E-004,-3.201599081726008E-003)
 (-1.283043689281409E-003,2.314537648681108E-004)
 (8.832161233123543E-004,-9.966947219237758E-004)
 (3.510193362095701E-004,-2.122412402046018E-003)
 (1.283512134655519E-003,1.512765668979844E-003)
 (3.976294620063441E-004,-2.423825064453161E-004)
 (-1.607532682038987E-003,1.742016988016107E-003)
 (5.201171932349214E-004,-1.887299545350192E-003)
 (-1.685061153604507E-003,3.136494117928696E-004)
 (3.472575650975815E-005,6.922546275006800E-004)
 (-4.977759076596979E-004,5.490403065650044E-004)
 (1.299926996486920E-003,4.455400101464869E-006)
 (-2.464784256417382E-004,-5.239051123989180E-004)
 (6.938018144483962E-004,-4.228733450099874E-004)
 (-2.056803848796894E-004,4.701689700799146E-004)
 (3.649992847621315E-004,3.234410985098401E-004)
 (1.299396345663749E-003,-7.842129905593698E-005)
 (2.380590233327610E-004,-2.591190102901334E-004)
 (5.305180937206835E-005,1.880472399894942E-004)
 AAAAAA          11
 (1.149510524699339E-002,-6.608169852507147E-002)
 (6.516770003615782E-002,9.261435100579640E-002)
 (-1.817901017499997E-002,1.279158446738726E-002)
 (-1.547205028445636E-002,-2.691399227455483E-003)
 (-1.396376801163320E-002,9.825537231521075E-003)
 (-1.302242916638375E-003,7.486162880222373E-003)
 (-2.310278311489139E-002,-4.018803306525493E-003)
 (-8.682601381423538E-004,4.991272304762695E-003)
 (-3.766982422434090E-003,-5.353523857704963E-003)
 (-1.499360601415750E-002,-2.608203758042205E-003)
 (-4.225129325940587E-003,-6.004633127401549E-003)
 (-1.049200255213118E-002,7.382651006242486E-003)
 (-1.049200405823815E-002,7.382663736333919E-003)
 (-1.125478266991456E-002,-1.957798991139772E-003)
 (-3.268535290693548E-003,-4.645132889419111E-003)
 (-6.152616105737584E-003,4.329272943297814E-003)
 (-7.462630128556485E-003,-1.298140941816078E-003)
 (-2.467345324836170E-004,1.418346271677294E-003)
 (-1.948429441608807E-003,-2.769047043851496E-003)
 (-7.195083719820040E-003,-1.251608958328068E-003)
 (-4.356726070322062E-003,3.065585736660548E-003)
 (-5.610243108707662E-003,-9.759173789117538E-004)
 (-3.284007126298960E-003,2.310781419103489E-003)
 (-5.030384007083818E-003,-8.750492947544367E-004)
 (-5.030382260335873E-003,-8.750501648828242E-004)
 (-1.293720397756492E-003,-1.838596440555836E-003)
 (-7.600043300629420E-005,4.368872261063776E-004)
 (-1.563709554126193E-004,8.988996207700374E-004)
 (-1.362171824065797E-003,-1.935874236035069E-003)
 (-1.360818837450810E-003,-1.933954051885885E-003)
 (-6.771527257729013E-004,-9.623393682558450E-004)
 (-1.058698341697406E-003,-1.504589547821019E-003)
 (-2.619244419154453E-003,1.843021926970637E-003)
 (-1.182557487247516E-004,6.798265217596112E-004)
 (-2.101903730384857E-004,1.208325087094167E-003)
 (-1.495458673762490E-004,8.596698517923885E-004)
 (-1.479330681942175E-003,1.040917525970890E-003)
 (-2.175553972178108E-003,-3.784455822111318E-004)
 (-9.929343656916336E-005,5.707697646472629E-004)
 (-7.811538638304354E-004,-1.358841512680682E-004)
 (0.000000000000000E+000,0.000000000000000E+000)
 (0.000000000000000E+000,0.000000000000000E+000)
 (0.203149505832245,0.159600654644901)
 (0.160177969291987,-1.922967250642848E-002)
 (1.795657408890536E-003,1.495733010791592E-002)
 (1.105504993176920E-002,-1.407153731125877E-002)
 (6.386995650894017E-004,5.320208280564436E-003)
 (-9.507782391705305E-003,-7.469619987865902E-003)
 (-4.197578701235957E-003,5.342936711768402E-003)
 (-1.353286375065603E-002,-1.063184401837354E-002)
 (-1.024075051433389E-002,1.229421823844600E-003)
 (-5.485045800956111E-004,6.981616100880151E-004)
 (-6.368151065527443E-003,7.645079857921846E-004)
 (-8.594682133366306E-004,-7.159125176710535E-003)
 (-8.594701603902913E-004,-7.159126786163779E-003)
 (-3.460104461042396E-004,4.404202293196250E-004)
 (-5.943549376570636E-003,7.135377215683270E-004)
 (-4.981300512919235E-004,-4.149272682123445E-003)
 (-9.970814695326063E-004,1.269151009336678E-003)
 (-4.683193601924646E-003,-3.679263431079322E-003)
 (-4.892726830835758E-003,5.873803416975439E-004)
 (-6.630011701052968E-004,8.439095744765556E-004)
 (-3.332392866534285E-004,-2.775769260888004E-003)
 (5.217724359476241E-005,-6.641144421475421E-005)
 (-1.613442801334525E-004,-1.343955341149370E-003)
 (-3.837025129540303E-005,4.884184690256228E-005)
 (-3.837032888834616E-005,4.884006637834896E-005)
 (-2.868102490047969E-003,3.443213232948627E-004)
 (-1.692460782076205E-003,-1.329651813016458E-003)
 (-2.747462030959463E-003,-2.158490687927566E-003)
 (-2.213792096349287E-003,2.657711848690998E-004)
 (-1.495928455200855E-003,1.795893150490268E-004)
 (-1.609382440672659E-003,1.932092692549315E-004)
 (-1.608753460580077E-003,1.931337029361474E-004)
 (-1.289569831078271E-004,-1.074178774819100E-003)
 (-1.349201918089132E-003,-1.059974930676876E-003)
 (-1.845761232276780E-003,-1.450089004065673E-003)
 (-1.327479822476157E-003,-1.042911705134477E-003)
 (-6.361023357895680E-005,-5.298506800589881E-004)
 (-4.537617665659017E-004,5.775765880941646E-004)
 (-8.143245757370369E-004,-6.397576872363923E-004)
 (1.795011690139625E-004,-2.284802248626665E-004)
 (0.000000000000000E+000,0.000000000000000E+000)
 (0.000000000000000E+000,0.000000000000000E+000)
 (0.486042595484389,-0.566505203789241)
 (-2.344925230015131E-002,-0.306745544113670)
 (5.421639349045719E-002,-4.144610201119898E-003)
 (-1.498544894504134E-002,-1.285702315722678E-002)
 (-1.935052909124649E-002,1.479264756284559E-003)
 (-1.928290792185982E-002,2.247513241509165E-002)
 (1.031909772643506E-003,8.853503218215331E-004)
 (-8.815398011055638E-003,1.027477000036976E-002)
 (1.196745000629989E-003,1.565491623223294E-002)
 (9.870605051258629E-004,8.468600238759465E-004)
 (6.154342014085237E-004,8.050698521518787E-003)
 (-6.879148577880845E-003,5.258780698094738E-004)
 (-6.879133792265941E-003,5.258713422180939E-004)
 (3.000589032850812E-003,2.574410298110515E-003)
 (3.096578515560905E-004,4.050737852621456E-003)
 (-2.949632696833059E-003,2.254780040168033E-004)
 (3.046703433638455E-003,2.613978920199956E-003)
 (-1.961617908130754E-003,2.286361639856550E-003)
 (3.253841865491979E-004,4.256467424104392E-003)
 (-1.023752978062690E-003,-8.783376622223822E-004)
 (1.717423849774112E-003,-1.312948703482569E-004)
 (-1.406614256256871E-003,-1.206819893541921E-003)
 (5.118119430874367E-004,-3.912783140127093E-005)
 (8.437111505038705E-004,7.238769340635681E-004)
 (8.437116060007006E-004,7.238818468356660E-004)
 (4.607882306492236E-005,6.027527583545219E-004)
 (-1.585172653339493E-003,1.847598343446389E-003)
 (-1.172806399764679E-003,1.366959664234801E-003)
 (2.303036584940105E-004,3.012725445354927E-003)
 (-4.317707686035925E-006,-5.646071499385213E-005)
 (1.337438628756797E-004,1.749496866385103E-003)
 (1.166389933418720E-005,1.525247719394002E-004)
 (1.777337794268094E-003,-1.358725131709670E-004)
 (-4.885207464557023E-004,5.693915900350896E-004)
 (-1.100639861805515E-003,1.282849214676357E-003)
 (5.251147754798295E-004,-6.120413385922902E-004)
 (7.331734340516402E-005,-5.603484275226982E-006)
 (2.265761793520089E-004,1.943963523735609E-004)
 (5.219716251464878E-005,-6.083613782527778E-005)
 (5.754728129114550E-004,4.937370642626279E-004)
 (0.000000000000000E+000,0.000000000000000E+000)
 (0.000000000000000E+000,0.000000000000000E+000)
 (-1.581445120214772E-007,8.405639022226661E-007)
 (-0.229539703107294,-0.556941269893033)
 (1.296426583405261E-002,-5.343091106267324E-003)
 (-4.516543539684793E-002,-1.880178234206993E-002)
 (-2.134568821683779E-002,8.797466290017555E-003)
 (1.104978011086872E-008,-2.156098078849759E-008)
 (8.070028170647280E-004,3.359324956650328E-004)
 (-4.328998347432031E-003,1.039908419603841E-002)
 (-2.313179242352817E-004,-5.612761803481908E-004)
 (8.103301847676820E-003,3.373294814620293E-003)
 (7.903417268777576E-004,1.917633067335743E-003)
 (2.961891171094416E-003,-1.220724487184399E-003)
 (-2.961909921227531E-003,1.220737307538751E-003)
 (1.261084504264103E-008,1.233284879984311E-008)
 (-4.324941760540411E-004,-1.049401214341377E-003)
 (-2.456528492118876E-003,1.012455617832396E-003)
 (1.163783811006706E-008,-1.465633113837242E-008)
 (1.284195025343028E-004,-3.084868372361240E-004)
 (-3.754033325439932E-004,-9.108449678274551E-004)
 (-2.408234281194522E-003,-1.002517631882872E-003)
 (7.655477125182390E-004,-3.155216340635587E-004)
 (-1.131991127827767E-003,-4.712321338439997E-004)
 (7.174738111677125E-004,-2.957019596648680E-004)
 (2.653384272299216E-003,1.104571223551462E-003)
 (-2.653396779346643E-003,-1.104578595076956E-003)
 (9.866619862096111E-009,6.341910833917847E-009)
 (-1.484999448511522E-004,3.567278895743046E-004)
 (4.499104625695189E-004,-1.080764226176850E-003)
 (-1.176000075757518E-004,-2.853299968045981E-004)
 (-1.089299309681271E-003,-2.643017960793509E-003)
 (-1.718663865489118E-004,-4.170013904383538E-004)
 (-6.597665346987262E-004,-1.600802710825250E-003)
 (-5.589532929963494E-004,2.303712514709464E-004)
 (-4.873421285540237E-004,1.170698353997077E-003)
 (6.726132711523985E-004,-1.615757586798003E-003)
 (-1.850900202501240E-004,4.446313899952351E-004)
 (7.894778233790112E-009,2.272064083154967E-009)
 (-3.912385797758771E-004,-1.628646828375239E-004)
 (3.725007547216188E-004,-8.948114515079536E-004)
 (2.228072491189434E-004,9.274639121464310E-005)
 (0.000000000000000E+000,0.000000000000000E+000)
 (0.000000000000000E+000,0.000000000000000E+000)
