 AAAAAA           2
 (-7.258517672260947E-004,-0.128269263668180)
 (-5.692715724750577E-004,-5.628638103154524E-004)
 (-8.054349905060165E-003,8.146025344252345E-003)
 (-7.921627891552735E-003,8.011792025209834E-003)
 (-1.537082963282502E-002,8.698116967201502E-005)
 (-1.537082805447159E-002,8.698055027469859E-005)
 (8.685560529794398E-005,1.534873385943341E-002)
 (-1.080929528142735E-002,6.116976503717968E-005)
 (2.095956262681688E-004,2.072371602462311E-004)
 (1.857345796382420E-004,1.836430389201317E-004)
 (-8.847374071802508E-003,5.006513916469644E-005)
 (-1.581478581371490E-004,-1.563660273775394E-004)
 (-7.706144002522014E-003,7.793854332119841E-003)
 (-7.706142867521672E-003,7.793854680433655E-003)
 (-7.218449965059764E-003,7.300612016297798E-003)
 (-6.674076826513176E-003,6.750040095278678E-003)
 (-6.208663210191645E-003,3.513443805489643E-005)
 (-6.208662021649610E-003,3.513408626159187E-005)
 (-6.184275762451109E-003,6.254664737837082E-003)
 (3.681494950488989E-005,6.505722223993573E-003)
 (3.681414456734402E-005,6.505721184924409E-003)
 (-5.682799155098828E-003,3.215834108746536E-005)
 (2.972338758547343E-005,5.252381728638142E-003)
 (2.972184507633912E-005,5.252379765254618E-003)
 (1.876825392371328E-005,3.316704723019870E-003)
 (1.830603997769558E-005,3.234992535590423E-003)
 (1.691149610707557E-005,1.672122103307694E-005)
 (2.108336059699321E-004,2.084609745484373E-004)
 (2.108349593852116E-004,2.084615670295378E-004)
 (1.691316656703668E-005,1.672104949222677E-005)
 (2.549749835956547E-004,2.521057905108189E-004)
 (2.549750895570751E-004,2.521062648770430E-004)
 (-2.822604862104347E-003,1.597255820379054E-005)
 (-1.150625146024945E-004,-1.137676539095241E-004)
 (1.414842933195146E-005,2.500265350451304E-003)
 (-6.205658986871130E-006,-6.136164109675122E-006)
 (-2.081163527963191E-003,2.104851930761932E-003)
 (-1.751800994194760E-003,1.771740410944885E-003)
 (-1.324039567281594E-003,7.492445870845997E-006)
 (7.165368596470894E-006,1.266375243387087E-003)
 (0.000000000000000E+000,0.000000000000000E+000)
 (0.000000000000000E+000,0.000000000000000E+000)
 (0.000000000000000E+000,0.000000000000000E+000)
 (0.000000000000000E+000,0.000000000000000E+000)
 (0.000000000000000E+000,0.000000000000000E+000)
 (-0.422863495016665,-0.701891322584545)
 (-0.223156545665313,-5.536040972923494E-002)
 (1.774674753898791E-002,-7.153670785317874E-002)
 (-7.322473125671222E-003,2.951671055186084E-002)
 (-6.987571303728384E-003,4.209763443417536E-003)
 (-6.987579054309127E-003,4.209750192423275E-003)
 (1.643045361088748E-002,2.727213225697854E-002)
 (4.785854489464501E-003,-2.883285550762800E-003)
 (7.269313396466963E-003,1.803362973651654E-003)
 (9.691261104869382E-003,2.404201328192062E-003)
 (8.041554142588189E-003,-4.844776556150329E-003)
 (6.881662482110861E-003,1.707204241904806E-003)
 (-7.336452904107738E-004,2.957267736359380E-003)
 (-7.336438245160210E-004,2.957268010622795E-003)
 (-1.264676896949935E-003,5.097875994797739E-003)
 (-3.397940376828396E-004,1.369600909246340E-003)
 (1.987021669448704E-003,-1.197113825356726E-003)
 (1.987031661608350E-003,-1.197109189462501E-003)
 (1.309136821577703E-003,-5.277133041097044E-003)
 (3.517839912141791E-003,5.839061516706662E-003)
 (3.517825599800491E-003,5.839054193088660E-003)
 (1.181140314851880E-003,-7.115854935438209E-004)
 (1.260995244915743E-003,2.093031536571280E-003)
 (1.260990002671761E-003,2.093032315926373E-003)
 (1.405922317839974E-003,2.333620332323470E-003)
 (1.917849399633996E-003,3.183343623295290E-003)
 (2.858638634792846E-003,7.091707598306262E-004)
 (3.287004065679114E-003,8.154341365404578E-004)
 (3.287011060721908E-003,8.154342873540147E-004)
 (2.858634362517141E-003,7.091565775578138E-004)
 (2.720024341730995E-003,6.747861120944118E-004)
 (2.720028413134923E-003,6.747847983824334E-004)
 (3.688922653104620E-004,-2.222413895475314E-004)
 (1.700060964111712E-003,4.217488198218804E-004)
 (-1.056066784318586E-003,-1.752929960424401E-003)
 (7.980509007693099E-004,1.979855393592370E-004)
 (-1.158338667486840E-005,4.669390763140876E-005)
 (-1.293119509311257E-004,5.212399238591340E-004)
 (4.817048815337925E-004,-2.902104009162077E-004)
 (7.255991412100463E-004,1.204387104286118E-003)
 (0.000000000000000E+000,0.000000000000000E+000)
 (0.000000000000000E+000,0.000000000000000E+000)
 (0.000000000000000E+000,0.000000000000000E+000)
 (0.000000000000000E+000,0.000000000000000E+000)
 (0.000000000000000E+000,0.000000000000000E+000)
 (-1.440613834832170E-007,-1.684880362538423E-007)
 (-0.273102309929163,-0.149891592093927)
 (3.120753759051301E-002,-5.686014098978049E-002)
 (-3.595974312221660E-002,3.579818305358744E-002)
 (1.325077794732450E-003,-1.406880572099911E-002)
 (-2.499844122464958E-002,7.281597093986449E-003)
 (2.386464148043164E-003,-8.323989001205059E-003)
 (1.555813881212443E-002,-4.531806326280075E-003)
 (3.017595009337164E-003,-4.186808357890565E-004)
 (-7.590587690320793E-004,-1.998316553902925E-003)
 (-3.333060939352954E-003,-9.555614920276608E-004)
 (3.843507393757605E-004,-4.143237840567822E-004)
 (-6.538544818673430E-003,5.350473504125208E-003)
 (8.045666969049666E-004,5.096805054967591E-003)
 (2.980549906068698E-003,-5.430569849271111E-003)
 (9.634391764384569E-004,3.991692857245948E-003)
 (-2.462254098785171E-003,-3.690150169073358E-005)
 (-1.230555396652404E-003,1.112553964112529E-003)
 (-6.495810673548769E-004,-7.846217127437101E-004)
 (-1.152136335413816E-003,4.018595537679218E-003)
 (2.388206748183738E-003,2.249239698142609E-004)
 (-3.126285769434975E-004,3.319392837533918E-003)
 (4.362880203842043E-004,1.138111703481895E-003)
 (-6.867693249050038E-004,1.214863168927851E-004)
 (1.324297724578588E-003,5.762791791493650E-004)
 (-1.079105342485920E-004,-2.501159300386647E-003)
 (-2.896401466464678E-004,2.397740513230307E-004)
 (-7.232306544011542E-004,-3.969359164436811E-004)
 (3.448962363194979E-004,-2.855157307651353E-004)
 (-3.177145771620807E-004,-5.731140408700504E-004)
 (9.020447510331632E-004,1.068998056404518E-003)
 (8.616350874686122E-004,-1.010048430255007E-004)
 (2.681938817903857E-003,-1.083716059566889E-003)
 (-1.156502906794541E-003,4.907239197121881E-004)
 (-1.116077650737656E-004,-4.158608973916919E-004)
 (6.376357103189729E-004,1.150224268589221E-003)
 (-1.176454310013164E-005,7.224658637505286E-004)
 (-5.831849925932381E-004,-1.599029971861828E-004)
 (5.918655237549754E-004,3.050054506055562E-004)
 (-8.106058915277734E-005,-2.782802690632658E-004)
 (0.000000000000000E+000,0.000000000000000E+000)
 (0.000000000000000E+000,0.000000000000000E+000)
 (0.000000000000000E+000,0.000000000000000E+000)
 (0.000000000000000E+000,0.000000000000000E+000)
 (0.000000000000000E+000,0.000000000000000E+000)
 (-6.839627542219156E-008,-4.675482563857224E-007)
 (-8.293610124892976E-002,0.194199301774699)
 (-4.043070765889714E-002,-1.726707721285272E-002)
 (2.179531347369139E-002,-1.363051066350992E-002)
 (1.040483370919690E-002,-2.610639010159357E-002)
 (6.575705768355140E-003,1.637867974736660E-002)
 (3.420053444541308E-003,5.969828622132115E-003)
 (-4.092209906403602E-003,-1.019303040663348E-002)
 (4.034072500872708E-003,-2.611330471687688E-003)
 (2.144871179548107E-003,1.848360047093946E-004)
 (2.390729425026941E-003,-1.369645573030412E-003)
 (1.055912137240278E-003,-4.134929865811450E-004)
 (2.996324419433738E-003,-3.785858256726370E-003)
 (4.432408351641479E-003,6.958459988707804E-003)
 (-3.861352873373898E-003,-1.649046585414863E-003)
 (3.546028036325486E-003,5.950170397411786E-003)
 (1.240284530684579E-003,2.220577181281160E-004)
 (-2.691881714800389E-004,2.197072932892821E-003)
 (-8.002962699460160E-004,-1.860880846449229E-003)
 (-1.651085247868007E-003,-2.882088071851729E-003)
 (4.430998650307071E-003,1.765912734686287E-003)
 (-2.454732077118528E-003,6.159170228398591E-003)
 (9.386382285233919E-004,-2.173476513744013E-004)
 (-1.252685254117998E-003,-5.992861250178121E-004)
 (2.510494529368497E-003,7.571526617480256E-004)
 (-4.939632495596689E-004,1.145697945516749E-003)
 (-6.867516363095207E-004,2.953733979877898E-004)
 (-2.196448991599444E-004,5.142929048778314E-004)
 (8.180001302434447E-004,-3.517615823301717E-004)
 (5.023095646035742E-004,1.363997164071927E-004)
 (-5.883523204959782E-004,-5.126346336336492E-004)
 (1.123907351625318E-003,-7.413601111309344E-004)
 (-4.678601572351881E-004,-2.314960680819755E-003)
 (-2.041678719814977E-003,1.074862408405216E-003)
 (-2.546665849019617E-004,1.169119233877750E-004)
 (-1.008589792010085E-003,-2.739368335692599E-004)
 (6.000435253572041E-004,7.973572887897847E-004)
 (-2.642468304913920E-004,-1.056469135171395E-003)
 (-5.307407383193316E-004,4.925732658137758E-004)
 (-1.824227756588773E-004,7.321036561215557E-005)
 (0.000000000000000E+000,0.000000000000000E+000)
 (0.000000000000000E+000,0.000000000000000E+000)
 (0.000000000000000E+000,0.000000000000000E+000)
 (0.000000000000000E+000,0.000000000000000E+000)
 (0.000000000000000E+000,0.000000000000000E+000)
 AAAAAA           3
 (0.149360042102658,-5.550471266051257E-002)
 (1.111726776998125E-003,-2.426655926861323E-003)
 (-9.793541890858064E-003,-4.486746327601376E-003)
 (-1.114268671165661E-002,-5.104835207686183E-003)
 (-6.457796205828638E-003,-1.737756590578511E-002)
 (-1.586194510396613E-002,5.894572508704224E-003)
 (-4.926137104755594E-003,-1.325595684948209E-002)
 (-4.097152305694202E-003,-1.102520686401356E-002)
 (-1.688455168386969E-004,3.685716576370146E-004)
 (-3.438812856771844E-004,7.506168985069166E-004)
 (-1.149651921776954E-002,-5.266937196504319E-003)
 (-2.725754620964817E-003,-7.334857168303569E-003)
 (6.785476325614107E-005,-1.481122251760354E-004)
 (-2.558059579981376E-003,-6.883596550865587E-003)
 (-9.333128692413317E-003,-4.275819768815074E-003)
 (-9.430557918746016E-003,-4.320450402297837E-003)
 (-6.971418216611622E-003,2.590694450946397E-003)
 (-8.794941564316851E-003,-4.029252666044481E-003)
 (-2.297536939789655E-003,-6.182541690922926E-003)
 (-2.134282963551222E-003,-5.743235101621548E-003)
 (-5.008999252442246E-003,1.861434266472312E-003)
 (-5.479062585205656E-003,2.036110850380741E-003)
 (-6.755064770533885E-003,-3.094719892066087E-003)
 (-4.845161055131515E-003,1.800542483270264E-003)
 (-2.436136042982739E-005,5.318211727123644E-005)
 (-3.590494033636778E-003,1.334290294737076E-003)
 (-1.994186850141976E-004,4.352885341198737E-004)
 (-2.974997658755839E-003,1.105560167023048E-003)
 (-2.506346220316485E-004,5.470826004683361E-004)
 (1.280019527759253E-004,-2.793934065871472E-004)
 (-3.294877392370165E-005,7.192131190970038E-005)
 (-6.766474723466243E-005,1.476980905282727E-004)
 (-9.141040423562584E-004,-2.459805064875160E-003)
 (9.099848270630132E-006,-1.986444366751628E-005)
 (-1.183552524121789E-004,2.583472378813498E-004)
 (-2.722605818984899E-003,-1.247315473148402E-003)
 (-1.921431015041445E-003,7.140366664560682E-004)
 (-2.271964959064625E-003,-1.040862538417724E-003)
 (-4.395567013975343E-004,-1.182825674909754E-003)
 (-1.160829916157411E-003,4.313843924215537E-004)
 (-8.280783260316068E-004,3.077278788981741E-004)
 (0.000000000000000E+000,0.000000000000000E+000)
 (0.000000000000000E+000,0.000000000000000E+000)
 (0.000000000000000E+000,0.000000000000000E+000)
 (0.000000000000000E+000,0.000000000000000E+000)
 (-0.290474601351085,0.744116099345938)
 (5.746651688427955E-002,0.131060032115632)
 (-6.129573123877358E-002,2.687661411327037E-002)
 (3.051089991347272E-002,-1.337835866757822E-002)
 (1.799409887429588E-002,7.024226768592472E-003)
 (1.161650236375287E-002,-2.975828970624950E-002)
 (-2.237844966414985E-003,-8.735932210917098E-004)
 (-6.017661070242320E-003,-2.349011126044613E-003)
 (-3.317116363748079E-003,-7.565114055340679E-003)
 (-4.650386068173082E-003,-1.060587895205318E-002)
 (3.415525354865080E-003,-1.497620708953792E-003)
 (-7.547148321005675E-003,-2.946089236997608E-003)
 (-3.309621912030208E-003,-7.547921558335263E-003)
 (-3.152254721367073E-003,-1.230524139053701E-003)
 (-5.940707348378082E-004,2.604769556944223E-004)
 (1.030530197005842E-003,-4.518174395905196E-004)
 (3.200093875517838E-003,-8.197748058818942E-003)
 (4.222798697802494E-003,-1.851577343735151E-003)
 (-4.027138347740876E-003,-1.572051627203144E-003)
 (-3.359682830126272E-003,-1.311528379827659E-003)
 (1.122868746014997E-003,-2.876490739533701E-003)
 (1.919685803739949E-003,-4.917755461480174E-003)
 (-2.861302220249636E-003,1.254633194996513E-003)
 (1.255415574315595E-003,-3.215966386830347E-003)
 (-1.770201720456077E-003,-4.037143757972371E-003)
 (1.624170145960314E-003,-4.160650547380060E-003)
 (-1.959864122024544E-003,-4.469783970866768E-003)
 (9.203369804456791E-004,-2.357690789804391E-003)
 (-1.503773240667025E-003,-3.429639175299601E-003)
 (-1.192459410866927E-003,-2.719598831097487E-003)
 (-1.418307077698152E-003,-3.234617228800965E-003)
 (-1.256497863766408E-003,-2.865579266399484E-003)
 (-6.140165844352037E-004,-2.396983012576920E-004)
 (-6.760126871858252E-004,-1.541756143126497E-003)
 (-8.812910313521906E-004,-2.009878073300359E-003)
 (4.969373971794117E-005,-2.176906150503728E-005)
 (-3.157784568163050E-004,8.089700632303113E-004)
 (4.917565231559316E-004,-2.156354268896211E-004)
 (-5.885972718915547E-004,-2.297583903240530E-004)
 (4.760105153322626E-004,-1.219406052986101E-003)
 (5.013666844070046E-004,-1.284359959487121E-003)
 (0.000000000000000E+000,0.000000000000000E+000)
 (0.000000000000000E+000,0.000000000000000E+000)
 (0.000000000000000E+000,0.000000000000000E+000)
 (0.000000000000000E+000,0.000000000000000E+000)
 (2.047574352728255E-007,7.398928850590756E-007)
 (-8.792950203443195E-002,-0.219245962531019)
 (8.277592424191613E-002,-3.319711775311425E-002)
 (-6.833137106569681E-002,2.740491739003355E-002)
 (2.003218551927647E-007,4.242956260165395E-009)
 (1.758246356493555E-003,-4.112965247947329E-003)
 (-2.027466922735578E-002,-8.667382084302778E-003)
 (1.671006033482838E-002,7.143579052699888E-003)
 (1.091287864516502E-003,2.720878153988431E-003)
 (-8.707829865855581E-004,-2.170981540619182E-003)
 (-8.330262021113482E-003,3.340881082776432E-003)
 (-2.524716977966387E-003,-1.079375815740788E-003)
 (-1.551544216202038E-004,-3.868449747613298E-004)
 (-2.533536246502997E-003,-1.083160185808265E-003)
 (-1.566849850253093E-003,6.283906335609257E-004)
 (-2.382348671882497E-003,9.554448123203047E-004)
 (-1.216977539521768E-003,2.846601591347430E-003)
 (4.845111511379503E-003,-1.943174567240894E-003)
 (3.790650307042188E-008,-5.273757715061240E-009)
 (-2.035315548616584E-003,-8.701011070181103E-004)
 (-2.106291431571080E-004,4.927201003491841E-004)
 (2.120780294405233E-008,7.917919328922080E-009)
 (2.053460294905947E-008,-4.224734103251481E-008)
 (-1.860580417059836E-004,4.351698157499844E-004)
 (3.712151869209136E-008,3.198517001430388E-008)
 (8.449119710619189E-004,-1.976452176083735E-003)
 (-2.668605678536107E-004,-6.654001062313615E-004)
 (-1.789703936344717E-004,4.187245985917707E-004)
 (4.369332503212456E-004,1.089561158416915E-003)
 (-1.052925918385154E-004,-2.625976990575598E-004)
 (-4.006432163173145E-004,-9.989947184240598E-004)
 (2.684096752831956E-008,2.124582014570497E-008)
 (2.453925773702425E-003,1.049038840225519E-003)
 (3.935572419854001E-004,9.813296089289372E-004)
 (1.995439201859946E-004,4.975221064158513E-004)
 (-8.875114475891601E-004,3.559359255939223E-004)
 (1.237907522709909E-004,-2.895515383251429E-004)
 (-7.216951137109168E-004,2.894281381147218E-004)
 (6.426535706758879E-004,2.747258856946856E-004)
 (1.270196242516795E-004,-2.971383791683436E-004)
 (1.754001841511384E-004,-4.102805736576099E-004)
 (0.000000000000000E+000,0.000000000000000E+000)
 (0.000000000000000E+000,0.000000000000000E+000)
 (0.000000000000000E+000,0.000000000000000E+000)
 (0.000000000000000E+000,0.000000000000000E+000)
 (-6.924214111875028E-002,0.335634675943697)
 (8.927378927904492E-002,0.135682531639859)
 (-6.875406555769407E-002,4.523742355481072E-002)
 (2.061244388858115E-002,-1.356199387675079E-002)
 (-3.143930606950323E-002,-6.486032569684512E-003)
 (1.681360517794304E-003,-8.149953310555021E-003)
 (1.876157782837803E-002,3.870517228892790E-003)
 (-3.230065704234764E-003,-6.663663467878128E-004)
 (-2.829911245336987E-003,-4.301075022890385E-003)
 (1.914247602329596E-003,2.909422380221591E-003)
 (2.410785395107116E-004,-1.586066119953533E-004)
 (3.713117230463655E-003,7.660096195741555E-004)
 (2.695557954122060E-003,4.096890035913868E-003)
 (2.316420994233583E-003,4.778597975252182E-004)
 (6.482754816279118E-003,-4.265381872167164E-003)
 (6.449671790998980E-003,-4.243603250961218E-003)
 (-6.374533885048080E-004,3.089717364292060E-003)
 (-1.741877893641487E-004,1.146285522235520E-004)
 (8.355915386841660E-003,1.723820617611911E-003)
 (4.788723999359003E-003,9.879226757769271E-004)
 (-3.063878496219758E-004,1.485126433689600E-003)
 (8.861227731931765E-004,-4.295313786768002E-003)
 (-1.067647129947422E-003,7.024593930391732E-004)
 (-6.631581243717192E-004,3.214453052514455E-003)
 (7.914306975264103E-004,1.202838178218095E-003)
 (2.071751951693912E-006,-9.969870510257439E-006)
 (1.055395989617049E-003,1.604048239800107E-003)
 (4.414721851947111E-004,-2.139899753051536E-003)
 (8.267692167133672E-004,1.256579701484664E-003)
 (1.733797194673451E-003,2.635112977890619E-003)
 (5.496370832802059E-004,8.353760124356382E-004)
 (-2.013706164297206E-004,-3.060474420676923E-004)
 (-5.659403265619731E-004,-1.167572144587450E-004)
 (1.239861456339803E-003,1.884410475191670E-003)
 (-7.065496557183578E-004,-1.073860073648873E-003)
 (1.528683234631631E-003,-1.005810748719112E-003)
 (-2.552617205005625E-004,1.237327707672315E-003)
 (-8.814786669928515E-004,5.799731927100839E-004)
 (7.515890129576525E-004,1.550426510493231E-004)
 (2.630133200644399E-006,-1.277064106836920E-005)
 (1.978729916968974E-005,-9.592434141447864E-005)
 (0.000000000000000E+000,0.000000000000000E+000)
 (0.000000000000000E+000,0.000000000000000E+000)
 (0.000000000000000E+000,0.000000000000000E+000)
 (0.000000000000000E+000,0.000000000000000E+000)
 AAAAAA           4
 (-0.176726877333521,-0.108595236466882)
 (-5.383148823867315E-003,1.285455172025988E-003)
 (1.858501011372235E-003,7.783112582137660E-003)
 (3.077340314843947E-003,1.288722109281316E-002)
 (-1.191038027616038E-002,1.938284247721058E-002)
 (1.608509886331956E-002,9.883973411150907E-003)
 (-6.706340468619487E-003,1.091384198049151E-002)
 (-6.609533645463373E-003,1.075628116874632E-002)
 (5.994507801392379E-004,-1.431435568292116E-004)
 (3.390096340055168E-003,1.419707364356091E-002)
 (1.469109635279315E-003,-3.508057924979730E-004)
 (-4.497843172021532E-003,7.319748803712250E-003)
 (2.568849314659507E-003,1.075785225825317E-002)
 (7.328130596751774E-003,4.502995138729234E-003)
 (-7.204090293869751E-005,1.720039226049585E-005)
 (-3.533750823434239E-003,5.750779942756048E-003)
 (-3.981164111892033E-003,6.478912487403744E-003)
 (2.279954352183909E-003,9.548006004057372E-003)
 (2.102383674603477E-003,8.804361456502489E-003)
 (-3.165021032856891E-003,5.150724472006280E-003)
 (4.616730436737054E-003,2.836883100377278E-003)
 (1.331502383849941E-004,-3.179172042035864E-005)
 (4.303511139233556E-003,2.644428734631527E-003)
 (4.493120025404554E-003,2.760932579455138E-003)
 (3.850390032233151E-003,2.365995979420942E-003)
 (1.407125148543422E-003,5.892756235496628E-003)
 (7.687046229072966E-004,-1.835602652615636E-004)
 (-4.760487587907312E-004,1.136735672325389E-004)
 (9.093974388757471E-004,-2.171561669685565E-004)
 (2.606307427236692E-003,1.601525376790159E-003)
 (1.546355535457979E-004,-3.692572792081846E-005)
 (5.012868600701152E-005,-1.197350910861493E-005)
 (-1.255953979331975E-003,2.043928927225812E-003)
 (-3.004811632009897E-005,7.176182328302829E-006)
 (7.096465369305475E-004,2.971859749883626E-003)
 (2.452415580596694E-004,-5.856224921057793E-005)
 (5.771313273904327E-004,2.416903725830942E-003)
 (1.317020078380622E-003,8.092831229104486E-004)
 (8.876177530507045E-004,5.454247742299440E-004)
 (-6.304752474107518E-004,1.026029614885916E-003)
 (9.935895663626046E-004,6.105411547908739E-004)
 (6.286255929736057E-004,3.862773169694752E-004)
 (0.000000000000000E+000,0.000000000000000E+000)
 (0.000000000000000E+000,0.000000000000000E+000)
 (0.000000000000000E+000,0.000000000000000E+000)
 (0.589821918642193,0.203716385641468)
 (6.189324623184057E-002,-3.011493752522355E-002)
 (1.983037199953049E-002,4.075635884388791E-002)
 (-1.082188197601011E-002,-2.224159478682995E-002)
 (1.120889699499039E-002,-3.245324074954113E-002)
 (-2.719052129143627E-002,-9.391224797502568E-003)
 (-3.373032264208542E-003,9.766034070446352E-003)
 (-2.825887457745875E-003,8.181688140288719E-003)
 (-6.964726042012460E-003,3.388787650821705E-003)
 (-1.291571743798022E-003,-2.654461720467679E-003)
 (-1.186862100463635E-002,5.774798868745562E-003)
 (-1.667927272614048E-003,4.829313887980343E-003)
 (1.063405086067705E-003,2.185634404866937E-003)
 (-9.556063932471083E-003,-3.300504106691437E-003)
 (-8.443317505331095E-003,4.108211004808088E-003)
 (-2.514456341027941E-003,7.280141101390207E-003)
 (-2.364444550397926E-003,6.845814241534594E-003)
 (2.725661397150312E-004,5.601580961243201E-004)
 (-1.374190051931114E-003,-2.824302229390179E-003)
 (-1.588678008602130E-003,4.599547423460150E-003)
 (-3.863175051146916E-003,-1.334321812698329E-003)
 (-5.384565901814296E-003,2.619900898393066E-003)
 (-4.035542969811142E-003,-1.393803642736617E-003)
 (-3.249774802426548E-003,-1.122419974331665E-003)
 (-4.768766823162880E-003,-1.647043272617574E-003)
 (7.460067444202956E-004,1.533195377185719E-003)
 (-5.912464283583767E-003,2.876767048533679E-003)
 (-4.029444432902418E-003,1.960576567290379E-003)
 (-4.261155828340952E-003,2.073309661437756E-003)
 (-1.918110372913854E-003,-6.625018644318378E-004)
 (-3.566297424944080E-003,1.735251405183490E-003)
 (-2.382032197101689E-003,1.158997570917409E-003)
 (-3.385904449691027E-004,9.803319990060926E-004)
 (-2.315449369695993E-003,1.126631529675806E-003)
 (1.207713417904678E-004,2.481778143379095E-004)
 (-1.307616238450784E-003,6.362509656267913E-004)
 (-2.255082994008932E-004,-4.635112623822557E-004)
 (6.499448656527643E-005,2.244252672049899E-005)
 (-1.677514730253354E-003,-5.793870048706145E-004)
 (-2.167370611267412E-004,6.275120843959149E-004)
 (-9.669331365810215E-004,-3.339665245929365E-004)
 (-8.062160851603777E-004,-2.784596113320116E-004)
 (0.000000000000000E+000,0.000000000000000E+000)
 (0.000000000000000E+000,0.000000000000000E+000)
 (0.000000000000000E+000,0.000000000000000E+000)
 (0.442910311311865,0.430913680408064)
 (0.158194485864359,-2.171956370314268E-003)
 (1.487536758195010E-003,0.108353562221632)
 (-6.105547503464904E-004,-4.446577799416683E-002)
 (-1.973920214629503E-002,2.028875942193278E-002)
 (-1.058430241575368E-002,-1.029760342012216E-002)
 (1.065980337749570E-002,-1.095659199421248E-002)
 (-2.004281314547950E-003,2.060075498972535E-003)
 (-7.327202793289356E-003,1.006101774848563E-004)
 (-3.348542431679224E-005,-2.440239159421116E-003)
 (2.023431621350575E-003,-2.778104729963574E-005)
 (1.240954222806360E-003,-1.275488875021081E-003)
 (-7.164085968688666E-005,-5.218342934831714E-003)
 (5.323258414342910E-004,5.179085853555565E-004)
 (2.751600347137066E-003,-3.777708066406721E-005)
 (1.091727853039364E-003,-1.122119112036628E-003)
 (4.403410158179470E-003,-4.525993520714966E-003)
 (-7.397620992019636E-005,-5.388916400673687E-003)
 (-2.146413164337708E-005,-1.563921424572867E-003)
 (2.423346108741451E-003,-2.490816453277570E-003)
 (1.380128205170317E-003,1.342747174367737E-003)
 (1.881022215765723E-004,-2.577586061259368E-006)
 (1.634944581820380E-003,1.590664665823619E-003)
 (-2.772760862483846E-003,-2.697653812172180E-003)
 (-6.270081610291555E-004,-6.100246110012948E-004)
 (1.705578674853544E-005,1.241391950108812E-003)
 (9.148388881328118E-004,-1.256211951952275E-005)
 (2.872587988371950E-003,-3.943382611585008E-005)
 (9.823057548876298E-004,-1.349386174083682E-005)
 (-1.372834071960209E-003,-1.335645539290702E-003)
 (3.535805432772841E-004,-4.853403750913486E-006)
 (-6.942190655054128E-004,9.537646618231758E-006)
 (-1.028475266477073E-004,1.057057449401816E-004)
 (1.903899369298384E-003,-2.613757127798347E-005)
 (-2.194895884438216E-005,-1.599014986744464E-003)
 (-1.284932373239208E-003,1.764737473058038E-005)
 (1.018908194171018E-005,7.420907882496407E-004)
 (6.426310907273840E-004,6.252231578462235E-004)
 (-4.080264912298483E-004,-3.969798692892259E-004)
 (3.239148499260248E-004,-3.329312218469994E-004)
 (-2.580218087461722E-004,-2.510303941892708E-004)
 (2.785144563800129E-004,2.709709445844637E-004)
 (0.000000000000000E+000,0.000000000000000E+000)
 (0.000000000000000E+000,0.000000000000000E+000)
 (0.000000000000000E+000,0.000000000000000E+000)
 (-1.437887374779579E-008,4.318530795252958E-007)
 (8.433455728923515E-003,-0.180319548880076)
 (0.104548904529861,4.890145729979433E-003)
 (-8.414689469782637E-002,-3.935399864038835E-003)
 (-2.163860786839262E-008,-9.003405866319553E-008)
 (1.599983866836208E-003,-1.456993957868097E-003)
 (-1.267273398687876E-002,-1.391633792658869E-002)
 (1.194518048578313E-002,1.311740219755050E-002)
 (-1.259470968092521E-004,2.693753112800426E-003)
 (-8.339471502173543E-003,-3.900851602203883E-004)
 (1.225073719250945E-004,-2.619554921512069E-003)
 (-1.436923125697976E-003,-1.577975920151037E-003)
 (-1.434451957745295E-003,-6.708666072538017E-005)
 (-1.904536996838755E-003,1.734308712635043E-003)
 (-7.844470705932617E-006,1.678257933206680E-004)
 (-1.155482441147107E-003,-1.268922720664858E-003)
 (2.802051902652703E-008,-6.485112239330948E-009)
 (-2.086571777921115E-003,-9.762503340789616E-005)
 (4.120366069161875E-003,1.927259395418998E-004)
 (-1.532669095072902E-003,-1.683111663626623E-003)
 (-1.716663617636347E-004,1.563319242304618E-004)
 (6.771672973238839E-009,-4.381764605770068E-009)
 (-5.627090011081857E-004,5.124088044954532E-004)
 (1.208722118059043E-008,1.012713263726244E-008)
 (1.509365808052965E-003,-1.374517334895456E-003)
 (-1.749437816639461E-009,-3.050941514479501E-008)
 (6.196607126532775E-005,-1.324935561515736E-003)
 (1.959966942051450E-005,-4.184399101758774E-004)
 (-5.808559562920499E-005,1.241577932409112E-003)
 (-2.778352038721750E-004,2.530306895690742E-004)
 (5.715384214106283E-005,-1.221943750090588E-003)
 (2.288963346723987E-008,-8.796101679054036E-009)
 (1.475299298036131E-003,1.620090012294566E-003)
 (-3.631621219178410E-005,7.765097289235927E-004)
 (-1.046271511764536E-003,-4.893545250509825E-005)
 (-1.804006165884749E-005,3.859062498175363E-004)
 (-9.106143412999847E-004,-4.258907236197354E-005)
 (1.998870007280280E-004,-1.820247481101966E-004)
 (3.301755819080328E-004,-3.006848264212374E-004)
 (3.929336350524742E-004,4.314865181645966E-004)
 (2.730721467870745E-004,-2.486761640964111E-004)
 (3.782304455247133E-004,-3.444349191082839E-004)
 (0.000000000000000E+000,0.000000000000000E+000)
 (0.000000000000000E+000,0.000000000000000E+000)
 (0.000000000000000E+000,0.000000000000000E+000)
 AAAAAA           5
 (-0.206875846607896,0.209872381658299)
 (7.966296692649144E-005,1.107419384725332E-002)
 (1.543744026954482E-004,-1.090801529377949E-006)
 (1.484758974324812E-002,-1.067838732565565E-004)
 (2.130919260655803E-002,2.100494254743255E-002)
 (1.548863990022568E-002,-1.571299614624621E-002)
 (7.792992312528421E-003,7.681703372575783E-003)
 (9.275965830479569E-003,9.143541298934001E-003)
 (-8.729305143190545E-006,-1.214008468342605E-003)
 (1.718522365838205E-002,-1.235613405830434E-004)
 (7.152262505503540E-003,7.050141626390750E-003)
 (-2.021294917590359E-005,-2.811599013089830E-003)
 (7.335063334094814E-003,-7.441302626339775E-003)
 (1.176511576429004E-002,-8.458895510920963E-005)
 (6.127442565766750E-003,6.039950143852973E-003)
 (-2.372761699099733E-006,-3.309426307654161E-004)
 (3.991381477907984E-003,3.934405992314898E-003)
 (-3.692129145649163E-006,-5.124882607261702E-004)
 (9.191525950722430E-003,-6.608898820630190E-005)
 (3.889705064956891E-003,-3.946055646789493E-003)
 (3.916848442991001E-003,-3.973580782013404E-003)
 (8.439068404390460E-003,-6.067616486504150E-005)
 (4.147161894686100E-003,4.087961224876232E-003)
 (-1.094397513441589E-005,-1.521950233590031E-003)
 (3.564806050216297E-003,-3.616449631076562E-003)
 (4.869808511409729E-006,6.770633127612045E-004)
 (3.326072454698650E-003,-3.374244272038526E-003)
 (4.894934972291319E-003,-3.519884614975590E-005)
 (-1.125739004689656E-005,-1.565329010187707E-003)
 (-2.645611173435848E-006,-3.678260043537616E-004)
 (2.077937515968727E-003,-2.108042289039309E-003)
 (1.481359252677586E-003,1.460213243916588E-003)
 (-2.957683380999718E-007,-4.139415591593301E-005)
 (2.649306524123632E-007,3.709352912450425E-005)
 (3.123110250203692E-003,-2.246033994051191E-005)
 (9.373247204572133E-004,-9.508932785790463E-004)
 (2.463816737650793E-003,-1.771425467918947E-005)
 (-1.527345685481434E-006,-2.122426952106395E-004)
 (5.660833165990265E-004,-5.742834933339058E-004)
 (8.206961830560345E-004,-8.325817400091416E-004)
 (7.820469436328174E-004,-5.623130649092846E-006)
 (8.147450475905313E-004,8.031133130222981E-004)
 (0.000000000000000E+000,0.000000000000000E+000)
 (0.000000000000000E+000,0.000000000000000E+000)
 (0.000000000000000E+000,0.000000000000000E+000)
 (0.266596225418173,-0.287876631001984)
 (-7.034314370027309E-004,-1.833068654146684E-002)
 (2.194227191315067E-002,-8.420609684145759E-004)
 (-1.245751573638863E-002,4.780460959727150E-004)
 (-3.400181473524092E-002,-3.148833852326415E-002)
 (-1.568114480158935E-002,1.693281790234281E-002)
 (1.039017742059476E-002,9.622067263270960E-003)
 (8.070033321169538E-003,7.473516345011832E-003)
 (2.601060687918168E-004,6.777982683344633E-003)
 (-7.997260473118553E-004,3.071356070429041E-005)
 (5.193166598264996E-003,4.809249646366295E-003)
 (5.069500017622201E-004,1.320866934623583E-002)
 (-6.689537536477422E-003,7.223532321229797E-003)
 (3.186171635499842E-003,-1.222595012708407E-004)
 (6.648788545939623E-003,6.157271873225329E-003)
 (3.463613456957176E-004,9.024760638617686E-003)
 (4.960128785951890E-003,4.593480611020342E-003)
 (2.861125406977247E-004,7.455558579687682E-003)
 (1.622774090880050E-003,-6.226459179107838E-005)
 (-3.181013204046707E-003,3.434865420355749E-003)
 (-3.570025376049801E-003,3.855010446207983E-003)
 (-1.419561240253109E-003,5.448878412590380E-005)
 (3.912229001293671E-003,3.623044671274138E-003)
 (2.916674228444760E-004,7.600157238190484E-003)
 (-2.854392116520991E-003,3.082248639971964E-003)
 (2.224515585632175E-004,5.796198570651974E-003)
 (-1.400371220899476E-003,1.512172687671626E-003)
 (1.015886337334196E-003,-3.899345230678686E-005)
 (1.980775640492202E-004,5.161093978781029E-003)
 (1.483112940150401E-004,3.864305808525210E-003)
 (-1.037561171616492E-003,1.120358699003527E-003)
 (1.003960553975876E-003,9.297420791319286E-004)
 (1.154585242340206E-004,3.007852578890128E-003)
 (8.269344237334591E-005,2.154797113424952E-003)
 (5.642067869411624E-004,-2.165998928119653E-005)
 (-1.455447671154946E-003,1.571653413520456E-003)
 (-3.334817906925969E-004,1.278695912377169E-005)
 (3.625760643384703E-005,9.449269191919896E-004)
 (-7.866360169337596E-004,8.494281711543242E-004)
 (-1.537594709508112E-004,1.660266808571900E-004)
 (-7.917710742691010E-005,3.034981516261056E-006)
 (4.748869373136301E-004,4.397849238120685E-004)
 (0.000000000000000E+000,0.000000000000000E+000)
 (0.000000000000000E+000,0.000000000000000E+000)
 (0.000000000000000E+000,0.000000000000000E+000)
 (0.384619811252759,0.661762537037729)
 (0.140929907188022,3.732629687810922E-002)
 (-3.285282973224918E-002,0.124039152950441)
 (1.503678603371492E-002,-5.677323433146553E-002)
 (-1.905490558377604E-002,1.107484033471484E-002)
 (-9.898732385949578E-003,-1.703138104812034E-002)
 (8.370993445801972E-003,-4.865258903110144E-003)
 (-4.855206434943568E-003,2.821871922679206E-003)
 (-9.297960057534501E-003,-2.462620188882157E-003)
 (7.978667307663844E-004,-3.012386147625036E-003)
 (-2.203802396553268E-004,1.281008051913005E-004)
 (-6.880876109495162E-004,-1.822491610959720E-004)
 (-7.662667941023486E-004,-1.318399832959098E-003)
 (5.853379020916011E-004,-2.210023903123271E-003)
 (2.624156814739672E-003,-1.525171859487428E-003)
 (-3.375828403178059E-004,-8.939723455588609E-005)
 (-8.753580825400833E-004,5.087641702088687E-004)
 (-1.616213369325310E-003,-4.280587157113561E-004)
 (7.828733977642613E-004,-2.955801504962040E-003)
 (7.995615997347966E-004,1.375706794682148E-003)
 (-8.016685391260318E-004,-1.379336161952071E-003)
 (4.536061691757257E-004,-1.712672418022958E-003)
 (1.295541408059728E-003,-7.529665662854030E-004)
 (-7.963479456505496E-004,-2.109158061367521E-004)
 (5.243173280337341E-004,9.021040659905812E-004)
 (2.113642017406819E-003,5.598249069572717E-004)
 (-1.474361118384671E-003,-2.536732601550555E-003)
 (-2.961887481554535E-004,1.118320412504765E-003)
 (4.955897694971275E-005,1.312091911993413E-005)
 (-4.984467358949942E-004,-1.320180190348489E-004)
 (-7.941642675411746E-004,-1.366407487887014E-003)
 (-2.450033825469935E-004,1.423954520396443E-004)
 (1.043214692501402E-003,2.763031421503346E-004)
 (-8.586835780851557E-004,-2.274231404484615E-004)
 (2.881490413168093E-004,-1.087937552519489E-003)
 (-5.630899047825970E-004,-9.688395866314618E-004)
 (-1.566137697545691E-004,5.912934025102420E-004)
 (-1.043754334931311E-003,-2.764426269690668E-004)
 (3.509627232931025E-004,6.038505136595668E-004)
 (2.010678049326084E-004,3.459511441670517E-004)
 (1.242219335879984E-004,-4.690113306155318E-004)
 (1.619750323558596E-004,-9.414286568336047E-005)
 (0.000000000000000E+000,0.000000000000000E+000)
 (0.000000000000000E+000,0.000000000000000E+000)
 (0.000000000000000E+000,0.000000000000000E+000)
 (-6.050188345327156E-008,-1.096779234381807E-007)
 (0.100449460087516,-0.105708409921726)
 (8.865516636089410E-002,8.424521497490103E-002)
 (-6.890734884925544E-002,-6.547935667872884E-002)
 (1.224522113000194E-007,5.229698458268824E-008)
 (6.633454624916193E-004,-1.690412219022892E-005)
 (-4.469900429056294E-004,-1.752373797429273E-002)
 (4.435369942430945E-004,1.738789853765977E-002)
 (-1.314729430320895E-003,1.383666845852862E-003)
 (-5.646030912884509E-003,-5.365175279684693E-003)
 (-3.010237509438237E-005,-1.181759931952748E-003)
 (2.099258002854055E-003,-2.209149063800574E-003)
 (-2.337710270121478E-003,5.962981399412699E-005)
 (-9.037869862340536E-004,-8.588371585115705E-004)
 (1.720698380881097E-008,9.718112805059124E-009)
 (-5.633402501649478E-004,5.928447212228405E-004)
 (-2.285760384715081E-005,-8.971093982299525E-004)
 (3.167330220089715E-009,2.591045805697962E-008)
 (-1.174898272394455E-003,-1.116480647374191E-003)
 (-6.702369830868553E-005,1.715456178233477E-006)
 (2.106029425193904E-003,-5.372919206224129E-005)
 (2.247484370698493E-003,2.135692844511573E-003)
 (-4.911016523689224E-005,-1.925940949973062E-003)
 (1.481630584726352E-003,-1.559191614153139E-003)
 (-9.502973093073883E-004,2.424636858763793E-005)
 (4.431656405898985E-004,-4.663391275984424E-004)
 (1.162239403545728E-009,3.784049206037349E-009)
 (1.818903324622953E-008,1.218129501616775E-009)
 (-9.477347399910886E-004,9.973504047286368E-004)
 (8.052746490731544E-004,-8.474266351091765E-004)
 (-3.247662452082854E-004,8.286225829099414E-006)
 (4.323103190935867E-005,1.695117753890659E-003)
 (-3.912625641701084E-004,4.117507715033259E-004)
 (-4.385997300903095E-011,1.861099355794686E-008)
 (-7.363205933146986E-004,-6.996999955587991E-004)
 (4.790045973069515E-004,-1.222142176362896E-005)
 (-6.884188008699367E-004,-6.541670238939444E-004)
 (-1.495690349839147E-004,1.574133051448746E-004)
 (5.063683321732172E-004,-1.291445683117599E-005)
 (2.551779337215302E-004,-6.508445665897008E-006)
 (-5.661048597980790E-005,-5.379758118674790E-005)
 (1.128852160077298E-005,4.423485072337107E-004)
 (0.000000000000000E+000,0.000000000000000E+000)
 (0.000000000000000E+000,0.000000000000000E+000)
 (0.000000000000000E+000,0.000000000000000E+000)
 AAAAAA           6
 (0.209171000334200,-3.295093304789699E-002)
 (3.372371932441449E-003,-4.633561677190676E-003)
 (-7.183888567837359E-003,-5.228549034338946E-003)
 (-9.581745356164420E-003,-6.973765117295886E-003)
 (-2.656094855295491E-003,-1.686076062313884E-002)
 (-2.656092927693604E-003,-1.686076546786941E-002)
 (-1.894955590830611E-002,2.985144377970338E-003)
 (-1.855671713552478E-003,-1.177976201856697E-002)
 (-3.724192968386428E-004,5.116865499716132E-004)
 (-6.278932998110769E-004,8.627156423935348E-004)
 (-1.084733973518059E-002,-7.894861915929908E-003)
 (-1.140721982659563E-003,-7.241283491372222E-003)
 (-9.302584056573911E-003,-6.770570924184461E-003)
 (-9.074924458151565E-003,-6.604874219666765E-003)
 (-8.389212269771651E-003,1.321562275278889E-003)
 (-1.035418115996472E-003,-6.572804555945494E-003)
 (-5.308244576011089E-006,7.292820273097633E-006)
 (-7.765032995974675E-003,-5.651516901937418E-003)
 (-9.425998028682139E-004,-5.983564643431867E-003)
 (-6.875657537828061E-003,1.083127126053588E-003)
 (-9.048917472264462E-004,-5.744189995426772E-003)
 (-5.187249961047110E-003,8.171536739797060E-004)
 (-5.393330806299477E-003,-3.925349438992276E-003)
 (-4.241009530022192E-003,6.680883295810324E-004)
 (-1.146288461417904E-004,1.574954638336291E-004)
 (-3.641570183228261E-003,5.736602788728770E-004)
 (-4.698770098692812E-004,6.456032985762226E-004)
 (-3.686991746281960E-003,5.808160429993340E-004)
 (-2.557913425136106E-004,3.514566540469483E-004)
 (-2.557995018814688E-004,3.514567142153824E-004)
 (-1.531142759172401E-004,2.103718778951983E-004)
 (-4.649102825054878E-004,-2.951240757806900E-003)
 (-2.910600279695395E-004,3.999067266955145E-004)
 (8.973020466144014E-005,-1.232886987452750E-004)
 (-2.568517708757916E-003,-1.869408784312574E-003)
 (3.521029218765476E-005,-4.837796491423750E-005)
 (-1.800985665889367E-003,2.837151487394728E-004)
 (-2.272429572174787E-004,-1.442519671067871E-003)
 (-1.432968691492984E-003,2.257379984842080E-004)
 (-1.636684053133005E-003,-1.191203512814524E-003)
 (-9.241971087037937E-004,1.455932548487145E-004)
 (0.000000000000000E+000,0.000000000000000E+000)
 (0.000000000000000E+000,0.000000000000000E+000)
 (0.000000000000000E+000,0.000000000000000E+000)
 (0.000000000000000E+000,0.000000000000000E+000)
 (0.836952545209356,-0.101774603936241) (0.156733775508524,-0.200129017180048)
 (6.429240922470229E-002,5.035162943005342E-002)
 (-3.147976071614892E-002,-2.465384068936005E-002)
 (-7.416573521058193E-004,-6.099369204149792E-003)
 (-7.416951350013099E-004,-6.099272664095510E-003)
 (-3.157154752842631E-002,3.839150013525326E-003)
 (1.128353908850454E-003,9.279419496852209E-003)
 (-6.038689443801499E-003,7.710603106236641E-003)
 (-7.091858218990471E-003,9.055360632140557E-003)
 (-3.735474179901587E-003,-2.925507136400242E-003)
 (4.897268535052385E-004,4.027376816953759E-003)
 (-2.802942914394274E-003,-2.195139172201948E-003)
 (-1.983516391690309E-003,-1.553460836672044E-003)
 (-9.632381403899940E-003,1.171329435054699E-003)
 (7.950516469799758E-004,6.538124912815480E-003)
 (-4.332555615194124E-003,5.532117236329404E-003)
 (-2.693971504418322E-004,-2.109819899717318E-004)
 (3.880741707128812E-004,3.191506248518903E-003)
 (-6.586121363949770E-003,8.008954781905297E-004)
 (3.655676749167572E-004,3.006129400668776E-003)
 (-2.815458144274570E-003,3.423685786669321E-004)
 (2.086214690747016E-003,1.633856364804847E-003)
 (-2.867290963848921E-003,3.486648306090250E-004)
 (-2.863593605684485E-003,3.656432369536463E-003)
 (-3.577918524356345E-003,4.350782857284279E-004)
 (-2.662088924950248E-003,3.399133056107604E-003)
 (-3.564241035993284E-003,4.334414209764123E-004)
 (-2.433350936907116E-003,3.107083021035704E-003)
 (-2.433345091102574E-003,3.107078479153221E-003)
 (-2.046700738801243E-003,2.613392471420766E-003)
 (1.915731391900376E-004,1.575346867835076E-003)
 (-1.806061244998173E-003,2.306107633040160E-003)
 (-1.331638238652310E-003,1.700314992954576E-003)
 (-4.905824302367997E-004,-3.842088369022245E-004)
 (-1.010051630599009E-003,1.289703901979597E-003)
 (6.669390520221509E-004,-8.109911819277022E-005)
 (1.001157726717175E-004,8.233010433970590E-004)
 (-1.219204044303040E-003,1.482591663105891E-004)
 (-3.531108029976406E-004,-2.765405389314927E-004)
 (-1.277320902671715E-003,1.553215219393204E-004)
 (0.000000000000000E+000,0.000000000000000E+000)
 (0.000000000000000E+000,0.000000000000000E+000)
 (0.000000000000000E+000,0.000000000000000E+000)
 (0.000000000000000E+000,0.000000000000000E+000)
 (0.121245811507047,0.236087334977118)
 (-0.172290329000048,-5.537169488836020E-002)
 (1.687981126923340E-003,-5.252446663784658E-003)
 (-1.829535824530893E-002,5.692685856518298E-002)
 (-7.856740008901459E-003,4.034951526240281E-003)
 (-7.856831947564417E-003,4.034951923908456E-003)
 (-2.858300713288017E-003,-5.565604889268954E-003)
 (1.069518699110214E-002,-5.492635262460271E-003)
 (2.557563005503988E-003,8.219835891268791E-004)
 (-3.298909576921468E-005,-1.059298195484552E-005)
 (-1.453046090621158E-003,4.521258044250493E-003)
 (2.550176093346108E-003,-1.309663168708692E-003)
 (1.714109041710553E-003,-5.333453107208501E-003)
 (6.943346631378645E-004,-2.160428260859697E-003)
 (1.453335972979119E-003,2.829881110167044E-003)
 (2.665097236507661E-003,-1.368705832207133E-003)
 (2.833786190936122E-003,9.107288088299275E-004)
 (8.629293512736353E-004,-2.684969339462055E-003)
 (1.104568370554890E-003,-5.672575212936021E-004)
 (-7.045865537596309E-004,-1.371957693141423E-003)
 (4.455071538928155E-003,-2.287976972273368E-003)
 (6.425404045294600E-004,1.251147439477903E-003)
 (1.191536965532859E-004,-3.707113506503594E-004)
 (5.021259324084835E-004,9.777125701988713E-004)
 (1.768696641800385E-003,5.684382848830872E-004)
 (-1.425936958430702E-004,-2.776518456379543E-004)
 (1.688710213833849E-003,5.427392347173617E-004)
 (-8.874039524396961E-004,-1.727958417473021E-003)
 (3.318389980612346E-004,1.066427202830645E-004)
 (3.318427022618751E-004,1.066491043288977E-004)
 (-2.204458263061142E-004,-7.085480394205504E-005)
 (1.872007496988956E-003,-9.614007669044812E-004)
 (2.704938860930007E-004,8.693698035207455E-005)
 (1.394661842409676E-003,4.482302373237291E-004)
 (2.065557271100132E-005,-6.425695107736617E-005)
 (1.996182303089546E-003,6.415421175085180E-004)
 (3.600027213161629E-004,7.010164802575099E-004)
 (9.668006622668395E-004,-4.965164884789699E-004)
 (-1.113151746242559E-004,-2.167335238652891E-004)
 (-1.809125861562887E-004,5.629040410382981E-004)
 (-2.930441787969771E-004,-5.705924892569936E-004)
 (0.000000000000000E+000,0.000000000000000E+000)
 (0.000000000000000E+000,0.000000000000000E+000)
 (0.000000000000000E+000,0.000000000000000E+000)
 (0.000000000000000E+000,0.000000000000000E+000)
 (7.411999921016920E-007,-1.057951492957841E-007)
 (0.449391026177957,-0.273779726701749)
 (2.865105362583911E-002,4.702863441614070E-002)
 (-1.483990902576848E-002,-2.435846093966462E-002)
 (-1.021511671331730E-002,4.206630202995765E-002)
 (1.021514830864038E-002,-4.206615948530941E-002)
 (6.735496415537467E-008,-1.005781981810239E-008)
 (-3.308555148372002E-003,1.362470337255738E-002)
 (-7.907973338496981E-003,4.817766188124014E-003)
 (6.954225550398653E-004,-4.236877584256429E-004)
 (-1.717682414453513E-003,-2.819453288275632E-003)
 (-3.114911457606526E-004,1.282807568555959E-003)
 (2.725241612984059E-003,4.473257329918263E-003)
 (-3.677929707545356E-003,-6.037072572169564E-003)
 (2.041295744515733E-008,-5.408921947052636E-009)
 (5.011049976110257E-010,-4.602397443960677E-008)
 (8.517378768025929E-004,-5.189033731897695E-004)
 (-3.045810023636335E-003,-4.999483989036580E-003)
 (3.280026272829875E-004,-1.350745702052526E-003)
 (-4.621043445087015E-003,-1.122138609286314E-003)
 (1.113442384531668E-003,-4.585127882064641E-003)
 (-1.051261327491969E-003,-2.552900444155712E-004)
 (5.391985193379097E-004,8.850773228433512E-004)
 (2.030887348595921E-003,4.931645263638431E-004)
 (-4.085706567521687E-004,2.489151178064639E-004)
 (-2.858902930361717E-003,-6.942381721943792E-004)
 (-5.913667427664946E-005,3.603202473935795E-005)
 (1.434003719185564E-003,3.482279041494180E-004)
 (1.399001908288243E-003,-8.523106499112585E-004)
 (-1.398997818991664E-003,8.523215921949152E-004)
 (8.402584440966604E-009,-1.237128345204102E-008)
 (-6.383894052840156E-004,2.628874061816226E-003)
 (-1.910272245734328E-003,1.163795045011413E-003)
 (1.854447772141746E-003,-1.129774506659112E-003)
 (-5.303013183277457E-004,-8.704474226969950E-004)
 (5.288481864698946E-009,-9.113272018440601E-009)
 (-1.820390523759714E-004,-4.420611291900323E-005)
 (-4.893750270535974E-005,2.015167395723448E-004)
 (1.891633656539241E-004,4.593834006196065E-005)
 (3.609703241519079E-004,5.925168858302326E-004)
 (3.285618779266048E-004,7.978718781668424E-005)
 (0.000000000000000E+000,0.000000000000000E+000)
 (0.000000000000000E+000,0.000000000000000E+000)
 (0.000000000000000E+000,0.000000000000000E+000)
 (0.000000000000000E+000,0.000000000000000E+000)
 AAAAAA           7
 (0.299578312984854,6.022779535285142E-002)
 (1.099467259685226E-002,-7.313843306561356E-003)
 (-1.783051091308144E-003,-2.680402974727429E-003)
 (-7.200751113181622E-003,-1.082459638790376E-002)
 (4.139919317967153E-003,-2.059231845672137E-002)
 (-2.212267504708854E-002,-4.447595175067690E-003)
 (3.004420908333128E-003,-1.494425178504419E-002)
 (2.484526101585715E-003,-1.235827961034153E-002)
 (-1.063441811584978E-003,7.074134971864016E-004)
 (-8.579720659488272E-003,-1.289753550386285E-002)
 (-1.864366014974298E-003,1.240211905889537E-003)
 (1.659382524773204E-003,-8.253929049135847E-003)
 (-9.851874707868299E-003,-1.980642266219587E-003)
 (-5.720596574140317E-003,-8.599541351041009E-003)
 (-6.132978428773734E-003,-9.219470554057158E-003)
 (-5.900992073536715E-003,-8.870729439876966E-003)
 (1.064121105240461E-003,-5.293053520244647E-003)
 (-2.912931079273520E-004,1.937737095442281E-004)
 (1.310433608223178E-003,-6.518194924407377E-003)
 (1.133601133637357E-003,-5.638658963056468E-003)
 (-5.238243664855207E-003,-1.053115060264008E-003)
 (-6.380976425547043E-003,-1.282846075248696E-003)
 (-4.285957102462219E-004,2.851118628000182E-004)
 (-4.561069755793287E-003,-9.169693224137942E-004)
 (-2.927741815152227E-003,-4.401158159989692E-003)
 (-1.058773906227786E-003,7.043165161792364E-004)
 (-8.315027495464693E-004,5.531302674819021E-004)
 (-4.127741309033531E-003,-8.298485027997235E-004)
 (-3.649112154142810E-003,-7.336273407202216E-004)
 (2.069630054114178E-004,-1.376806002945357E-004)
 (-3.982989281088895E-004,2.649546855435783E-004)
 (-4.529713827213266E-004,3.013235766680612E-004)
 (5.400675839173559E-004,-2.686360223847794E-003)
 (-1.794128444680275E-003,-2.697045161399660E-003)
 (5.613294900774955E-005,-3.734013414049764E-005)
 (-4.275853548835407E-004,2.844357517937192E-004)
 (2.707392532683847E-004,-1.346683975732250E-003)
 (-1.305489569199330E-003,-2.624586617506354E-004)
 (-1.194363401607941E-003,-2.401177631822062E-004)
 (-1.432573079831691E-003,-2.880090072971527E-004)
 (-1.084881709559277E-003,-1.630862958130076E-003)
 (-3.597863793195822E-004,-5.408544109515166E-004)
 (0.000000000000000E+000,0.000000000000000E+000)
 (0.000000000000000E+000,0.000000000000000E+000)
 (0.000000000000000E+000,0.000000000000000E+000)
 (0.701308023771200,0.332076676572524)
 (0.158594171701104,-5.666624972605128E-002)
 (2.689510211075249E-002,7.527259169136483E-002)
 (-1.411935927407789E-002,-3.951653636845354E-002)
 (6.324850493859307E-003,-1.335736099777846E-002)
 (-2.688522759328749E-002,-1.273041876590958E-002)
 (-1.133457838852471E-003,2.393661415348025E-003)
 (-4.852027458527658E-003,1.024691171726102E-002)
 (-9.275605468211268E-003,3.314182416602915E-003)
 (-1.227554948240426E-003,-3.435701246539495E-003)
 (-1.129347037723192E-002,4.035180945248453E-003)
 (-2.536445429544539E-003,5.356640183537726E-003)
 (-9.278407979374039E-003,-4.393396810187868E-003)
 (4.814106875081637E-004,1.347321791781262E-003)
 (-7.571549635684788E-004,-2.119079693643889E-003)
 (-1.943931079117776E-004,-5.440380937931087E-004)
 (-2.834019978545166E-003,5.985144312084714E-003)
 (-7.303147589425778E-003,2.609422475230244E-003)
 (-2.167547683859994E-003,4.577620556246323E-003)
 (-1.697450427917269E-003,3.584869913707668E-003)
 (-2.545853737073769E-003,-1.205484634701344E-003)
 (-4.104308292040293E-003,-1.943431113851140E-003)
 (-5.675263005307412E-003,2.027796141407310E-003)
 (-3.498835089607953E-003,-1.656719973798465E-003)
 (6.428383148989606E-004,1.799133176698207E-003)
 (-4.653221965837536E-003,1.662605029780339E-003)
 (-4.751576462271047E-003,1.697757048003768E-003)
 (-2.855848937912357E-003,-1.352269710518959E-003)
 (-2.559750917414716E-003,-1.212057672957641E-003)
 (-2.727875032876309E-003,9.746710266215772E-004)
 (-3.052839524598079E-003,1.090778229268563E-003)
 (-3.227927294037816E-003,1.153352333970935E-003)
 (-7.649686614526084E-004,1.615547176381986E-003)
 (-1.101897756375608E-004,-3.083935974182904E-004)
 (-1.911895544746745E-003,6.831312652383145E-004)
 (-1.972300965237836E-003,7.047145204744087E-004)
 (-3.393340623704336E-004,7.166482221087675E-004)
 (1.539172621833991E-004,7.287792932598402E-005)
 (-1.499066364514958E-003,-7.098282223672297E-004)
 (-8.678936439919205E-004,-4.109577891389402E-004)
 (-1.076998418203127E-004,-3.014189738774331E-004)
 (-6.178996404723419E-005,-1.729399472844389E-004)
 (0.000000000000000E+000,0.000000000000000E+000)
 (0.000000000000000E+000,0.000000000000000E+000)
 (0.000000000000000E+000,0.000000000000000E+000)
 (0.350414222804915,0.140400099999020)
 (-3.385825317025302E-002,1.448768698217552E-002)
 (6.828944345758588E-003,1.595971913415872E-002)
 (1.721906677958483E-002,4.024198836439687E-002)
 (-7.381849497946558E-003,1.842380392952580E-002)
 (-5.461285471181920E-003,-2.188161249286058E-003)
 (5.176505730390055E-004,-1.291944483671703E-003)
 (3.312571902758592E-003,-8.267623127529152E-003)
 (-2.517509228432007E-004,1.077249966928449E-004)
 (8.852931640585210E-004,2.068949452702372E-003)
 (1.026031335013779E-003,-4.390405514837193E-004)
 (1.438585494035999E-003,-3.590456957710395E-003)
 (2.637606542408449E-003,1.056807479127071E-003)
 (-1.216507394196062E-003,-2.843048974751277E-003)
 (-1.609781779168342E-003,-3.762132482713741E-003)
 (-1.073512066727305E-003,-2.508855429752798E-003)
 (1.224371026014538E-003,-3.055793575091848E-003)
 (3.270476615788917E-003,-1.399407330356154E-003)
 (2.097243845848153E-003,-5.234357443974521E-003)
 (5.705973741091416E-004,-1.424117706224434E-003)
 (1.877242428739181E-003,7.521535700570941E-004)
 (-1.867058119347946E-003,-7.480626603332893E-004)
 (1.639631227549554E-003,-7.015777685527016E-004)
 (-1.512286240550352E-003,-6.059201654790864E-004)
 (-1.432237309494528E-004,-3.347311764618306E-004)
 (1.936266178207956E-003,-8.285107115549872E-004)
 (4.766177787010229E-004,-2.039389866443837E-004)
 (1.603129241246409E-003,6.423261938538536E-004)
 (-5.988807945721793E-004,-2.399506402290559E-004)
 (1.948935232354618E-003,-8.339263651886393E-004)
 (1.682544449889529E-005,-7.204460267286583E-006)
 (-3.108387838771154E-005,1.329698298136803E-005)
 (5.163596905875767E-004,-1.288750333768206E-003)
 (-1.058168623952001E-004,-2.472923540244032E-004)
 (1.945258272074462E-003,-8.323572942068305E-004)
 (-2.616059338770723E-004,1.119406898997126E-004)
 (2.962878558678826E-004,-7.394879290024569E-004)
 (5.219666743089754E-004,2.091348406619142E-004)
 (-7.078307527673434E-004,-2.836046407797558E-004)
 (-3.086003822978766E-004,-1.236470505985493E-004)
 (2.904094146651936E-004,6.787109512449722E-004)
 (-3.032646597377919E-004,-7.087429678573331E-004)
 (0.000000000000000E+000,0.000000000000000E+000)
 (0.000000000000000E+000,0.000000000000000E+000)
 (0.000000000000000E+000,0.000000000000000E+000)
 (0.138914182745963,5.598437373151988E-002)
 (0.343740825783184,-0.146262626827224)
 (3.683688255458271E-002,8.657258891802028E-002)
 (-2.928538103357090E-002,-6.882539668111409E-002)
 (-1.786841030157054E-002,4.433693537509920E-002)
 (1.078151177512321E-003,4.345116037528027E-004)
 (1.316930854150465E-002,-3.267710330722484E-002)
 (-4.837885782837909E-003,1.200427009328212E-002)
 (-1.125640418664814E-002,4.789610255163376E-003)
 (-2.370656688223827E-003,-5.571420902195329E-003)
 (5.919604201294157E-003,-2.518807789388475E-003)
 (-6.073311245594444E-004,1.506973868556494E-003)
 (9.590916830883432E-004,3.865305758948681E-004)
 (-1.392006995734955E-003,-3.271431188362570E-003)
 (1.478496787890054E-003,3.474682697017496E-003)
 (-1.673577880176558E-003,-3.933168977598340E-003)
 (3.859753523604620E-004,-9.577464170488518E-004)
 (2.049764680443028E-003,-8.721802239771288E-004)
 (1.128937558630838E-003,-2.801216152968377E-003)
 (1.223193687173433E-003,-3.035097850743587E-003)
 (1.312520883753017E-003,5.289626625064008E-004)
 (-2.664881737929344E-003,-1.073990588363837E-003)
 (-9.205544641669321E-004,3.916937925113338E-004)
 (1.451111626180111E-003,5.848188134402404E-004)
 (3.445091093013467E-004,8.096602399917600E-004)
 (1.079682286835288E-003,-4.594095154102698E-004)
 (2.485722981322756E-003,-1.057683083336804E-003)
 (1.695305907962202E-003,6.832262989740996E-004)
 (-1.475677273281640E-003,-5.947135147750678E-004)
 (1.616953679957788E-003,-6.880252538807015E-004)
 (-9.325934245371503E-004,3.968176501590460E-004)
 (1.547489618526079E-003,-6.584607827146095E-004)
 (-5.792293205404819E-004,1.437260215421115E-003)
 (-5.778502594566831E-004,-1.358041831955582E-003)
 (9.164996592996714E-004,-3.899705469026876E-004)
 (-1.845703235635606E-003,7.853488347090178E-004)
 (-2.012199705514597E-004,4.992977499557661E-004)
 (8.738673449292386E-005,3.521536766848067E-005)
 (3.616719993563530E-004,1.457566809767267E-004)
 (1.120761442090183E-004,4.516949765700403E-005)
 (4.499065516393799E-005,1.057336734003830E-004)
 (-7.379216261853086E-006,-1.734702599331294E-005)
 (0.000000000000000E+000,0.000000000000000E+000)
 (0.000000000000000E+000,0.000000000000000E+000)
 (0.000000000000000E+000,0.000000000000000E+000)
 AAAAAA           8
 (0.474571315257699,-0.201755009405079)
 (1.244938648327299E-002,-3.086269610431912E-002)
 (1.500141103963846E-002,6.051271330863962E-003)
 (-1.671948909854155E-002,-6.744310374427267E-003)
 (-1.153847024132965E-002,-2.714094954732941E-002)
 (-2.744794751915859E-002,1.166896363229825E-002)
 (-4.440957209204209E-003,-1.044606931204481E-002)
 (-4.296081881527093E-003,-1.010532335372382E-002)
 (-1.309080522182324E-003,3.245310014962921E-003)
 (-1.661420886574797E-002,-6.701839364303738E-003)
 (-3.315845875994901E-003,-7.799597894878526E-003)
 (-2.024114913606839E-003,5.017912380730866E-003)
 (-1.222077514028781E-002,5.195420371865108E-003)
 (-9.655176618129448E-003,-3.894703170816768E-003)
 (-2.556296055604658E-003,-6.012939590940299E-003)
 (-9.801149672856124E-003,-3.953584743787305E-003)
 (-9.002905056956396E-003,-3.631582333668955E-003)
 (-7.963665546800481E-004,1.974243588688709E-003)
 (-6.967233654047904E-004,1.727162733157610E-003)
 (-1.302523802889564E-003,-3.063838483461724E-003)
 (-1.820686117653694E-003,-4.282655314039798E-003)
 (-5.240905394117711E-003,2.228059609335969E-003)
 (-5.863064577627956E-003,2.492558859775209E-003)
 (-5.827197912236885E-003,2.477324099126380E-003)
 (-1.027223587903559E-003,2.546532655499653E-003)
 (-9.775389990143001E-004,2.423386195500304E-003)
 (-4.199161092525225E-003,1.785211034878331E-003)
 (-5.271338615620098E-005,1.307008232366932E-004)
 (-3.649955542797511E-003,-1.472312691223062E-003)
 (-3.640205102721431E-003,1.547561067539632E-003)
 (-5.056152193149337E-004,1.253447659738639E-003)
 (-3.046874918205989E-004,7.553220042463351E-004)
 (-8.309653729088003E-004,-1.954596355156339E-003)
 (-3.011808461529906E-003,-1.214898609438382E-003)
 (-1.030169711125483E-004,2.554026852964778E-004)
 (-1.789160577908282E-003,7.606260268252685E-004)
 (-2.652452208279229E-004,6.575575118411341E-004)
 (-4.706918282049902E-004,-1.107183223461656E-003)
 (-1.730035982325591E-003,-6.978636299466879E-004)
 (-7.873563158635063E-004,-3.175989937085962E-004)
 (-9.213692445968115E-004,3.917016147651332E-004)
 (-1.414871974868822E-003,6.015041477117554E-004)
 (-7.131343812783815E-005,-1.677520625388846E-004)
 (-8.324564597826968E-004,3.538995407034067E-004)
 (0.000000000000000E+000,0.000000000000000E+000)
 (0.422746340582019,-0.267866010677132)
 (1.822463897692613E-002,-8.126373765476458E-002)
 (5.736532464208476E-002,1.286503419082637E-002)
 (-3.268187808610088E-002,-7.329401564323317E-003)
 (-1.390826811563500E-002,-2.195001818389234E-002)
 (-1.823089468536533E-002,1.155167869341864E-002)
 (6.448850526078175E-003,1.017757654506428E-002)
 (8.206848290009588E-003,1.295206454145162E-002)
 (-1.764944988635873E-003,7.869902249570454E-003)
 (1.580193637294353E-003,3.543945896468883E-004)
 (5.405931409113499E-003,8.531651692017245E-003)
 (-2.660680796234140E-003,1.186407247031481E-002)
 (-7.320490735762021E-003,4.638477976761667E-003)
 (4.558574190481410E-003,1.022332509169654E-003)
 (4.679618678067213E-003,7.385395030482411E-003)
 (7.571371525121973E-004,1.698170486577975E-004)
 (2.704573710567668E-003,6.065329449009762E-004)
 (-1.653472260283568E-003,7.372870993697421E-003)
 (-1.792735785757415E-003,7.993871403909523E-003)
 (3.876478931811751E-003,6.117884304283118E-003)
 (3.071640170525864E-003,4.847670585331225E-003)
 (-2.299805469970934E-003,1.457214935755317E-003)
 (-2.667659368002165E-003,1.690316356384389E-003)
 (-1.423818628633522E-003,9.021813801450744E-004)
 (-1.306208285273829E-003,5.824385753764334E-003)
 (-1.180709385071299E-003,5.264838135288998E-003)
 (-2.364085520678509E-003,1.497947844447630E-003)
 (-9.211582219761186E-004,4.107465648852505E-003)
 (1.867003396330960E-003,4.187023017006339E-004)
 (-1.202994644490547E-003,7.622613292619363E-004)
 (-7.450271048444235E-004,3.322075096296628E-003)
 (-5.463501159521987E-004,2.436194479729474E-003)
 (1.226436500998873E-003,1.935570909876762E-003)
 (6.515698893728047E-004,1.461194738364360E-004)
 (-5.867070517891178E-004,2.616144693103466E-003)
 (-1.511680773233132E-003,9.578458329428613E-004)
 (-2.663502760310211E-004,1.187640079651026E-003)
 (5.219754266919313E-004,8.237883492260862E-004)
 (5.837032473460835E-005,1.309461981073796E-005)
 (6.421967561298410E-006,1.439820328205754E-006)
 (-4.088759393260613E-005,2.591075620051739E-005)
 (-3.460009857341285E-004,2.192298302007412E-004)
 (7.250469248890096E-004,1.144277282907285E-003)
 (-3.692200810264333E-004,2.339474347123479E-004)
 (0.000000000000000E+000,0.000000000000000E+000)
 (-0.547102547283547,0.233825346155218)
 (-4.385400392568577E-002,0.109317833700540)
 (-7.582352409970949E-002,-3.041737932044107E-002)
 (9.031783929933455E-003,3.623212047266675E-003)
 (-1.469055484605465E-002,-3.437280932734250E-002)
 (8.182771390587401E-003,-3.497218329832554E-003)
 (3.721129795650661E-003,8.706671910509127E-003)
 (-3.643600090333887E-004,-8.525276712236456E-004)
 (2.906723438309302E-003,-7.245799144630507E-003)
 (4.977145348428098E-004,1.996591588153781E-004)
 (4.094206843562012E-004,9.579546964095445E-004)
 (-5.720656231247458E-004,1.426026249190634E-003)
 (-1.566837190879419E-003,6.696483248317751E-004)
 (1.133492236386044E-003,4.547110187292982E-004)
 (1.361525497971496E-003,3.185691733178094E-003)
 (1.407003643199221E-003,5.644355949100206E-004)
 (1.768638487071662E-003,7.095108188636620E-004)
 (4.983616780000632E-005,-1.242350459338211E-004)
 (-6.347488210730944E-004,1.582277275720244E-003)
 (3.602916858062885E-004,8.430003384974559E-004)
 (4.471673394013097E-004,1.046276212213306E-003)
 (-2.633710403326288E-003,1.125621820386793E-003)
 (9.592116502868963E-004,-4.099560330131785E-004)
 (2.001873740525009E-003,-8.555783098237553E-004)
 (-1.432933898633605E-004,3.572001315975353E-004)
 (-6.214841997464109E-004,1.549216682208816E-003)
 (-1.525505687339933E-003,6.519859458209475E-004)
 (-8.050605394029070E-004,2.006827776516634E-003)
 (-4.818221215165631E-004,-1.932878224897221E-004)
 (8.308301008421279E-004,-3.550852991409082E-004)
 (-5.201933180909600E-005,1.296730011522611E-004)
 (2.719750148027215E-004,-6.779701981284328E-004)
 (1.899219199120875E-005,4.443411602396904E-005)
 (4.254880143534783E-004,1.706905468594700E-004)
 (-6.304486182391420E-004,1.571566095136112E-003)
 (8.521909934507806E-004,-3.642164285434103E-004)
 (3.973339002525712E-004,-9.904601507672614E-004)
 (3.745168232140368E-005,8.763010035513922E-005)
 (-6.752986639925576E-004,-2.709028569268910E-004)
 (8.674643008499822E-004,3.479928531648009E-004)
 (-2.947415019399238E-004,1.259688955335530E-004)
 (3.305258481299282E-004,-1.412627481892390E-004)
 (2.636573364550025E-004,6.169007415889276E-004)
 (-3.814719817572273E-004,1.630381699777039E-004)
 (0.000000000000000E+000,0.000000000000000E+000)
 (-8.066196666306293E-002,2.912589210877022E-002)
 (-0.108463524203926,0.231061300883590)
 (-8.676743543452124E-002,-4.072987991593938E-002)
 (9.270674257392025E-002,4.351789590643635E-002)
 (-1.162279794436077E-002,-3.218845205393746E-002)
 (-1.895376001379553E-004,6.843992131116668E-005)
 (8.225023077942234E-003,2.277854804673221E-002)
 (-4.742654894865980E-003,-1.313440888152271E-002)
 (5.012584258358948E-003,-1.067834763509812E-002)
 (6.512684881800929E-003,3.057150075521102E-003)
 (-1.613200165640055E-003,-4.467631466297054E-003)
 (-2.315158810050611E-003,4.931994009004793E-003)
 (1.021450267905240E-003,-3.688293417882866E-004)
 (7.228971277373331E-004,3.393280864796350E-004)
 (-2.332724267682400E-004,-6.460234338673691E-004)
 (-2.959585451332217E-003,-1.389265815968728E-003)
 (1.411950209597777E-003,6.627872005692788E-004)
 (9.435077809141983E-004,-2.009962673231986E-003)
 (2.888114346645841E-004,-6.152800055226283E-004)
 (-4.407474384741565E-004,-1.220604399560522E-003)
 (6.655828863110512E-004,1.843274311094190E-003)
 (-7.293054132678354E-004,2.633412386757922E-004)
 (-1.681005406939900E-003,6.069832151956705E-004)
 (1.261260261017295E-003,-4.554243139721379E-004)
 (-1.076970709134520E-003,2.294284164806623E-003)
 (3.489294306899715E-005,-7.433626289914885E-005)
 (-1.586881380950761E-005,5.734185655537801E-006)
 (-1.970633594609900E-004,4.198128747501106E-004)
 (-8.570935656182122E-004,-4.023308991651100E-004)
 (8.246897761231848E-004,-2.977852252273242E-004)
 (-6.100634161730967E-004,1.299622025800381E-003)
 (3.813472010897037E-004,-8.123911009594950E-004)
 (-4.141806956567259E-004,-1.147048856049468E-003)
 (1.098455498688056E-003,5.156285819234480E-004)
 (-8.090491430700596E-005,1.723553530119033E-004)
 (-7.062340176570711E-004,2.550117013391765E-004)
 (5.934659842638195E-004,-1.264269095549489E-003)
 (-2.681010492861054E-004,-7.424933343545448E-004)
 (4.898679013501751E-004,2.299513611465834E-004)
 (-4.327229103572165E-004,-2.031257080439655E-004)
 (5.767900800510996E-005,-2.082634911701101E-005)
 (-1.328655020330009E-004,4.797448809444841E-005)
 (-1.695613689343206E-004,-4.695851529462878E-004)
 (-5.939321166639464E-004,2.144602880968575E-004)
 (0.000000000000000E+000,0.000000000000000E+000)
 AAAAAA           9
 (0.198477167976722,0.462107140935770)
 (4.459868236038605E-002,1.779872585304788E-002)
 (-4.288320850375709E-003,1.074537094185106E-002)
 (5.296522980529275E-003,-1.327162187273251E-002)
 (1.692870843903743E-002,-7.270955967283876E-003)
 (1.692870596155866E-002,-7.270952501715597E-003)
 (-1.135874042638056E-002,-2.644613594360612E-002)
 (1.039801726258728E-002,-4.465995173368492E-003)
 (6.134071559576322E-003,-1.537030214095013E-002)
 (-2.601504609072993E-003,-1.038228596389999E-003)
 (-3.765153970345016E-003,-1.502621664967761E-003)
 (6.995273659342074E-003,-3.004498659937479E-003)
 (-4.941541772338416E-003,-1.150519189954488E-002)
 (4.937394159919413E-003,-1.237176078124216E-002)
 (4.230262335554865E-003,-1.059988326145058E-002)
 (3.486837000404329E-003,-8.737069878127338E-003)
 (4.497490177466069E-003,-1.931697310561766E-003)
 (-3.300722469592762E-003,-7.684952105658943E-003)
 (3.374107191344646E-003,-1.449197276085526E-003)
 (-1.198937365955461E-003,-4.784803703274491E-004)
 (4.965204010969388E-003,-2.132572830332459E-003)
 (-2.111793582332479E-003,-4.916815096098404E-003)
 (-1.327124431110983E-003,-5.296458326871804E-004)
 (-1.894873685736243E-003,-7.562157327531899E-004)
 (-1.901623836991461E-003,-4.427488399727931E-003)
 (1.615602654716729E-003,-4.048252254266100E-003)
 (-1.950485702440694E-003,-4.541245399186411E-003)
 (-1.361571662911203E-003,-5.433836297550946E-004)
 (-1.361568354366580E-003,-5.433854338906727E-004)
 (2.620250204411276E-003,-1.125406753034481E-003)
 (-1.432000018402754E-003,-3.334084483717564E-003)
 (-1.133231671315105E-003,-4.522577055003425E-004)
 (-1.067151289761084E-003,-4.258864669705762E-004)
 (1.274740550826267E-003,-3.194148055668277E-003)
 (-1.352027686772143E-004,-5.396037427667583E-005)
 (-3.165281089022042E-005,-1.263207002486133E-005)
 (1.264525158650342E-003,-5.431161454895651E-004)
 (-7.012289992238490E-004,-1.632647736918450E-003)
 (3.210350985879043E-004,-8.044229019526169E-004)
 (-4.309210258148239E-004,-1.003298198972015E-003)
 (-6.165290120093317E-004,-1.435438687894087E-003)
 (5.755639638703458E-004,-2.472054447368732E-004)
 (2.066526397913300E-004,-8.876011058023741E-005)
 (-2.767327911031201E-004,-6.443076440700434E-004)
 (0.000000000000000E+000,0.000000000000000E+000)
 (0.336111046066823,0.617637905897071)
 (0.257456210320296,7.599569411070230E-002)
 (-2.257695232137090E-002,7.648565921166009E-002)
 (1.241914731660401E-002,-4.207324695840862E-002)
 (8.068181965065470E-004,-4.390713082444388E-004)
 (8.068209706465011E-004,-4.390581119912725E-004)
 (-1.160613638494915E-002,-2.132743953381459E-002)
 (-1.249832709713545E-002,6.801444168137894E-003)
 (2.660643360333584E-004,-9.013744166640404E-004)
 (-9.823369094542093E-003,-2.899660985790229E-003)
 (-1.090263793196281E-002,-3.218229956048411E-003)
 (-7.580903406260980E-003,4.125428771939854E-003)
 (-4.189662860221040E-003,-7.698918299454207E-003)
 (-2.823214047981561E-004,9.564665286307503E-004)
 (-2.638976775588190E-004,8.940038529688495E-004)
 (-6.986982827473302E-004,2.367019129875550E-003)
 (-4.267647906256454E-003,2.322401018405598E-003)
 (-1.929790153248363E-003,-3.546184288815015E-003)
 (-5.937185794284493E-003,3.230944929648586E-003)
 (-6.622837769577786E-003,-1.954923774101399E-003)
 (-4.508467961919616E-003,2.453450790278847E-003)
 (-8.517905911546973E-004,-1.565252955453785E-003)
 (-5.780796570617224E-003,-1.706374447891576E-003)
 (-5.046595169304937E-003,-1.489648940402857E-003)
 (-1.369682553848835E-003,-2.516929524994010E-003)
 (-6.698904689513493E-004,2.269438373615793E-003)
 (-1.036614813345158E-003,-1.904888473136082E-003)
 (-3.681371060492687E-003,-1.086662676104974E-003)
 (-3.681368496197205E-003,-1.086666400028675E-003)
 (-2.641776279211593E-003,1.437627438868559E-003)
 (-1.021509635494491E-003,-1.877124246053945E-003)
 (-2.903824422280317E-003,-8.571448740050112E-004)
 (-2.438098262272559E-003,-7.196774941443990E-004)
 (1.648219690644804E-005,-5.583723074681976E-005)
 (-2.166285791364425E-003,-6.394448452974160E-004)
 (-1.941409026057007E-003,-5.730612191561087E-004)
 (-1.142697193468703E-003,6.218428307830026E-004)
 (-3.062682428097464E-004,-5.627978717215859E-004)
 (1.105206384411844E-004,-3.744195113486132E-004)
 (4.814227971922255E-005,8.846496792248444E-005)
 (-5.690376682062227E-004,-1.045665691398728E-003)
 (-7.869779803854716E-004,4.282648355671182E-004)
 (-1.014234437530619E-003,5.519343428114722E-004)
 (-7.473135402917852E-004,-1.373262338995273E-003)
 (0.000000000000000E+000,0.000000000000000E+000)
 (-5.488988786052884E-002,-0.325979462452270)
 (0.122532736695510,8.721443998515632E-002)
 (5.418491899860201E-003,-7.612745469697466E-003)
 (3.159381876079816E-002,-4.438792805735151E-002)
 (7.629279654983927E-003,-1.284663254386297E-003)
 (7.629282535210357E-003,-1.284655029519803E-003)
 (5.023227891915660E-004,2.983211861019150E-003)
 (-8.454234894818141E-003,1.423563447110783E-003)
 (2.158427708718940E-003,-3.032496486779190E-003)
 (-2.103793427698914E-003,-1.497421851817894E-003)
 (-5.973336936357883E-004,-4.251554188701730E-004)
 (-4.532113886017718E-003,7.631328772121134E-004)
 (-5.450456872406845E-004,-3.236889184792775E-003)
 (-2.458432038087999E-003,3.454004974980135E-003)
 (-3.679312850677921E-004,5.169240981425279E-004)
 (-7.313892295950731E-004,1.027571770817120E-003)
 (-2.357770806662098E-004,3.970300905925099E-005)
 (9.308922355345583E-005,5.528203770788689E-004)
 (-3.037336864290454E-003,5.114399687900942E-004)
 (-2.258585814877407E-003,-1.607581351029925E-003)
 (-3.425847264374233E-003,5.768574160069273E-004)
 (-3.150028239414217E-004,-1.870736406074847E-003)
 (-1.720327098605012E-003,-1.224474826324095E-003)
 (-2.099452217569277E-003,-1.494313129973996E-003)
 (-2.154434678542808E-006,-1.279054790631913E-005)
 (-1.978996715941847E-004,2.780408318727234E-004)
 (2.354273854865819E-004,1.398146642811408E-003)
 (-8.382420637604798E-005,-5.966305348285592E-005)
 (-8.382500617182473E-005,-5.966306820831910E-005)
 (-1.664174643232240E-003,2.802251176337082E-004)
 (-1.665013537331030E-004,-9.888082808283695E-004)
 (1.818112721945627E-004,1.294109138588591E-004)
 (-1.839239078212948E-004,-1.309118475058182E-004)
 (2.459984871155645E-004,-3.456146711394970E-004)
 (-9.342158015757109E-004,-6.649449052964474E-004)
 (-1.409264863123135E-003,-1.003062986850403E-003)
 (-6.217374570764592E-004,1.046912692454481E-004)
 (8.818899941269129E-006,5.237679993256919E-005)
 (-7.175870747224393E-004,1.008178658029768E-003)
 (-1.213837156655744E-004,-7.208736277885869E-004)
 (1.275471850057540E-004,7.574654793882506E-004)
 (-9.719779965783961E-004,1.636667530821915E-004)
 (-1.117589973840984E-003,1.881863224670308E-004)
 (4.224939127615103E-005,2.509148314790877E-004)
 (0.000000000000000E+000,0.000000000000000E+000)
 (1.726174245280902E-007,9.325599667248298E-007)
 (0.505727593735365,-0.376840941444972)
 (2.115410262519293E-002,2.839031543856250E-002)
 (-1.300788193615022E-002,-1.745756234597939E-002)
 (-7.459479522884343E-003,5.107768422637863E-002)
 (7.459216556942714E-003,-5.107765545670295E-002)
 (1.219702522052474E-009,7.172625137027177E-008)
 (-1.370892283797090E-003,9.386945786853531E-003)
 (-1.876400683091336E-003,-2.518247971131438E-003)
 (-8.288116302574660E-003,6.175730269596025E-003)
 (1.003153697571963E-003,-7.473704843352436E-004)
 (-4.797625069899345E-004,3.285411858808934E-003)
 (-6.969846712542806E-009,5.983052919603282E-008)
 (1.911797545640982E-003,2.565692316777835E-003)
 (-2.434501162433828E-003,-3.267167672954590E-003)
 (-2.079863689952590E-003,-2.791258147214950E-003)
 (2.219964327520033E-005,-1.515837159275521E-004)
 (-3.854871427598335E-003,-5.629605126072895E-004)
 (3.652074176013957E-008,-1.226516667327489E-008)
 (1.069706570049705E-003,-7.970353632493572E-004)
 (4.400474870813198E-004,-3.013157689645293E-003)
 (-4.779234725926741E-004,-6.975068810871133E-005)
 (-6.632964811130888E-004,4.942512594959243E-004)
 (4.681519982323807E-005,-3.483755515496094E-005)
 (-2.647953812866335E-003,-3.866924811215853E-004)
 (2.955442776806460E-004,3.966112050225620E-004)
 (1.390324780483212E-003,2.030250615119697E-004)
 (1.772250321382297E-003,-1.320565288231011E-003)
 (-1.772225269476270E-003,1.320570262213234E-003)
 (-2.763192841389748E-004,1.892168437878513E-003)
 (1.719752558023044E-003,2.511585377282862E-004)
 (3.459220797163073E-008,1.969546068791796E-008)
 (-1.922713642033013E-003,1.432685970608003E-003)
 (-4.023364029991176E-004,-5.399647152852984E-004)
 (1.511853969786523E-003,-1.126549505876994E-003)
 (2.870776146787084E-008,1.754286266780391E-008)
 (-1.026068322355497E-004,7.025884019613523E-004)
 (-1.578635429561181E-004,-2.305606085446665E-005)
 (-7.398431594307647E-005,-9.929011783270738E-005)
 (-3.868192979483415E-004,-5.648082967901642E-005)
 (4.958511807619056E-004,7.240584622788263E-005)
 (-1.015430326602268E-004,6.953397910159303E-004)
 (1.406831944954501E-008,-2.306816767135364E-009)
 (-1.037730175505778E-004,-1.514738216685225E-005)
 (0.000000000000000E+000,0.000000000000000E+000)
 AAAAAA          10
 (0.245023577501162,-0.198458275433657)
 (2.131211598592590E-003,-2.029763461731014E-002)
 (-1.156404987865371E-003,-1.214056326476459E-004)
 (-1.335772779844707E-002,-1.402547823126979E-003)
 (-9.735975366423250E-003,-1.202040325130633E-002)
 (-9.735996533972403E-003,-1.202039511961198E-002)
 (-1.405376109953184E-002,1.138292758383386E-002)
 (-7.576564401106834E-003,-9.354296058416950E-003)
 (-2.327823853778275E-004,2.217126283616942E-003)
 (-1.309586095655172E-002,-1.375046920124389E-003)
 (-1.309586085468142E-002,-1.375059078621736E-003)
 (-1.831794264417618E-004,1.744588759313349E-003)
 (-4.317367968811279E-003,-5.330379305806290E-003)
 (-4.317367691312975E-003,-5.330381867742894E-003)
 (-1.092525640782097E-002,-1.147145974236077E-003)
 (-3.841789827938064E-003,-4.743223624671401E-003)
 (-2.192608851343572E-005,2.088348058437886E-004)
 (-6.585383832153585E-003,5.333868680158532E-003)
 (-6.585383235655072E-003,5.333868508904199E-003)
 (-8.219202005772622E-003,-8.630123480400419E-004)
 (-3.035319323181472E-003,-3.747514173850906E-003)
 (-3.671164522803100E-003,2.973484830630034E-003)
 (-5.841134706756803E-003,-6.133125923994268E-004)
 (-3.570514819029809E-003,2.891963509190950E-003)
 (-3.570513799570566E-003,2.891960748977081E-003)
 (-7.665272206666343E-005,7.300661001778839E-004)
 (-1.106313994215870E-004,1.053675853902589E-003)
 (-1.106299760781615E-004,1.053672904918186E-003)
 (-7.665571452826220E-005,7.300659383726329E-004)
 (-3.349597761781967E-003,2.713028586793162E-003)
 (-3.859101359515484E-003,-4.052027468714945E-004)
 (-1.042685176502821E-004,9.930383798353289E-004)
 (-1.042634032534170E-004,9.930367978169337E-004)
 (-1.510928501491185E-003,-1.865445871048299E-003)
 (-2.136605246094078E-005,2.035248296737451E-004)
 (-8.647730183378488E-004,-1.067684166761011E-003)
 (-1.012501099959530E-005,9.641671124574175E-005)
 (-1.181722620118302E-003,9.571446312150276E-004)
 (-2.193801627015455E-003,-2.303471710802075E-004)
 (-1.169437662889345E-003,9.471951616159564E-004)
 (-5.102806964907177E-004,-6.300128299475329E-004)
 (-8.793871140798217E-004,7.122640366134832E-004)
 (-8.793868730544153E-004,7.122667627893844E-004)
 (-6.562674248760034E-004,-6.890745525071516E-005)
 (0.000000000000000E+000,0.000000000000000E+000)
 (-2.159772463368309E-002,0.864645151486525)
 (0.121887193207346,0.128132382065699)
 (-6.324972529252414E-002,6.016694336862034E-002)
 (1.509473698436086E-002,-1.435903867038834E-002)
 (-4.173439838829535E-004,-1.041371556177534E-005)
 (-4.173424391015880E-004,-1.042608230464194E-005)
 (5.912290410679645E-004,-2.366921353133668E-002)
 (-9.637556161491541E-003,-2.407330872055580E-004)
 (-6.820164795381780E-003,-7.169602459237452E-003)
 (1.722952720332815E-003,-1.638983963226786E-003)
 (1.722954436182528E-003,-1.638979101668501E-003)
 (-6.350326207945086E-003,-6.675700695882022E-003)
 (-3.970739262897117E-003,-9.918153560601846E-005)
 (-3.970738180785328E-003,-9.918347062657013E-005)
 (2.084278073160513E-003,-1.982686453244478E-003)
 (-6.233567639257139E-003,-1.557069938614192E-004)
 (-4.526226241881020E-003,-4.758144118925212E-003)
 (1.722059263543647E-004,-6.893915309936292E-003)
 (1.722065017905749E-004,-6.893915993602486E-003)
 (2.610243121691452E-004,-2.483082223015882E-004)
 (-2.456680091550356E-003,-6.136086511974911E-005)
 (1.135185561036029E-004,-4.544655500238228E-003)
 (-1.783544393006315E-003,1.696618017120936E-003)
 (5.563176455254811E-005,-2.227126447517771E-003)
 (5.562849898378577E-005,-2.227131120121549E-003)
 (-2.950349406071782E-003,-3.101516219735333E-003)
 (-3.188480259196443E-003,-3.351849689735674E-003)
 (-3.188484730943162E-003,-3.351850869520175E-003)
 (-2.950346052202155E-003,-3.101522602379729E-003)
 (9.131287198183350E-005,-3.655553251591939E-003)
 (7.088311654830325E-004,-6.742799739405566E-004)
 (-2.134971604537138E-003,-2.244362256140314E-003)
 (-2.134971675934330E-003,-2.244358811120416E-003)
 (-1.132429605127699E-003,-2.829061696154502E-005)
 (-1.297164163186996E-003,-1.363624898635096E-003)
 (-9.636530339719284E-004,-2.406778970979125E-005)
 (-7.949981961112586E-004,-8.357330662161666E-004)
 (-1.305172082395148E-005,5.225140861389886E-004)
 (-1.046202508581076E-005,9.953883356194373E-006)
 (2.522199528718491E-005,-1.009713718036252E-003)
 (-7.391168679547739E-004,-1.846288672117472E-005)
 (3.410646988880652E-005,-1.365395154897724E-003)
 (3.410624851243291E-005,-1.365395995357439E-003)
 (2.210606418972690E-004,-2.102868411940603E-004)
 (0.000000000000000E+000,0.000000000000000E+000)
 (2.927869444851145E-008,9.183593563843481E-008)
 (0.441504908975644,-4.569347779429203E-003)
 (9.896714839630390E-004,9.563635241944142E-002)
 (-1.485703111583492E-002,-4.068930072789829E-002)
 (-1.804169987244333E-002,-1.229852019956304E-003)
 (2.619415736514838E-002,-2.674204307550268E-002)
 (1.204304298071850E-003,3.509702692482660E-004)
 (-1.250158990944390E-002,1.276305900088518E-002)
 (-2.792096250825291E-003,-2.515892243546386E-003)
 (-1.896618508544338E-003,-7.026221013038937E-003)
 (1.769962247511635E-003,-5.214842314444059E-003)
 (5.274029507937614E-004,-2.099161096927937E-004)
 (8.946345669694480E-004,-1.336232881517428E-003)
 (1.107453627936688E-003,-7.077347386730884E-004)
 (5.723078301164664E-005,5.530467006808406E-003)
 (4.664540907202111E-004,-1.600375628145768E-003)
 (7.427752574983334E-004,-3.159289835938600E-004)
 (-3.332902954265701E-003,-9.713741673111486E-004)
 (1.465203329575340E-004,-2.149710673403034E-003)
 (1.229608433938502E-003,-2.696458971062358E-003)
 (2.146664422679650E-003,1.463187295948676E-004)
 (-7.441354593576989E-004,-1.808545671321056E-003)
 (-3.105613289928505E-004,2.709146400525618E-004)
 (-1.143560102434483E-003,-8.131723458606002E-004)
 (3.944581106405403E-004,8.883098247877605E-004)
 (1.486957526122401E-004,1.704548054899129E-004)
 (1.984619475831175E-003,-2.054301470055792E-005)
 (-6.302943426206701E-004,-7.225092734778741E-004)
 (3.194932432581071E-004,-1.753031277228192E-004)
 (2.121355758705437E-003,1.086913786740302E-003)
 (-1.353522903842534E-004,-1.246258868808377E-003)
 (-1.455876709275473E-003,6.837100556754895E-004)
 (-7.918095880329965E-004,-6.604470152632505E-004)
 (-1.699551571540299E-003,1.667033915977500E-003)
 (9.886274762912893E-004,4.695759405735291E-004)
 (-5.266514470814980E-004,5.256535834562451E-004)
 (-9.127624356110687E-004,5.007699883830012E-004)
 (1.580310474586855E-004,7.470085369531152E-005)
 (-3.308706764149278E-004,1.871837616350373E-005)
 (3.496713185741375E-004,3.425173346810908E-004)
 (1.926446104464943E-004,-6.609892171004954E-004)
 (4.607318975341635E-004,2.005524381733762E-004)
 (8.028387416501261E-005,3.293862551423094E-004)
 (-8.329974910784916E-005,-4.105015601193848E-005)
 (0.000000000000000E+000,0.000000000000000E+000)
 (-3.646354202194226E-007,2.590094878190775E-007)
 (-0.142185467837367,-0.154478767492822)
 (3.346163661577475E-002,-3.079958538239818E-002)
 (-2.096286652513476E-002,-2.196374038431485E-002)
 (2.473650269824765E-002,-2.791452350125881E-002)
 (-1.778482988639056E-002,-7.368863518667952E-004)
 (1.233601439134348E-003,2.992141774084346E-004)
 (8.488144402367989E-003,3.517226750752815E-004)
 (7.080996518936325E-003,-2.087244335294901E-004)
 (-3.308279381654922E-003,-2.167766075853289E-003)
 (-9.747183168855649E-004,6.109964418669291E-003)
 (3.267666157610984E-004,-2.797878036059130E-004)
 (-3.386545316277734E-004,-6.368358306840530E-004)
 (-1.020677465881606E-003,5.805921851474380E-004)
 (1.935050827787787E-003,-1.781092070282342E-003)
 (3.977012616827836E-004,-1.639230872602947E-003)
 (5.095837810845399E-004,-4.034660720267001E-004)
 (-3.413871842795213E-003,-8.281892588333879E-004)
 (3.326041544699961E-003,2.947359022350526E-003)
 (-3.574922096420273E-004,3.923022964601891E-003)
 (-2.943192197480293E-003,3.321383503545587E-003)
 (1.543481848772303E-003,1.928339412270768E-003)
 (-5.125008965212006E-005,-8.484697309004952E-004)
 (-4.762152250343436E-004,3.529039772945544E-004)
 (-7.162188780657503E-004,-9.287190771228479E-004)
 (-4.656593507531390E-004,2.815962531437888E-005)
 (-6.391476079429661E-004,-6.943738852088252E-004)
 (1.973914416003079E-003,-1.191610987599615E-004)
 (3.148852897898970E-004,-1.919430045363322E-004)
 (1.494002187127540E-003,-9.503674845161205E-005)
 (-4.930985552641651E-004,1.038451068103810E-004)
 (-1.155375375583610E-003,8.209649938740736E-004)
 (1.879243357156540E-003,-3.448990980804223E-005)
 (1.197171382057751E-003,-5.062720184389346E-005)
 (-1.483931987085342E-003,-1.223400970374244E-004)
 (3.652087014291340E-004,-2.540002144323523E-006)
 (-8.995867547134185E-004,5.482874362295556E-004)
 (1.203548973670569E-004,1.254030632154940E-006)
 (-1.477250779617572E-004,-8.102352813421651E-004)
 (9.635159561285427E-006,-2.325445039035847E-004)
 (1.642523141995435E-004,-6.770481340636523E-004)
 (3.759260165127658E-004,2.652639190736051E-005)
 (-3.610305072318628E-004,-3.863280018893540E-004)
 (-5.299514593326129E-005,-1.881085756255637E-004)
 (0.000000000000000E+000,0.000000000000000E+000)
 AAAAAA          11
 (0.432480458698817,-0.304313048280039)
 (8.078354857475475E-003,-4.643939082796622E-002)
 (2.078869279981689E-002,3.616235481873322E-003)
 (-1.852647616774988E-002,-3.222735993014695E-003)
 (-1.076186517613002E-002,-1.529443523366585E-002)
 (-7.328004047215699E-003,-1.041435923590433E-002)
 (-1.928971049603641E-002,1.357312178530257E-002)
 (-5.868383046897227E-003,-8.339948179822846E-003)
 (-8.004223210432870E-004,4.601389357691932E-003)
 (-1.499358826243650E-002,-2.608188852800314E-003)
 (-3.978199177550364E-003,-5.653689332874829E-003)
 (-6.963831979315570E-004,4.003277189739970E-003)
 (-1.233023669115642E-002,-2.144877545554176E-003)
 (-8.859224084781825E-003,6.233764654951656E-003)
 (-3.329054182111542E-003,-4.731142608422895E-003)
 (-1.021154691423775E-002,-1.776326537805861E-003)
 (-2.622166945153747E-004,1.507384011097178E-003)
 (-2.252782727443827E-003,-3.201574053221554E-003)
 (-8.479617023968171E-003,-1.475055306336909E-003)
 (-6.991711233523600E-003,4.919683581628261E-003)
 (-2.814780701392817E-003,-4.000284718873598E-003)
 (-3.321280055055597E-004,1.909295403888665E-003)
 (-4.304720685612441E-004,2.474646679683074E-003)
 (-3.997825788964523E-003,2.813052955945787E-003)
 (-4.657285561306374E-003,3.277089684572983E-003)
 (-4.356732430673859E-003,3.065583198643273E-003)
 (-3.831862154834684E-003,2.696275855414268E-003)
 (-2.918638255567383E-004,1.677821332019566E-003)
 (-4.173485479169722E-003,-7.259924093623198E-004)
 (-2.820191652554701E-004,1.621243560398819E-003)
 (-3.351901534807743E-004,1.926888496464714E-003)
 (-4.015354754401735E-003,-6.984786067200811E-004)
 (-7.599321677475475E-005,4.368834636374795E-004)
 (-2.261895035052932E-004,1.300283240851254E-003)
 (-1.058701321468578E-003,-1.504589868084701E-003)
 (-5.450820847195644E-005,3.133346385016627E-004)
 (-6.561581936360293E-004,-9.325098680535077E-004)
 (-1.364279001614784E-003,9.599692359463385E-004)
 (-2.012984174015819E-003,-3.501660664856698E-004)
 (-3.781124456714769E-004,-5.373616853716836E-004)
 (-8.555860017397036E-004,6.020306190498325E-004)
 (-7.790087029070748E-004,-1.355095872980888E-004)
 (-1.259345354987658E-003,8.861331612265865E-004)
 (-1.207493614529778E-003,8.496431538908148E-004)
 (-9.324624162146511E-005,-1.325171729737218E-004)
 (8.946562739484043E-002,0.745224452600875)
 (9.878275743841096E-002,7.760680436988771E-002)
 (-5.505942383676297E-002,7.008300937296490E-002)
 (1.219286485867307E-002,-1.551982257809028E-002)
 (8.043871641837087E-004,-9.656768980076223E-005)
 (-6.891784656937497E-003,8.273689179332097E-004)
 (-2.218993769058543E-003,-1.848361262884531E-002)
 (-1.360092574124072E-002,1.632820875695598E-003)
 (-7.475164364305423E-003,-5.872726108192098E-003)
 (-5.484982901259645E-004,6.981566522720290E-004)
 (-6.478497582013500E-003,7.777573822663341E-004)
 (-6.874277544962436E-003,-5.400644028843703E-003)
 (-9.220299510812061E-004,1.173616914566754E-003)
 (-6.419346660189273E-004,-5.347133744930509E-003)
 (-5.490321140246661E-003,6.591266599407337E-004)
 (8.144384542383134E-005,-1.036618809470990E-004)
 (-5.087929759833926E-003,-3.997240943356304E-003)
 (-6.447762487304659E-003,7.740685625392059E-004)
 (-1.447542167293671E-003,1.842522962929575E-003)
 (-4.115865140009530E-004,-3.428402217875160E-003)
 (-4.539127312217658E-003,5.449309633113263E-004)
 (-4.057452869721956E-003,-3.187663983635540E-003)
 (-4.100232190129227E-003,-3.221270293189142E-003)
 (-1.455347523938126E-004,-1.212256016214149E-003)
 (-3.423898938012278E-004,-2.852038407498749E-003)
 (-3.332410189101449E-004,-2.775768042943078E-003)
 (-1.733179422313550E-004,-1.443675266484589E-003)
 (-3.144918961636873E-003,-2.470749682959092E-003)
 (-1.490232118334547E-003,1.896857511293683E-003)
 (-2.772030619350565E-003,-2.177799661010009E-003)
 (-2.451752589210665E-003,-1.926173489994080E-003)
 (4.112522040248142E-006,-5.227606208901740E-006)
 (-1.692463389978086E-003,-1.329653665771867E-003)
 (-1.637370182915247E-003,-1.286370037006073E-003)
 (-1.608749831564269E-003,1.931319939351604E-004)
 (-1.027851206445563E-003,-8.075112879646286E-004)
 (-1.051901270578040E-003,1.262837336176183E-004)
 (-1.766632778926871E-004,-1.471554664623832E-003)
 (-3.163005301168411E-004,4.026070763724277E-004)
 (-8.839537599141298E-004,1.061194160446669E-004)
 (3.130309994335774E-005,2.607490296177564E-004)
 (2.560130091128934E-004,-3.258694369976309E-004)
 (-6.649637904137864E-005,-5.538949657571212E-004)
 (-1.326574382127845E-004,-1.104989339731600E-003)
 (-7.344790760790626E-004,8.817680713933038E-005)
 (-0.199891775522713,1.528082122971304E-002)
 (-9.431413986816477E-002,0.109927563707242)
 (-6.154981846814318E-002,-5.280773653638763E-002)
 (1.674003686786335E-003,1.436239658298234E-003)
 (-3.821918931854407E-003,-4.999516851850156E-002)
 (1.598620274489326E-003,2.091185816146770E-002)
 (-1.469697613796958E-003,1.123527689061575E-004)
 (-6.653972046469057E-005,-8.704056058829715E-004)
 (5.216801023787074E-003,-6.080428095654530E-003)
 (9.870702153351248E-004,8.468707097917391E-004)
 (1.877632746537528E-004,2.456296223048378E-003)
 (-3.858588736653430E-003,4.497353906170489E-003)
 (4.278793655467203E-003,3.671068117506328E-003)
 (-4.071263451594260E-003,3.112296458316808E-004)
 (3.437925414503109E-004,4.497352049122536E-003)
 (-3.957827259791619E-004,-3.395635607893110E-004)
 (-3.300195688963117E-003,3.846542711376593E-003)
 (3.301801718716493E-004,4.319183059617884E-003)
 (3.263433162029004E-003,2.799923413473125E-003)
 (3.256937367350536E-003,-2.489808598558458E-004)
 (4.387729369294776E-004,5.739743053494789E-003)
 (-1.025968870179038E-003,1.195812234016950E-003)
 (-2.366564543649369E-003,2.758336239986489E-003)
 (-1.938481800910206E-003,1.481829813959881E-004)
 (-1.498443599936885E-005,1.151002208199550E-006)
 (1.717424212337163E-003,-1.313004137208160E-004)
 (-2.824006937923425E-003,2.158781513263374E-004)
 (-1.178686614222598E-003,1.373823091696309E-003)
 (2.932123908427673E-004,2.515729332269388E-004)
 (5.435549188527943E-004,-6.335201008903392E-004)
 (-1.717159309397537E-003,2.001431628824311E-003)
 (1.138216534762634E-003,9.765636044771413E-004)
 (-1.585173136715974E-003,1.847589749713855E-003)
 (1.046174002802193E-003,-1.219362652365993E-003)
 (1.166434873305125E-005,1.525322611720146E-004)
 (-1.278393340590229E-003,1.490023836995900E-003)
 (-7.381393662926946E-006,-9.649642386431673E-005)
 (1.637453376553743E-004,-1.251733968450026E-005)
 (-5.182211122017884E-004,-4.446149837780353E-004)
 (4.318806439103769E-005,5.649230291001586E-004)
 (-3.942726706385504E-004,3.013812046233133E-005)
 (3.663077002920755E-004,3.142779998618789E-004)
 (-1.993222370674234E-004,1.523636990825376E-005)
 (-5.061077908151564E-004,3.868642419729674E-005)
 (8.199276059281616E-005,1.072596509491029E-003)
 (-9.392773786627771E-008,5.788220907176290E-008)
 (0.116654409634079,-0.280226226633024)
 (0.118602964070018,4.937297067400707E-002)
 (-6.054477906094166E-002,-2.520400955166811E-002)
 (6.178563862618528E-008,3.936464592933481E-008)
 (-1.043348421251432E-002,-2.531519339273882E-002)
 (5.299578103129330E-004,-2.184093876489776E-004)
 (7.182100386799800E-003,1.742624387336358E-002)
 (-5.415020989515839E-004,1.300810645896228E-003)
 (-8.103335587471016E-003,-3.373327106731275E-003)
 (-6.710133652011697E-004,-1.628114387495281E-003)
 (8.738156143041198E-004,-2.099058488725165E-003)
 (-2.934095875703088E-003,-1.221438072181256E-003)
 (-3.353752604501679E-003,1.382229552977379E-003)
 (-9.570207443057227E-004,-2.322074453027187E-003)
 (4.401923096997840E-003,1.832468986631480E-003)
 (-1.055323985597385E-004,2.534938621326865E-004)
 (-4.232853318058636E-004,-1.027033146349278E-003)
 (-1.440746663455100E-003,-5.997729772430848E-004)
 (1.217234109046880E-009,-6.635965481296270E-009)
 (-1.200810933354053E-009,9.076619560566054E-009)
 (-7.799408387169648E-009,2.694715275828497E-008)
 (8.980558347808664E-004,-2.157297535753032E-003)
 (-7.278749917630522E-004,2.999869952427960E-004)
 (2.340079891241777E-003,-9.644467960675952E-004)
 (-7.655402592984452E-004,3.155132664755619E-004)
 (-1.647392402653081E-004,6.790362068744521E-005)
 (5.058197980566539E-004,-1.215083048042303E-003)
 (-2.372759295784868E-009,-1.998969919072587E-009)
 (1.301579358226780E-008,-3.129416578024658E-009)
 (-6.352421746334575E-004,1.525973423026560E-003)
 (-1.574203659580946E-003,-6.553238969043840E-004)
 (1.485123101892397E-004,-3.567388838890620E-004)
 (-1.047266565221546E-004,2.515968169416527E-004)
 (6.597464090801930E-004,1.600781066905013E-003)
 (-2.341325063996349E-004,5.624366726214907E-004)
 (2.911293728231943E-004,7.063876883978465E-004)
 (5.515830068814718E-004,-2.273265706642838E-004)
 (-3.536693480762767E-004,-1.472272500282981E-004)
 (-5.258788481218984E-004,-1.275968692469823E-003)
 (2.165242334731148E-004,-8.923746317500296E-005)
 (1.635913638877997E-004,6.809707543375719E-005)
 (5.294401286545354E-004,-2.182009255178950E-004)
 (4.788902817990486E-005,-1.973444962806446E-005)
 (1.209024138652245E-004,2.933613084171469E-004)
