 AAAAAA
 (0.127699892120276,9.627046653114101E-003)
 (-1.005563607318828E-003,3.263526068068750E-004)
 (8.567451136077518E-004,1.537931009963461E-004)
 (-3.506893309555071E-003,-4.091065630597730E-003)
 (5.075328661255079E-004,-9.052903780323061E-003)
 (4.003117691174004E-004,-9.003374356960617E-003)
 (-9.020730013992152E-003,-5.020804948673895E-004)
 (5.567564107985838E-004,-7.886674202881052E-003)
 (5.234973331371372E-005,-7.261240868579620E-005)
 (-3.764686406746180E-005,-1.308230135181873E-004)
 (3.752176106798510E-004,-6.152053206007300E-003)
 (1.695373986761073E-004,1.620817171113602E-004)
 (-4.975911679266013E-003,-5.704891105582205E-003)
 (-4.919167522219828E-003,-5.857239907812613E-003)
 (-4.344688184300378E-003,-5.344743994059163E-003)
 (-4.383916842338515E-003,-4.820717732275791E-003)
 (4.700458269198322E-004,-4.186825616434165E-003)
 (4.616385490148443E-004,-4.233407248962174E-003)
 (-3.789377075966641E-003,-4.447357140351603E-003)
 (-4.059227949935497E-003,-4.393656558479029E-004)
 (-4.227179342426127E-003,-2.338948158326613E-004)
 (1.602995091857964E-004,-3.726388567092649E-003)
 (-3.520657868195469E-003,-3.900943230904036E-004)
 (-3.572666345099678E-003,-3.113700067837596E-004)
 (-2.185246970986169E-003,-1.738634998570115E-004)
 (-2.166501555182955E-003,-1.109348413521233E-004)
 (3.118285477658202E-005,5.832249350348247E-005)
 (-2.716457668623955E-005,-1.549937694127513E-005)
 (5.446241875582496E-005,-8.844670009428403E-007)
 (4.274179540382636E-006,-4.418011153477191E-005)
 (1.500901090756626E-005,-2.039011233730652E-005)
 (1.209683646819125E-004,2.557808876620999E-005)
 (1.417057353433857E-004,-1.855083504258199E-003)
 (2.553582800560519E-005,-1.458396983099765E-005)
 (-1.545266166306392E-003,-1.561502870369075E-004)
 (-1.631232713440874E-005,-2.642007932669412E-005)
 (-1.301333769231787E-003,-1.577478462567245E-003)
 (-9.586212417388165E-004,-1.177602685912149E-003)
 (8.223737864999144E-005,-1.003720836213718E-003)
 (-8.525647124749504E-004,-4.734101786165570E-005)
 (0.000000000000000E+000,0.000000000000000E+000)
 (0.000000000000000E+000,0.000000000000000E+000)
 (0.000000000000000E+000,0.000000000000000E+000)
 (0.000000000000000E+000,0.000000000000000E+000)
 (0.000000000000000E+000,0.000000000000000E+000)
 (0.493420682589921,-0.631496702496691)
 (-3.941504071578604E-002,-0.268767467059447)
 (4.479474065326566E-002,-6.498901416014895E-003)
 (-4.688252837922501E-003,2.922831860870825E-004)
 (4.472462607425825E-003,3.127991303669149E-003)
 (3.171947157265236E-003,3.781332122889550E-003)
 (-1.254945067616908E-002,1.727839854170457E-002)
 (2.808317408874316E-003,2.760534518301175E-003)
 (9.594584262894472E-004,8.871496057245251E-003)
 (1.077790853647232E-003,9.606452623160055E-003)
 (4.456556954112253E-003,3.202687077109120E-003)
 (1.333845074644548E-003,1.016271403146028E-002)
 (-1.934106943652887E-003,1.973939682650785E-004)
 (-2.058308243341783E-003,1.378114114125946E-004)
 (-2.096143084346619E-003,5.944588313174323E-005)
 (-1.842347863791902E-003,1.467796394872835E-004)
 (2.520664902460293E-003,1.776410268954166E-003)
 (2.367710596928681E-003,1.874636048172525E-003)
 (-1.294675093588162E-003,2.037636611770302E-004)
 (-3.386962256542450E-003,4.341599063654614E-003)
 (-3.337695432198451E-003,4.415911396204405E-003)
 (1.811743191434368E-003,1.510310386964297E-003)
 (-2.005814617705681E-003,2.521445886516141E-003)
 (-2.016237726978606E-003,2.723787857548570E-003)
 (-2.167888202086489E-003,2.845033738159173E-003)
 (-1.780988143604217E-003,2.311841395805388E-003)
 (4.176301592695533E-004,3.369059389070602E-003)
 (3.801613428702147E-004,3.432914952543776E-003)
 (3.789074925656264E-004,3.377863379388013E-003)
 (4.423521094674435E-004,3.369663645929787E-003)
 (3.150398746503456E-004,2.745811954143730E-003)
 (3.639666087094130E-004,2.765174538843775E-003)
 (8.660342842259444E-004,6.909604415707392E-004)
 (2.378659879850225E-004,2.059328241624921E-003)
 (-3.234492407242804E-004,3.445787275155568E-004)
 (1.531505798370377E-004,1.138550819599189E-003)
 (-1.261452621624068E-003,1.984269153471719E-004)
 (-2.540764893339652E-005,5.288851538112589E-005)
 (7.839533897624372E-004,5.634621931122816E-004)
 (-5.677086796938979E-004,7.331878396279045E-004)
 (0.000000000000000E+000,0.000000000000000E+000)
 (0.000000000000000E+000,0.000000000000000E+000)
 (0.000000000000000E+000,0.000000000000000E+000)
 (0.000000000000000E+000,0.000000000000000E+000)
 (0.000000000000000E+000,0.000000000000000E+000)
 (4.503343401185640E-003,2.216911353731657E-003)
 (-0.241717609293314,-0.188285310338232)
 (1.431374931220925E-002,-1.601886156344123E-002)
 (1.446187036777854E-002,2.288709698737799E-002)
 (1.228584776284013E-002,2.719219712519411E-002)
 (-3.739384210203442E-002,4.954433760413531E-003)
 (-1.541707815370217E-002,-1.144398487928449E-002)
 (4.454071714720420E-003,-4.304588935415179E-004)
 (5.258161006655880E-006,2.577209027761675E-003)
 (-2.950799391006364E-003,-3.772084800579742E-004)
 (4.483079957313979E-004,-6.653231463304879E-004)
 (1.306211387473734E-003,3.814803040084071E-004)
 (2.200492714916365E-004,3.595986500127606E-004)
 (-2.280858634042668E-004,-2.936289426309693E-004)
 (-1.462033643247150E-004,1.869722177702503E-004)
 (4.465034511816318E-005,-2.020373085294337E-005)
 (-3.870772115101974E-005,-3.303228699629324E-004)
 (-1.995435578660568E-004,4.441304673203156E-004)
 (7.440938731878907E-005,-1.729363381191235E-005)
 (3.274700553116516E-004,1.672390593301591E-004)
 (-3.688939023249012E-004,3.178748028453027E-005)
 (-5.569626366452429E-004,-1.114683207078022E-003)
 (6.688786561610922E-004,1.795993287198824E-004)
 (-3.532935745190243E-004,-8.425279536555969E-004)
 (-3.840742357640287E-004,-4.346367918528233E-005)
 (1.658441373534699E-004,-4.223461133496817E-004)
 (1.985219466318390E-004,-6.885829531142528E-004)
 (-7.385048094138262E-004,-5.561621218305831E-004)
 (-2.991868385444563E-004,6.296100508745924E-004)
 (-9.977316305942582E-004,1.118941535797293E-004)
 (1.241101494984907E-003,7.519923027747973E-005)
 (-7.652321024313277E-005,9.601466707104176E-004)
 (9.950779888580751E-004,-5.603467348800925E-004)
 (-1.039469022628449E-006,-1.132054167733724E-003)
 (-1.331298181626300E-004,2.701939110699357E-004)
 (1.383597239473956E-003,-1.970540125006853E-004)
 (1.051622138583137E-004,3.593022038750480E-004)
 (-2.279066646284370E-004,4.549287054385696E-004)
 (7.412776392982825E-004,8.309032685393410E-004)
 (7.566844451186924E-005,6.137669958523703E-004)
 (0.000000000000000E+000,0.000000000000000E+000)
 (0.000000000000000E+000,0.000000000000000E+000)
 (0.000000000000000E+000,0.000000000000000E+000)
 (0.000000000000000E+000,0.000000000000000E+000)
 (0.000000000000000E+000,0.000000000000000E+000)
 (-2.107153379317661E-003,1.949182067284824E-003)
 (0.226405891779595,0.178459782807865)
 (-1.313152902262912E-002,1.739241067655982E-002)
 (1.610025163390672E-002,2.353465870096949E-002)
 (-2.342990469798869E-002,3.310437778610614E-002)
 (3.472596745455411E-002,-4.203605549525684E-003)
 (-1.354156424481368E-002,5.329903633711622E-003)
 (-4.188967473081796E-003,4.479170938024756E-004)
 (-3.478882936481550E-003,-3.823301251832569E-004)
 (1.337916335057721E-004,2.005928519382125E-003)
 (-1.731935722653589E-004,-7.893928787279577E-004)
 (-2.374675117987241E-004,-1.120230242081855E-003)
 (3.230173913180699E-004,2.980739908976149E-004)
 (-1.771752723147927E-004,-4.640114875861218E-004)
 (1.787308645360728E-004,-2.331652091204564E-004)
 (2.729217690242604E-005,-1.712482386840781E-005)
 (2.197284172665259E-004,-4.672751182396953E-004)
 (5.906142130026366E-005,3.524615815316141E-004)
 (4.403118059611419E-005,2.973249475498409E-005)
 (3.771580921918735E-004,-1.308451516830529E-004)
 (-3.399482290155688E-004,-2.780500313167545E-004)
 (9.838587700689305E-004,-1.379094499664627E-003)
 (7.225613836615483E-004,3.260988034284719E-005)
 (-1.440965519023904E-004,6.271945546496312E-004)
 (-3.562950997211125E-004,-1.468082863192804E-004)
 (3.047025135337170E-004,4.381192766585967E-004)
 (9.920192584647206E-004,-1.655636543028917E-004)
 (6.478638804777396E-004,5.059404300371214E-004)
 (-8.779831111619143E-004,1.389934149546583E-004)
 (-2.823644151043099E-004,6.675767407698482E-004)
 (1.398489126915647E-004,-9.359765743844877E-004)
 (-1.272512214297076E-003,-2.186046900489006E-005)
 (-7.331215073495441E-004,-4.519800223611607E-004)
 (1.580571124931681E-003,5.122304254290738E-005)
 (-2.280122813676365E-004,-2.843305033632033E-004)
 (5.023483358539751E-004,-1.028520807110251E-003)
 (2.790635091427155E-004,2.829459656393050E-004)
 (3.373386506360225E-004,-2.618194648072701E-004)
 (-1.090247175491125E-003,1.124162330855165E-003)
 (-5.856192082049445E-005,-5.909427454714239E-004)
 (0.000000000000000E+000,0.000000000000000E+000)
 (0.000000000000000E+000,0.000000000000000E+000)
 (0.000000000000000E+000,0.000000000000000E+000)
 (0.000000000000000E+000,0.000000000000000E+000)
 (0.000000000000000E+000,0.000000000000000E+000)
 AAAAAA
 (0.156084963552699,5.870770885151607E-002)
 (1.964314146138246E-003,3.905468485260674E-004)
 (1.884262908768591E-003,4.515415391878409E-003)
 (-3.913673962812425E-004,-1.165719902297234E-003)
 (3.466039141789799E-003,-8.375926251646171E-003)
 (-8.794674041954848E-003,-3.478356123646344E-003)
 (3.119906629288165E-003,-8.697933810591443E-003)
 (3.441118261310876E-003,-8.762023329410954E-003)
 (-2.962934709959614E-004,-1.425656675913944E-006)
 (1.671593544579964E-004,-8.223952146384564E-005)
 (-3.865343637997207E-003,-8.579956907172486E-003)
 (2.131209994588341E-003,-5.434390564155972E-003)
 (-1.225132365126427E-004,1.038881040467008E-004)
 (1.873772659642307E-003,-5.046383544146688E-003)
 (-3.034736382062092E-003,-6.603704069955169E-003)
 (-2.855221569068445E-003,-6.857911943969602E-003)
 (-4.841345098710842E-003,-1.564325351123345E-003)
 (-2.639110215128741E-003,-6.245679506994570E-003)
 (1.592723644144233E-003,-4.141698260939863E-003)
 (1.636260049838171E-003,-3.982759236671946E-003)
 (-3.614928169744748E-003,-1.390895139999592E-003)
 (-3.609914286424213E-003,-1.359928953903007E-003)
 (-2.296437548830972E-003,-4.939306829885533E-003)
 (-3.282719223461900E-003,-1.198246736229260E-003)
 (-2.447427598135585E-005,3.703282923455222E-005)
 (-2.486611059200546E-003,-1.005998960405628E-003)
 (-5.951040452527312E-005,8.973358462605659E-005)
 (-2.143710641048011E-003,-7.580461312788106E-004)
 (-2.677277874297353E-005,2.925186522401255E-005)
 (-1.062609392975629E-004,2.690058516233412E-005)
 (-2.610716786409354E-005,-2.019610907825001E-006)
 (-2.052555074721386E-005,1.295010049316208E-004)
 (6.749299889747645E-004,-1.631787006141046E-003)
 (1.042481892918833E-006,4.290117825834225E-005)
 (-1.353815737293056E-005,-4.398346677449041E-005)
 (-8.066472504242201E-004,-1.905395337803461E-003)
 (-1.309708069343763E-003,-4.725173689860498E-004)
 (-6.786190737650082E-004,-1.450233891943124E-003)
 (3.094234525653154E-004,-8.004095296216742E-004)
 (-6.831348626474850E-004,-2.906749720601924E-004)
 (-6.210125268959081E-004,-2.256737522484083E-004)
 (0.000000000000000E+000,0.000000000000000E+000)
 (0.000000000000000E+000,0.000000000000000E+000)
 (0.000000000000000E+000,0.000000000000000E+000)
 (0.000000000000000E+000,0.000000000000000E+000)
 (-0.357921120350261,0.694349877544879)
 (4.450356367382366E-002,0.153659094077713)
 (-4.080422186003606E-002,9.528924730543072E-003)
 (1.861606542002377E-002,-6.329000075110333E-003)
 (9.668450985129992E-003,4.411507757405991E-003)
 (9.815826750879353E-003,-1.913162460821992E-002)
 (-1.198189377705713E-002,-6.201513248175633E-003)
 (-4.574232721316220E-003,-2.316982908215049E-003)
 (-3.095064949351543E-003,-1.087251504650509E-002)
 (-3.200375262652188E-003,-1.086829562395583E-002)
 (1.810654121377919E-003,-6.094945867362988E-004)
 (-5.201358836309500E-003,-2.534405534882821E-003)
 (-3.280827772477026E-003,-1.000461536255795E-002)
 (-3.737983198102876E-003,-1.986483027925628E-003)
 (2.131700211160762E-003,-6.812533646992159E-004)
 (1.774102655899375E-003,-3.429339929314316E-004)
 (3.133151707276353E-003,-6.030127370885699E-003)
 (1.573841504563937E-003,-5.131288845858931E-004)
 (-3.474382943771196E-003,-1.865951664117009E-003)
 (-3.293602417898666E-003,-1.899143864050976E-003)
 (2.152175461850088E-003,-4.102887835781907E-003)
 (2.685074090219193E-003,-4.906781047638383E-003)
 (7.465929648099096E-004,-1.481234590049796E-004)
 (1.936680072850210E-003,-3.453046861156888E-003)
 (-1.546919722456536E-003,-4.958840523033440E-003)
 (2.011394329106875E-003,-3.547599992043017E-003)
 (-1.421138280422654E-003,-4.430314724266029E-003)
 (1.669196895923974E-003,-3.193355338903742E-003)
 (-1.021625742798615E-003,-3.420095899974366E-003)
 (-9.373468918169953E-004,-3.274887082454645E-003)
 (-1.029716611675512E-003,-3.553916690107506E-003)
 (-1.002422866040055E-003,-3.179798482942213E-003)
 (-1.193557074456275E-003,-6.905220423445327E-004)
 (-4.756317562590522E-004,-1.826365132300278E-003)
 (-6.817863772604593E-004,-2.264354323790534E-003)
 (1.161063266830068E-003,-3.229000996177201E-004)
 (2.261294554653121E-004,-3.414714267337567E-004)
 (1.940066822141216E-006,-4.534791422186650E-005)
 (-5.677212295201624E-004,-2.871039470018732E-004)
 (4.450398409419775E-004,-8.036590121799871E-004)
 (6.197013955487848E-004,-1.125006550691920E-003)
 (0.000000000000000E+000,0.000000000000000E+000)
 (0.000000000000000E+000,0.000000000000000E+000)
 (0.000000000000000E+000,0.000000000000000E+000)
 (0.000000000000000E+000,0.000000000000000E+000)
 (9.592844143244640E-003,-1.038887586805359E-002)
 (-0.270892039168115,-9.140081093606443E-003)
 (8.911892788089765E-004,-6.035664353549007E-002)
 (-5.203218001582147E-004,4.035135510127572E-002)
 (1.691174201184288E-003,6.689090702998057E-004)
 (-6.722825553797013E-003,-6.279562129369885E-003)
 (-2.716654744388750E-002,2.635738831153532E-002)
 (6.254867122235995E-003,-6.267714064827794E-003)
 (2.273572493764283E-003,5.754594549841297E-005)
 (-2.768533797156954E-003,-1.738555825567558E-004)
 (2.643065795376702E-005,1.305902009569098E-003)
 (2.005679903177574E-004,-3.774839911739204E-004)
 (1.059946134747157E-003,-1.262676670939053E-004)
 (-5.499995331250517E-004,4.806890851506872E-004)
 (3.031493737595437E-005,3.861023890709977E-004)
 (1.250184214225350E-005,5.090681670303889E-005)
 (8.581564498020849E-005,-5.487550275976780E-005)
 (1.281410306721160E-005,2.019200331594766E-004)
 (-2.092416503122029E-004,1.124941455067851E-004)
 (-6.891513819545726E-004,5.854697783909547E-004)
 (2.877380819637288E-004,1.167776627357148E-004)
 (1.199548779997539E-004,3.300638544738046E-005)
 (1.418997259345489E-005,1.237988511983796E-004)
 (-2.132733659955030E-004,-3.390618336834888E-004)
 (-8.352090304827455E-005,-1.071133158206942E-004)
 (-3.013226422836113E-005,-1.660705501468487E-004)
 (-9.428791499007435E-004,-7.981056113098471E-005)
 (7.615517597835944E-006,-1.462741402812485E-005)
 (1.006828560313925E-003,-4.280943861325294E-005)
 (-3.240719682126256E-004,-9.217271427657391E-005)
 (-8.401081575057149E-004,-5.328468708778990E-005)
 (-3.614334565963024E-006,5.608246751798196E-007)
 (1.075348572661535E-003,-1.085075830987693E-003)
 (1.181235168265112E-003,-1.651149375953556E-005)
 (3.930540724413584E-004,1.991106819289024E-005)
 (-1.892514150770127E-005,6.627675148438703E-004)
 (8.237900969487738E-005,5.824529004574540E-005)
 (2.266604749331523E-005,1.101052096512889E-003)
 (2.354777354648196E-004,-2.266283664269400E-004)
 (1.302412482447685E-004,1.404856679548609E-004)
 (1.120978752215017E-006,-3.913309394495048E-005)
 (0.000000000000000E+000,0.000000000000000E+000)
 (0.000000000000000E+000,0.000000000000000E+000)
 (0.000000000000000E+000,0.000000000000000E+000)
 (0.000000000000000E+000,0.000000000000000E+000)
 (-7.212590800070309E-002,0.344245334048833)
 (9.450351379958993E-002,0.156764302573003)
 (-4.741749400863522E-002,2.870413496751084E-002)
 (3.104685787287231E-003,-8.680135341102811E-004)
 (-4.218147163580799E-002,-7.784149901392220E-003)
 (3.042506861704863E-003,-1.646309935628805E-002)
 (2.351213349907103E-002,6.825867095903789E-003)
 (4.846836875066418E-003,7.531684698975027E-004)
 (2.944928417325661E-004,3.452804221748252E-004)
 (2.657428085918724E-003,4.483222889968811E-003)
 (2.996556595361509E-003,-1.636658047945341E-003)
 (6.395703469529634E-003,1.424935514123627E-003)
 (2.568009951043325E-003,3.857353699841559E-003)
 (4.220290634091393E-003,1.022967236442621E-003)
 (2.623775588874812E-003,-1.560728733314788E-003)
 (2.419515378155727E-003,-1.419095294877395E-003)
 (-2.116638374530643E-004,7.998076183153935E-004)
 (2.438374750548092E-003,-1.326888706051567E-003)
 (4.944329849588855E-003,1.161161556776603E-003)
 (3.716058130008782E-003,1.040395773679044E-003)
 (-3.091020123237474E-004,2.099781038977183E-003)
 (1.880590735144948E-004,-7.877123005876525E-004)
 (1.179491408359837E-003,-7.263340386187004E-004)
 (-3.478467103939127E-004,1.410066882324986E-003)
 (1.817762630162922E-003,2.850894835160275E-003)
 (-2.405117072669075E-004,1.173538996465665E-003)
 (1.315062468526594E-003,2.091898673599618E-003)
 (8.235839709531555E-005,-4.205990696140634E-004)
 (1.103896705867867E-003,1.678228043459922E-003)
 (1.526073800491474E-003,2.439875127956269E-003)
 (5.768392237151430E-004,9.851913913959858E-004)
 (1.176666008025310E-004,2.820443121520126E-004)
 (1.592564747163573E-003,3.790274624838988E-004)
 (1.180311149746393E-003,1.880203929608937E-003)
 (-2.383960296061017E-004,-4.090948256844478E-004)
 (1.144544483571782E-003,-6.664054620750175E-004)
 (-7.656200342080936E-005,4.410777915419850E-004)
 (2.752655934618288E-004,-1.036311418292608E-004)
 (3.271659990658710E-005,3.461042577343136E-005)
 (5.304517435641127E-005,-1.530242015170572E-004)
 (-8.944357054785181E-005,3.784445635086634E-004)
 (0.000000000000000E+000,0.000000000000000E+000)
 (0.000000000000000E+000,0.000000000000000E+000)
 (0.000000000000000E+000,0.000000000000000E+000)
 (0.000000000000000E+000,0.000000000000000E+000)
 AAAAAA
 (0.202234474815120,6.993084752036631E-002)
 (5.915445728472676E-003,-2.037247120232771E-003)
 (4.791187340254348E-003,1.048435428238173E-002)
 (1.312147346014695E-003,1.838143708905908E-003)
 (2.547128087929182E-003,-8.400259207126653E-003)
 (-1.005671206241374E-002,-3.726688999808995E-003)
 (3.036425215972084E-003,-9.137802467490148E-003)
 (3.630922679580441E-003,-1.035240849876980E-002)
 (-3.619942389260717E-004,2.303900680576763E-004)
 (-5.124322583184944E-003,-1.011654985506700E-002)
 (4.119315144491187E-005,1.227900239071170E-004)
 (2.032777336991009E-003,-6.470037035471360E-003)
 (-3.563462174888093E-003,-7.370351895840390E-003)
 (-5.411001609997122E-003,-1.621370329342041E-003)
 (-3.249423966234042E-004,-2.438781480515158E-005)
 (1.598641111710481E-003,-5.146090795851499E-003)
 (1.680930449378534E-003,-4.738321795931993E-003)
 (-3.164008063222265E-003,-6.360356619161966E-003)
 (-2.865710213824139E-003,-5.940706521684111E-003)
 (1.390438531629467E-003,-3.968454459399558E-003)
 (-4.056502020524014E-003,-1.412373435790284E-003)
 (-1.634936052948245E-004,1.244730029324164E-004)
 (-3.422731662116109E-003,-1.062661486108475E-003)
 (-3.400153623951136E-003,-1.223559790975093E-003)
 (-3.322355105369746E-003,-9.967564940751921E-004)
 (-2.103602592438830E-003,-4.308005980878556E-003)
 (-2.572500091442618E-004,7.816199427821292E-005)
 (-1.691968267320053E-004,9.453258082771040E-005)
 (-1.805333005786437E-004,4.258215555328466E-005)
 (-2.177021253072507E-003,-6.579738703241919E-004)
 (-1.319706610025547E-004,-3.814489427218814E-005)
 (-8.321717753208367E-005,7.599270488287851E-005)
 (5.717824899286435E-004,-1.709866474349787E-003)
 (-6.053367927934435E-006,1.055315653253298E-005)
 (-1.027592538479885E-003,-1.989202886159211E-003)
 (-1.134790405838512E-004,2.758122966101183E-005)
 (-7.237380865299269E-004,-1.489733253498117E-003)
 (-1.080726076504892E-003,-3.687333259490380E-004)
 (-8.871973271961434E-004,-2.926429994164813E-004)
 (2.643928495731339E-004,-7.048293294507552E-004)
 (-6.769747187471147E-004,-2.131848273534498E-004)
 (-6.011989235347296E-004,-2.184077648173140E-004)
 (0.000000000000000E+000,0.000000000000000E+000)
 (0.000000000000000E+000,0.000000000000000E+000)
 (0.000000000000000E+000,0.000000000000000E+000)
 (-0.189794461586725,0.576878210442277)
 (3.269922393079899E-002,5.995623904777504E-002)
 (-3.076003973238757E-002,1.811772870888212E-002)
 (1.548923744810011E-002,-8.241392020174021E-003)
 (2.282037463034067E-002,7.774291955452499E-003)
 (4.986260351382379E-003,-1.609775527982545E-002)
 (-1.701560058493740E-002,-6.020554859078506E-003)
 (-7.447636271410111E-003,-2.514146311887119E-003)
 (-4.947174763966386E-003,-1.020297315096729E-002)
 (6.419398754080553E-004,-4.925833985718600E-004)
 (-5.277074934994455E-003,-1.075307706682171E-002)
 (-6.372637304779606E-003,-2.453715985251691E-003)
 (1.014257314724713E-003,-3.981939003503011E-004)
 (2.062418220645778E-003,-6.589727707152007E-003)
 (-4.396838739189972E-003,-9.010940057869251E-003)
 (-6.180285141833723E-003,-2.263505669376633E-003)
 (-5.520333996379249E-003,-1.845291238937631E-003)
 (6.390372765804411E-004,-5.815052504681284E-004)
 (5.217445006896176E-004,-2.834028365247391E-004)
 (-4.372555902323993E-003,-1.287797828714533E-003)
 (1.406515121063241E-003,-4.803860641541795E-003)
 (-3.404936254359997E-003,-6.356172604977778E-003)
 (1.264368018503859E-003,-3.636257209515173E-003)
 (1.240849427055811E-003,-4.087442399087382E-003)
 (1.664743004535961E-003,-4.656668807312084E-003)
 (8.823212251988307E-005,-1.370182144302123E-004)
 (-2.673896802976025E-003,-5.150531926858593E-003)
 (-1.982225281357837E-003,-4.073982937226815E-003)
 (-1.878190267697379E-003,-3.796562190726055E-003)
 (8.387220806587218E-004,-2.871175028743918E-003)
 (-1.697615139898441E-003,-3.392265133100892E-003)
 (-1.311016220808812E-003,-2.559229096781029E-003)
 (-1.778594891781663E-003,-6.373422166820221E-004)
 (-1.112247774094420E-003,-2.144021237675961E-003)
 (4.807231218571201E-004,-3.211897930674748E-004)
 (-6.978154147669498E-004,-1.525090214995988E-003)
 (-1.331526332930400E-004,1.284278228588537E-005)
 (1.342388721655649E-004,-4.858361969272108E-004)
 (5.537866988015286E-004,-1.819218182514272E-003)
 (-6.421523733775063E-004,-2.147327997532304E-004)
 (2.137373968653881E-004,-6.718406179279497E-004)
 (2.626460992448670E-004,-8.363083017174156E-004)
 (0.000000000000000E+000,0.000000000000000E+000)
 (0.000000000000000E+000,0.000000000000000E+000)
 (0.000000000000000E+000,0.000000000000000E+000)
 (-2.099143422644863E-002,-0.623780940617048)
 (-0.122574305113046,-0.118107969057939)
 (5.706663538139117E-002,-6.170052713443406E-002)
 (-2.165981274601844E-002,2.115604479639401E-002)
 (3.582985628081313E-002,-1.292911542792624E-003)
 (1.125957020778282E-003,2.021610799224444E-002)
 (-1.552682673675971E-002,7.456024802062536E-004)
 (-2.811502454729666E-003,3.045750298538790E-004)
 (2.973348736661577E-003,3.105301327050657E-003)
 (-2.346666422866609E-003,2.753205764824340E-003)
 (-2.034197597529923E-003,-1.853849394192966E-003)
 (-3.590281132265862E-003,2.813771256161952E-004)
 (-2.334664635837484E-003,2.656731326400543E-003)
 (7.950105660208359E-005,3.433427592856376E-004)
 (-1.723214467300656E-003,-1.452345325782878E-003)
 (-3.975988762211481E-003,2.830699678788481E-004)
 (-3.491692242781600E-003,2.305499441072366E-004)
 (-1.717050092997075E-003,1.920833994671190E-003)
 (-1.573737418924608E-003,1.774924988221291E-003)
 (-2.546085054095739E-003,2.314341737091173E-004)
 (-8.050965763826325E-005,-1.107285868491415E-003)
 (-1.864410421944978E-003,-1.618805225845246E-003)
 (7.020124652416755E-005,-6.436325622467808E-004)
 (-1.170366522564039E-005,1.647296694127570E-003)
 (9.703141154879561E-005,-6.265559683398419E-004)
 (-5.886216761754061E-004,6.871170727108794E-004)
 (-1.129609778993008E-003,-9.741389987655868E-004)
 (-1.487508374962324E-003,-1.347250481222157E-003)
 (-8.509065434421701E-004,-7.374497326480651E-004)
 (3.608629167743665E-005,1.026121177341316E-003)
 (-3.428152184790416E-004,-2.069326780742116E-004)
 (3.644488225108724E-004,4.032876621193826E-004)
 (-1.064379375447933E-003,4.669518399898518E-005)
 (-1.165297972307353E-003,-1.038546410118962E-003)
 (-1.091532174051259E-003,1.227950592625393E-003)
 (6.852650301800672E-004,7.177673023655295E-004)
 (-1.182312271910822E-004,1.382389374527232E-004)
 (-2.676137908928420E-005,-3.436377294710770E-004)
 (4.461619826737055E-006,-2.466847522350368E-004)
 (-2.050027354755870E-004,1.774148207862385E-005)
 (-1.494473495547488E-006,2.077086790071411E-004)
 (-1.616745651985625E-005,-4.208910837812886E-004)
 (0.000000000000000E+000,0.000000000000000E+000)
 (0.000000000000000E+000,0.000000000000000E+000)
 (0.000000000000000E+000,0.000000000000000E+000)
 (2.167432666340528E-002,-4.244809777969919E-003)
 (-0.157993887927857,9.334811145559427E-002)
 (-3.821122429932047E-002,-6.772550765431316E-002)
 (2.873855106100616E-002,4.816735226290915E-002)
 (5.076182867865591E-004,3.936121087575545E-004)
 (-4.147483402051637E-003,-8.868848128253497E-004)
 (-7.299126776704764E-003,2.529076661273432E-002)
 (3.749711929768681E-003,-1.215685821877012E-002)
 (3.394802672348820E-003,-1.757039980398106E-003)
 (6.761650825608298E-004,1.313246717211893E-003)
 (-1.565447876638425E-003,8.673582495420225E-004)
 (-1.544445211731750E-004,6.521366365566478E-004)
 (8.057974019127885E-005,1.637030328496404E-004)
 (-8.476341939303404E-005,-1.166470709717368E-005)
 (5.504211336749493E-004,-3.128373878647711E-004)
 (9.931099048601018E-005,-4.095015343568710E-004)
 (3.173204615551246E-005,-1.337951830938954E-004)
 (-2.176865851718279E-005,-1.820461781328338E-006)
 (-3.114356698792634E-004,-5.665558587143284E-004)
 (-2.417401025051252E-004,7.505613960194264E-004)
 (1.652333322375034E-004,7.455265452375888E-005)
 (9.217800913296237E-005,-5.718419693786088E-005)
 (-9.664649480623010E-005,-1.181726427740640E-005)
 (-1.204335526364890E-005,-6.639037678603302E-006)
 (-5.108712645952756E-005,-1.708168659197636E-006)
 (-2.336077853598398E-006,-1.071619712079211E-005)
 (-8.644932782938574E-004,4.521017480391705E-004)
 (-1.262530140022414E-004,7.289390653953228E-005)
 (8.248242393400068E-004,-4.544529706484290E-004)
 (-3.495083681957796E-005,-6.518522747376887E-006)
 (-5.605883581304400E-004,2.955582993940431E-004)
 (7.981305312128276E-006,-1.308702464616400E-005)
 (4.465740621497259E-004,-1.617532214277358E-003)
 (9.496146161144842E-004,-5.391734584877140E-004)
 (2.585127812512387E-004,4.948676940081871E-004)
 (3.250236365908728E-004,-1.533440599965452E-004)
 (5.231869444662916E-004,9.685760786405077E-004)
 (5.305721393111484E-005,2.272974227336119E-005)
 (-2.165888923217481E-005,-2.843402127492478E-007)
 (6.066335268227578E-005,-2.206062414410392E-004)
 (6.712567421338600E-005,2.270874811290917E-005)
 (-9.369161375467227E-006,1.071706941891277E-005)
 (0.000000000000000E+000,0.000000000000000E+000)
 (0.000000000000000E+000,0.000000000000000E+000)
 (0.000000000000000E+000,0.000000000000000E+000)
 AAAAAA
 (0.273672483864515,0.118130336587600)
 (1.188671528528057E-002,-5.375162171156717E-003)
 (6.208949099679765E-003,1.508432090361905E-002)
 (7.125122656099631E-004,2.811430162826879E-003)
 (4.407021132693533E-003,-1.111220933068263E-002)
 (-1.189694936799466E-002,-4.672495990932625E-003)
 (4.108792114724188E-003,-7.987049608431544E-003)
 (5.069063161957292E-003,-1.185179967881361E-002)
 (-1.073944481666647E-003,9.557010255251599E-004)
 (-5.158388324121680E-003,-1.373735788942517E-002)
 (3.412887917905078E-003,-8.082363710593012E-003)
 (-5.150487903871887E-004,5.049573199043655E-004)
 (-6.957231961365866E-003,-2.759075802958593E-003)
 (-3.281185558600301E-003,-8.533293367604762E-003)
 (2.382006502459488E-003,-4.947555830426511E-003)
 (-5.515446644532439E-004,6.453049215638974E-004)
 (1.941667797205829E-003,-4.367147819542985E-003)
 (-5.970775452637165E-004,1.917310032325489E-004)
 (-2.434668444213890E-003,-6.669808710632416E-003)
 (-4.517562289511967E-003,-1.784842045181474E-003)
 (-4.392309487388208E-003,-1.887057393597281E-003)
 (-2.276994107911674E-003,-5.853182404688768E-003)
 (1.629949983809771E-003,-3.563057487394267E-003)
 (-4.314359912148675E-004,3.717279328607310E-004)
 (-3.464042051384152E-003,-1.596874366647332E-003)
 (-2.065640868097396E-004,3.181598503881932E-004)
 (-3.439100114206803E-003,-1.461118488555843E-003)
 (-1.493422353653236E-003,-3.989965175034951E-003)
 (-2.363804950568949E-004,2.341703390909232E-004)
 (-3.467501436164963E-004,1.887417864399727E-004)
 (-2.349424979990270E-003,-1.007707827134828E-003)
 (6.565943046448089E-004,-1.656536119866484E-003)
 (-3.617346915926240E-005,8.484393300099246E-005)
 (-2.341092064629274E-004,1.527776872371331E-004)
 (-8.276993401122219E-004,-2.240443509696987E-003)
 (-1.264793812461547E-003,-5.524175082365203E-004)
 (-6.976553108535455E-004,-1.626394834609149E-003)
 (-1.663848805036362E-004,5.301382360748330E-005)
 (-8.023132637092603E-004,-3.217715022247230E-004)
 (-8.911633817583791E-004,-3.587130395701828E-004)
 (-3.094487719178175E-004,-8.276811109216276E-004)
 (2.898604646212488E-004,-6.023927820050655E-004)
 (0.000000000000000E+000,0.000000000000000E+000)
 (0.000000000000000E+000,0.000000000000000E+000)
 (0.000000000000000E+000,0.000000000000000E+000)
 (-0.190955948116776,0.331938973463951)
 (6.890259857828505E-003,2.281565143811397E-002)
 (-1.914589068483219E-002,6.678616114209465E-003)
 (1.111058246470921E-002,-2.849295766039284E-003)
 (2.841350054433693E-002,1.615238192797108E-002)
 (6.127424538410513E-003,-1.180849380869448E-002)
 (-1.440316408939313E-002,-8.782551692436847E-003)
 (-8.775352399593865E-003,-4.596094820919099E-003)
 (-2.999691524462143E-003,-1.033304644500299E-002)
 (-5.159301560785702E-004,1.408474582019759E-004)
 (-7.474392838431283E-003,-4.408253061367062E-003)
 (-2.949760389613425E-003,-1.065701161274421E-002)
 (3.256459307432861E-003,-5.767422714628447E-003)
 (-7.455735106935008E-005,-4.731136177240670E-005)
 (-5.530343012341774E-003,-3.205800229227245E-003)
 (-2.113407486297829E-003,-7.866566999668596E-003)
 (-4.951447872606112E-003,-2.718444993714653E-003)
 (-2.221343348509177E-003,-7.675535816853015E-003)
 (-2.344019287131078E-004,1.334531692760233E-004)
 (2.077521675785459E-003,-4.058577516053756E-003)
 (2.673966845074263E-003,-4.640674969469286E-003)
 (-1.230209148951622E-004,1.003097336598211E-004)
 (-4.047449544969705E-003,-2.165497933262171E-003)
 (-1.686604638613376E-003,-6.079136392154701E-003)
 (1.660579727076145E-003,-2.900458743237605E-003)
 (-1.480193011056904E-003,-5.015392338594164E-003)
 (1.681163501326498E-003,-2.751049880535160E-003)
 (-2.415346363031161E-004,1.022205186775307E-004)
 (-1.158754033291264E-003,-3.966673527550759E-003)
 (-9.803589940950289E-004,-3.352964784953780E-003)
 (1.166586505029924E-003,-2.104432235329358E-003)
 (-1.603744051892939E-003,-9.138282630611119E-004)
 (-5.896619206676330E-004,-2.466749959020793E-003)
 (-6.242347567493155E-004,-2.267799252908170E-003)
 (5.833659037360252E-005,-6.048128705134041E-006)
 (1.090083777156196E-003,-1.887471927029158E-003)
 (-1.531612558128374E-004,1.036279480466775E-004)
 (-3.344029223176085E-004,-1.236126854150229E-003)
 (5.645629296492573E-004,-9.554468494401606E-004)
 (3.090786316927922E-004,-5.266120705985906E-004)
 (-2.357421470245515E-005,-8.807988318166725E-006)
 (-5.409486739077496E-004,-2.972018396337763E-004)
 (0.000000000000000E+000,0.000000000000000E+000)
 (0.000000000000000E+000,0.000000000000000E+000)
 (0.000000000000000E+000,0.000000000000000E+000)
 (-0.183409360081123,-0.741719021724475)
 (-0.114076715162987,-7.306469793352156E-002)
 (5.333237243411935E-002,-9.241379922754894E-002)
 (-2.701797641841325E-002,4.044337527441667E-002)
 (3.147564147425347E-002,-8.450620906838171E-003)
 (5.283792134777593E-003,2.167546943734036E-002)
 (-6.453088253252004E-003,1.705901162718379E-003)
 (9.595298582948896E-004,-3.581074822148985E-004)
 (8.444193361132045E-003,4.638765246319470E-003)
 (-1.124124217844534E-003,1.916700039088222E-003)
 (-5.005987978441121E-004,1.637299654059979E-004)
 (5.929174456495792E-004,2.499774411277583E-004)
 (5.176558632754601E-004,1.661120152468450E-003)
 (-1.403944288888132E-003,2.448168904477421E-003)
 (-9.366146115373300E-004,1.935357085440656E-004)
 (2.502963990047099E-004,-1.189529127996417E-005)
 (-7.813279342939628E-004,1.954075321437523E-004)
 (-1.769735920834439E-005,-5.645466825057353E-005)
 (-9.703869754650992E-004,1.676766180973832E-003)
 (8.754484812749467E-005,-1.737579571319651E-004)
 (2.370282435954155E-004,5.783319622247697E-004)
 (-6.482126071025590E-004,1.205118377593108E-003)
 (-5.322714147055351E-004,1.345783746816234E-004)
 (2.004028708150909E-004,2.861667288616890E-005)
 (4.088954086992343E-005,5.845655285179551E-005)
 (-6.640666372740197E-004,-4.897028417217221E-004)
 (4.835594486994058E-004,1.651631067338307E-003)
 (-1.786560969923008E-004,3.235441145422316E-004)
 (7.837659656660916E-005,-2.954605117697816E-005)
 (5.875922388146500E-004,3.171287422280089E-004)
 (4.227869178156400E-004,1.466601870223941E-003)
 (-1.893697804728397E-004,6.730368982305204E-005)
 (-5.833456384874585E-004,-4.210384255656510E-004)
 (1.148918561922101E-003,6.859558053614277E-004)
 (-7.405133525499496E-004,1.232903280392679E-003)
 (6.333005923560261E-005,2.284110225808340E-004)
 (7.063892124180003E-005,-1.100041628666109E-004)
 (8.337314328620680E-004,5.075752287322443E-004)
 (-9.530587727034130E-005,-3.783427171833831E-004)
 (7.443441186094749E-006,-7.868342896488818E-005)
 (-1.100037839131375E-004,1.773394515044457E-004)
 (8.424151786636062E-006,-9.885371469959239E-006)
 (0.000000000000000E+000,0.000000000000000E+000)
 (0.000000000000000E+000,0.000000000000000E+000)
 (0.000000000000000E+000,0.000000000000000E+000)
 (3.635046990365532E-003,-7.735042774439796E-004)
 (-8.219399070728460E-002,0.114232569721784)
 (-8.517263586336007E-002,-6.394013763097442E-002)
 (5.532733427562743E-002,3.962946688193973E-002)
 (-6.933879609759805E-004,2.055011652713469E-003)
 (-9.525150358668136E-004,-2.084381753794534E-004)
 (3.082220298279147E-003,2.049775256773354E-002)
 (-2.689494010149476E-003,-1.616702450060702E-002)
 (3.100824456817030E-003,-4.282618366741052E-003)
 (2.512464410860735E-003,1.876491482749097E-003)
 (1.880001264623774E-004,1.444767939789912E-003)
 (-9.633300661152359E-004,1.374712116934593E-003)
 (-1.240816803511217E-005,5.934378969056110E-005)
 (2.966087762006354E-004,3.162625627218477E-004)
 (-2.195444259237183E-005,7.310581303052276E-005)
 (-2.535565868268608E-005,8.721412863890723E-005)
 (1.838088197657737E-005,2.706498141086309E-004)
 (8.667271196804068E-006,4.340311869514763E-005)
 (2.191944516880238E-004,2.270898478898566E-004)
 (3.193551372696242E-005,9.710699034143518E-006)
 (-8.471045143699123E-006,4.582059891193058E-005)
 (-8.699281613148941E-004,-5.407230614236652E-004)
 (1.405945493602073E-004,1.027678320675135E-003)
 (-6.509881761127866E-004,9.709948235349306E-004)
 (-5.058389181192124E-005,3.575600712213116E-005)
 (-1.640196455579538E-004,2.480114789106262E-004)
 (2.471136245729736E-006,5.426684026645929E-005)
 (-1.665086793235868E-006,3.464405005521399E-005)
 (4.690145717515234E-004,-6.199700297478247E-004)
 (-3.836954795396297E-004,5.256277032264643E-004)
 (-6.129959757876158E-006,3.884523759358391E-005)
 (-2.933979547803377E-004,-1.690553329851908E-003)
 (5.490257002771857E-004,-7.590691441152061E-004)
 (-4.340377360629482E-006,2.068335805322946E-005)
 (4.861632814599444E-004,4.167965142213432E-004)
 (-6.056024236698553E-006,2.089567034423409E-005)
 (8.898415498419772E-004,6.142037226672385E-004)
 (1.534127729974442E-004,-2.044249657897818E-004)
 (-1.038652536563758E-005,2.024980933881538E-006)
 (5.253604875104894E-006,1.014641256492180E-005)
 (2.493151727730568E-004,1.834323250541255E-004)
 (-2.533710935743367E-005,-1.328232462967177E-004)
 (0.000000000000000E+000,0.000000000000000E+000)
 (0.000000000000000E+000,0.000000000000000E+000)
 (0.000000000000000E+000,0.000000000000000E+000)
 AAAAAA
 (0.206726051310646,-9.241132476682959E-002)
 (3.163460057000522E-003,-7.438901990453854E-003)
 (4.112595659483177E-003,1.837251816905139E-003)
 (-1.696376700882974E-003,-1.334325454558134E-003)
 (-3.580435341611145E-003,-8.930271382825355E-003)
 (-3.745014254269596E-003,-8.340743127473481E-003)
 (-1.030028611070932E-002,4.165222291174060E-003)
 (-3.860424688316300E-003,-8.514188750617926E-003)
 (-2.337324556344975E-004,4.490647621905588E-004)
 (-2.659187538316173E-004,3.575375299765601E-004)
 (-9.595721415181169E-003,-3.959508508461944E-003)
 (-2.244042311206181E-003,-5.411198122195734E-003)
 (-7.287050735302994E-003,-2.986444488349262E-003)
 (-7.541317501783602E-003,-3.190187467762151E-003)
 (-5.349793937129050E-003,2.306433471215814E-003)
 (-2.041603474876296E-003,-4.646245113711046E-003)
 (-2.440701376482664E-004,2.184877414668908E-004)
 (-6.559018812434354E-003,-2.573645859196777E-003)
 (-1.735170336046281E-003,-4.055952285923967E-003)
 (-4.193893270369499E-003,1.814830613035061E-003)
 (-1.510103890704648E-003,-3.527433141632486E-003)
 (-3.526701129589785E-003,1.651217975588683E-003)
 (-4.721836160434464E-003,-1.917861007183671E-003)
 (-2.771007161918381E-003,1.158665994834330E-003)
 (-2.117918467647963E-004,2.106555400143501E-004)
 (-2.514610183052829E-003,1.113727225608641E-003)
 (1.524302819055781E-005,1.833527823630974E-004)
 (-2.261472668975321E-003,1.045937618751866E-003)
 (-6.256937988893493E-005,1.786494883613383E-004)
 (-3.898071284056943E-005,1.670866215612670E-004)
 (-2.477639844725003E-005,3.825549089239632E-005)
 (-8.472124122181299E-004,-1.907185870232269E-003)
 (2.997942694855666E-005,-4.591289548324604E-006)
 (4.321747369112833E-006,3.114483959146619E-005)
 (-2.288985733264075E-003,-8.360921903512428E-004)
 (-7.954272465456567E-006,2.513918844207488E-005)
 (-1.223566357801773E-003,5.896013504506533E-004)
 (-4.298896853147527E-004,-1.038597392136361E-003)
 (-8.967676741819390E-004,4.309373626201509E-004)
 (-1.137708827032414E-003,-4.576224138599990E-004)
 (-6.157173937448116E-004,2.679532724944404E-004)
 (0.000000000000000E+000,0.000000000000000E+000)
 (0.000000000000000E+000,0.000000000000000E+000)
 (0.000000000000000E+000,0.000000000000000E+000)
 (0.000000000000000E+000,0.000000000000000E+000)
 (-0.196779253149070,-0.815865239659802) (-0.237390056022774,-0.142348523266592)
 (2.577371154444558E-002,-4.300405035062409E-002)
 (-1.185012645954350E-002,2.112147711318347E-002)
 (2.239398326158202E-003,-5.150995016443604E-004)
 (1.803083603505691E-003,6.985043647794622E-005)
 (6.351381245975703E-003,2.370341406842091E-002)
 (6.489949617664729E-003,-1.285882831017483E-003)
 (9.694048077891671E-003,6.294865114453589E-003)
 (9.637394450943592E-003,5.927052773113037E-003)
 (-1.554139522534471E-003,2.381806340264797E-003)
 (3.991979844303581E-003,-7.708529644300648E-004)
 (-1.106496712882319E-003,1.972255031542725E-003)
 (-8.975680957298924E-004,1.418626977436608E-003)
 (1.906079987424457E-003,6.788796066797786E-003)
 (4.289821441270690E-003,-9.373114507075866E-004)
 (6.330857204204864E-003,4.073851188209980E-003)
 (-8.173170373888773E-004,1.652148480771376E-003)
 (3.529808765669977E-003,-6.943146243103427E-004)
 (1.672750617799839E-003,5.787125082715518E-003)
 (2.853897441185838E-003,-7.368880360263755E-004)
 (1.032396971901628E-003,3.745663449354045E-003)
 (-3.116137290110851E-004,7.366852810586313E-004)
 (7.625062169635827E-004,2.968749935531856E-003)
 (3.860739780359880E-003,2.404194946385578E-003)
 (8.913777593780199E-004,3.726318714968120E-003)
 (3.317104304074203E-003,2.007474367486681E-003)
 (8.898621514300555E-004,3.099296697099691E-003)
 (3.108186641044776E-003,1.845016217525654E-003)
 (3.171817706987381E-003,1.867833618471041E-003)
 (2.790677022208018E-003,1.688418942027629E-003)
 (1.636642015359862E-003,-4.379221195068137E-004)
 (2.417940087098794E-003,1.467159296202486E-003)
 (2.041110825871340E-003,1.236666230822990E-003)
 (-6.286854170322624E-004,1.003859721866600E-003)
 (1.615727729191154E-003,9.836972971289883E-004)
 (1.635023775659869E-004,4.417802196787638E-004)
 (8.412852783486535E-004,-1.701079039830340E-004)
 (2.448499425471488E-004,1.036854502774685E-003)
 (-1.410773334938025E-004,2.105307458918256E-004)
 (2.398471372392809E-004,1.027911291397834E-003)
 (0.000000000000000E+000,0.000000000000000E+000)
 (0.000000000000000E+000,0.000000000000000E+000)
 (0.000000000000000E+000,0.000000000000000E+000)
 (0.000000000000000E+000,0.000000000000000E+000)
 (0.287000266971861,8.827259615944591E-003)
 (-0.129303574630071,0.128157885620939)
 (-1.572512130506749E-004,4.345395411993459E-003)
 (3.045070902221671E-002,2.905483176183748E-002)
 (-6.405379340102685E-005,1.403361446081274E-002)
 (1.912620971374315E-004,1.377100434983665E-002)
 (-1.548621444160737E-002,-5.790409227363676E-005)
 (5.020742620971832E-004,-1.188859531803245E-002)
 (3.468528492203542E-003,-3.061704875080713E-003)
 (1.606723376662036E-003,-1.371562671652949E-003)
 (-2.206376754144937E-003,-2.656931491482462E-003)
 (3.972347043595677E-004,-4.442058173813897E-003)
 (-2.321759975049510E-003,-2.748255770311298E-003)
 (-2.958871735855126E-003,-3.396797825794709E-003)
 (-5.364627869966776E-004,-1.533492009793329E-004)
 (2.909503645881655E-004,-5.459716790815384E-003)
 (2.384243593817929E-003,-2.183392117542306E-003)
 (-2.309300339725060E-003,-2.656082159535232E-003)
 (2.834767703015060E-004,-3.779309688072313E-003)
 (-4.209041251497322E-004,-1.575468240188684E-004)
 (1.892621979056362E-004,-4.335340337890599E-003)
 (4.292461379390750E-004,4.479800176541229E-005)
 (-1.065963778375558E-003,-1.407056726472313E-003)
 (-1.414384567674824E-004,-5.219458222636316E-005)
 (1.449280812033362E-003,-1.383622875163789E-003)
 (-5.875395329623446E-004,-1.053612256541234E-005)
 (1.836177545621013E-003,-1.636302397876905E-003)
 (-2.376096245967479E-004,-2.362347302148645E-005)
 (6.792104054794925E-004,-6.338746287097730E-004)
 (7.169524001886802E-004,-6.514474269196190E-004)
 (3.577593972789325E-004,-3.337470224812797E-004)
 (9.710072143822966E-005,-2.823061490739583E-003)
 (6.682922735634293E-004,-6.064428294836630E-004)
 (1.119311069556318E-003,-9.921938586964778E-004)
 (-6.593826250005086E-004,-6.963205118471962E-004)
 (1.715046668503134E-003,-1.621928428463543E-003)
 (4.230785159352787E-004,2.980872646611647E-005)
 (3.797893819720303E-005,-6.499334199390708E-004)
 (1.715411446986659E-004,-2.062397587684734E-007)
 (-6.845891079793428E-005,-9.923668351178845E-005)
 (-1.216150148738559E-004,2.783975527940827E-006)
 (0.000000000000000E+000,0.000000000000000E+000)
 (0.000000000000000E+000,0.000000000000000E+000)
 (0.000000000000000E+000,0.000000000000000E+000)
 (0.000000000000000E+000,0.000000000000000E+000)
 (1.196427189229078E-003,7.971723467068139E-004)
 (-0.533291947175533,-3.486375097325698E-002)
 (5.237740581675726E-004,-1.591196181735440E-002)
 (-3.344389671242898E-004,-1.224457100251120E-002)
 (3.618045222847283E-002,-3.150925264166723E-002)
 (-3.621763040953985E-002,3.288055278027209E-002)
 (-7.248823648407490E-004,-3.336330558623348E-004)
 (4.388954249750268E-003,-4.437250545301664E-003)
 (5.594183053488858E-003,1.853160557944476E-004)
 (-1.421505125583408E-003,-1.704464887004189E-004)
 (-1.403455239132431E-004,-3.572298940418843E-004)
 (7.092896639396637E-004,-8.257223196004560E-004)
 (-9.060468249323097E-005,7.957142390292539E-005)
 (-9.068040507250418E-005,4.423744353855769E-007)
 (-1.243481667052432E-004,-1.282396283354478E-004)
 (-6.215958630604690E-005,-1.236657574902650E-004)
 (5.842083545897465E-005,-8.465877621061224E-005)
 (-7.684441271290065E-005,-1.134681258304771E-004)
 (1.225671248353947E-004,-2.516331877918436E-004)
 (4.092168431325929E-004,4.570051960397114E-004)
 (-1.176188113428376E-003,9.477268219370685E-004)
 (-3.131982706208969E-004,-3.560607552687899E-004)
 (-8.658728807836921E-005,-1.881118710108918E-004)
 (-4.085015930287162E-004,-4.439967793685779E-004)
 (-1.316373834957100E-003,-1.375052986792371E-004)
 (2.504277069965969E-004,2.673992077376199E-004)
 (3.484249506118850E-004,-2.115905353106155E-005)
 (-5.437704967189269E-004,-6.462644182448851E-004)
 (-1.003970481446169E-003,-1.046207002653214E-004)
 (9.273253887616515E-004,-7.131342896840191E-007)
 (-2.927672329529514E-005,-2.835317147162578E-005)
 (3.811638534767632E-004,-4.317139532671570E-004)
 (1.542226439660851E-003,3.275125081719867E-005)
 (-1.863205329974371E-003,-1.680176014890082E-004)
 (-3.295501197942950E-005,-1.227688741875789E-004)
 (-1.437067723793231E-006,-4.376755250494992E-005)
 (4.099349266455671E-004,4.987434686695949E-004)
 (1.280714693235714E-003,-1.219706299303446E-003)
 (6.790655848770680E-004,7.771499210159105E-004)
 (-3.190302451140355E-005,1.011949513756018E-004)
 (-2.932470262753684E-004,-3.383529087401628E-004)
 (0.000000000000000E+000,0.000000000000000E+000)
 (0.000000000000000E+000,0.000000000000000E+000)
 (0.000000000000000E+000,0.000000000000000E+000)
 (0.000000000000000E+000,0.000000000000000E+000)
 AAAAAA
 (0.259110473435520,-0.190063131574433)
 (4.648889668520353E-003,-1.607370984658930E-002)
 (1.113059507679811E-002,1.474386681043682E-003)
 (7.080564130249952E-004,-2.004664625512246E-004)
 (-5.441837552876065E-003,-7.030407391224327E-003)
 (-1.115539701215567E-002,7.594110826463073E-003)
 (-4.972695726224845E-003,-7.563990037344242E-003)
 (-6.219906457954060E-003,-8.381875561915683E-003)
 (-5.413705317944646E-004,7.420502768802507E-004)
 (-1.254479415673874E-002,-1.754038058824820E-003)
 (-7.809786245782224E-005,9.010355292085781E-004)
 (-4.354676931073566E-003,-5.504991168749687E-003)
 (-6.084263540235890E-003,4.080789271076117E-003)
 (-7.846497711420028E-003,-1.223772604546648E-003)
 (-7.619174001445787E-003,-1.240745592033511E-003)
 (-7.717336463069020E-003,-1.377062083862904E-003)
 (-2.852551526490194E-003,-3.992507134873861E-003)
 (-9.742176337241941E-005,5.521939090490480E-004)
 (-2.408423920305970E-003,-3.565444085539120E-003)
 (-2.563021730446912E-003,-3.329655457850147E-003)
 (-3.448897590994703E-003,2.341602127779908E-003)
 (-3.457541090476633E-003,2.599122105515471E-003)
 (-6.273484882226297E-005,2.900846239880711E-004)
 (-2.723935758559369E-003,1.775725804521743E-003)
 (-4.403589437995336E-003,-7.344552625181289E-004)
 (-1.017100840224039E-004,2.140799956557999E-004)
 (-4.566314527381776E-005,3.293415652549422E-004)
 (-2.599938701575994E-003,1.794956974225619E-003)
 (-2.301725899518323E-003,1.584200342265994E-003)
 (-2.580422120669699E-005,2.001463572274606E-004)
 (-8.775173157023392E-005,2.939788928576820E-004)
 (-8.860101754153246E-005,2.934305520619518E-004)
 (-1.237465861425581E-003,-1.588309561049347E-003)
 (-2.403067326989647E-003,-3.592234908104438E-004)
 (4.679070627918716E-006,7.904353421770999E-007)
 (-2.517295318304720E-005,1.746039846770247E-004)
 (-5.678623489713103E-004,-7.944878534309932E-004)
 (-8.977364097756454E-004,6.389101169327613E-004)
 (-7.582010594271697E-004,5.528215851385822E-004)
 (-7.968244634759496E-004,5.594849813726119E-004)
 (-1.250789520538950E-003,-2.440504877909787E-004)
 (-9.011718298497773E-004,-1.377140089451342E-004)
 (0.000000000000000E+000,0.000000000000000E+000)
 (0.000000000000000E+000,0.000000000000000E+000)
 (0.000000000000000E+000,0.000000000000000E+000)
 (-0.260692676888959,-0.723060612310357)
 (-0.152239014492491,-6.800685524712302E-002)
 (1.977299038608663E-002,-4.712189833450651E-002)
 (-1.218402764185137E-002,2.780142767173658E-002)
 (-5.508802362264129E-003,1.432684573130867E-003)
 (7.419709343063387E-003,2.025505022926249E-002)
 (9.633591318446981E-003,-4.119320250123968E-003)
 (9.516476916608008E-003,-3.809005650309245E-003)
 (1.078347849715216E-002,4.945501613349095E-003)
 (-2.777818293271664E-004,7.105694224261235E-004)
 (1.050294176415216E-002,4.686988612956213E-003)
 (5.792775686165714E-003,-2.466111558938561E-003)
 (2.146763615107412E-003,6.514057239495199E-003)
 (-2.517896456773277E-004,3.996343336079428E-004)
 (-2.048055776296357E-004,3.225091380624776E-004)
 (-2.554921314885726E-004,3.710474315382515E-004)
 (4.424060031142503E-003,-1.606576444163475E-003)
 (5.984034259804530E-003,2.661121474749708E-003)
 (4.186927060469431E-003,-1.582340471967535E-003)
 (3.970931288002475E-003,-1.452954491448133E-003)
 (1.207072330432715E-003,3.432974637871625E-003)
 (1.542910803274798E-003,4.287482269950791E-003)
 (5.582912689071981E-003,2.524878767488374E-003)
 (1.226646368203877E-003,3.456255958394394E-003)
 (2.349970542274036E-005,-9.371218027869597E-005)
 (3.901219775636185E-003,1.762942691383852E-003)
 (4.075295954107143E-003,1.866874531797199E-003)
 (8.475216303454654E-004,2.487572928634627E-003)
 (1.038167771957993E-003,2.974355689866643E-003)
 (2.927825562607391E-003,1.319031333437382E-003)
 (3.003591829898469E-003,1.350586597717420E-003)
 (2.971298573023669E-003,1.358858906911521E-003)
 (1.929487439375589E-003,-7.406179327778902E-004)
 (-3.105694671944537E-004,6.615008194616103E-004)
 (1.914373309690131E-003,8.982576238822193E-004)
 (2.005388765982898E-003,8.445754586957352E-004)
 (7.730487396596590E-004,-2.845781594016762E-004)
 (1.592995494931513E-004,3.922816322457776E-004)
 (5.239982700209450E-004,1.347168484561574E-003)
 (2.999416285523259E-004,7.569910310174480E-004)
 (-3.104457928140359E-005,3.326793126022331E-005)
 (-8.291185066655414E-005,2.145611137650942E-004)
 (0.000000000000000E+000,0.000000000000000E+000)
 (0.000000000000000E+000,0.000000000000000E+000)
 (0.000000000000000E+000,0.000000000000000E+000)
 (0.227562319333947,-0.331126255419327)
 (6.527517385051283E-003,2.733085498672010E-002)
 (9.427351169687752E-003,-2.806238763572100E-003)
 (2.819102706363876E-002,-5.746082435830455E-003)
 (2.044464600536801E-002,1.325923070021191E-002)
 (-7.387865464923510E-003,1.233826345360220E-002)
 (2.059655793646819E-005,3.955019655789765E-004)
 (-9.980375733653072E-003,-6.996819460841146E-003)
 (-5.433217216178170E-004,-3.100573258787605E-003)
 (-3.151879885607646E-003,6.012085232525977E-004)
 (-4.147492961398512E-004,-2.999850257493522E-003)
 (-3.880916471185416E-003,-2.471279433060250E-003)
 (-1.406256627841957E-004,3.140882452473915E-004)
 (-3.395641418555285E-003,6.733320249524568E-004)
 (-3.179208786417610E-003,6.061463739776055E-004)
 (-3.312944649863891E-003,5.939369249055510E-004)
 (-3.331769217480957E-003,-2.391336102072187E-003)
 (-4.485669308352410E-004,-2.595366667711473E-003)
 (-3.456681956288136E-003,-2.492383772954327E-003)
 (-2.555126580456325E-003,-1.744035688655290E-003)
 (4.678958990034105E-004,-6.241452772619280E-004)
 (-2.661556005602089E-004,5.711876560502344E-004)
 (-5.221833733708318E-004,-2.931045128351651E-003)
 (1.342769975153829E-004,-2.070214944894241E-004)
 (-1.297426799844102E-003,2.183921717384918E-004)
 (-4.370528747437032E-004,-2.385669143530800E-003)
 (-2.118955779505619E-004,-1.395995730925500E-003)
 (1.211047034747654E-004,-1.275881855053703E-004)
 (-2.173048629970258E-004,3.945520313270246E-004)
 (-2.986728228711496E-004,-1.742626190316031E-003)
 (-1.155231405781384E-004,-6.768756212457334E-004)
 (-8.121755623009125E-005,-5.556246132464222E-004)
 (-1.946779668482570E-003,-1.348202768065354E-003)
 (-9.310789186255566E-004,1.726332036356636E-004)
 (-3.855554261723882E-004,-2.068610400309118E-003)
 (-3.660587882884237E-005,-1.965621763142808E-004)
 (-4.193605319136795E-004,-3.093620426721766E-004)
 (1.340253983858069E-004,-2.246994938593684E-004)
 (4.159935090425133E-005,-3.553789855992199E-005)
 (-4.949117017012491E-005,4.136002762114638E-005)
 (-3.809627746064570E-005,-3.547907055900074E-006)
 (-7.101901370051647E-004,1.305273062928868E-004)
 (0.000000000000000E+000,0.000000000000000E+000)
 (0.000000000000000E+000,0.000000000000000E+000)
 (0.000000000000000E+000,0.000000000000000E+000)
 (-0.137393832821228,-6.035200262134752E-002)
 (-0.372217436255967,0.165161010548937)
 (-2.714461387892167E-002,-5.742986462108626E-002)
 (1.791791541437454E-002,3.887590387835543E-002)
 (1.611525001070905E-002,-3.515903091598212E-002)
 (5.464538006861874E-003,1.898289462450934E-003)
 (-1.612131215460619E-002,3.758644538214094E-002)
 (3.131941087427060E-003,-7.855727574180222E-003)
 (5.245542483534019E-003,-2.334105241763024E-003)
 (4.931813431550889E-004,1.375743074955315E-003)
 (-3.507671045050323E-003,1.521119217383526E-003)
 (-2.682657289724749E-004,8.529476880429550E-004)
 (-9.951447223109492E-004,-3.983656454583226E-004)
 (8.907894419452121E-005,2.183922769272054E-004)
 (8.241544229158494E-005,2.211414801972059E-004)
 (-6.097736922435935E-005,-9.310261782330597E-005)
 (-4.288355413126425E-004,1.011813634090139E-003)
 (-1.496570994164953E-003,6.728057557537452E-004)
 (-5.814493366974694E-004,1.397534840449876E-003)
 (-4.600161177254131E-004,1.114019737282428E-003)
 (-1.327394890299128E-003,-5.093971757701537E-004)
 (3.578958911927974E-004,1.627718008835094E-004)
 (-2.334487533111811E-003,1.047601856793724E-003)
 (-1.422579054914515E-003,-5.842374356105712E-004)
 (-5.496294862229094E-005,-6.241969463552419E-005)
 (-2.203539856117080E-004,1.251395516488896E-004)
 (-1.747617697617300E-003,7.567068864278265E-004)
 (-7.858768366043924E-004,-3.253734574643406E-004)
 (1.233121998304803E-006,-7.534913755131685E-006)
 (-1.519316496760955E-003,6.532435562050834E-004)
 (9.534083516158550E-005,-1.749459268284625E-005)
 (-7.263538857396563E-004,3.093968311632927E-004)
 (1.984070908574094E-004,-4.716888976239367E-004)
 (2.542847683419014E-004,5.622670206428845E-004)
 (-1.846532061576809E-004,8.745213677263273E-005)
 (1.067401006401748E-003,-4.324481538090339E-004)
 (2.086177378742178E-004,-5.148357874737749E-004)
 (8.738116153676211E-005,7.658035492611111E-005)
 (-8.188568450197175E-004,-3.343144277391193E-004)
 (3.128225131774325E-004,1.350569524962088E-004)
 (9.872418162078301E-005,2.535422450058904E-004)
 (3.170083414743739E-006,-1.289352006093339E-005)
 (0.000000000000000E+000,0.000000000000000E+000)
 (0.000000000000000E+000,0.000000000000000E+000)
 (0.000000000000000E+000,0.000000000000000E+000)
 AAAAAA
 (0.518399833670516,-9.624633721373949E-002)
 (2.194818999410081E-002,-2.403715546369412E-002)
 (1.830665060764729E-002,1.648710178806671E-002)
 (-4.509489313904991E-004,-2.806193428852707E-003)
 (-2.300314300627047E-003,-1.098638838373971E-002)
 (-1.905900735583342E-002,2.700302345769112E-003)
 (-1.506052659994123E-003,-5.365876837495271E-003)
 (-2.223955707427495E-003,-1.066113147803786E-002)
 (-2.431794368718117E-003,2.941339226624691E-003)
 (-1.308093548365740E-002,-9.107836027210390E-003)
 (-1.166757880722386E-003,-7.122809641152235E-003)
 (-2.074392561578386E-003,2.637505113164720E-003)
 (-9.413417421519705E-003,1.749882155082518E-003)
 (-7.361937073064956E-003,-5.104736123688957E-003)
 (-7.549025546600331E-004,-3.704741116890928E-003)
 (-6.101438704283275E-003,-4.063395006504263E-003)
 (-6.427197430021322E-003,-4.258545247363773E-003)
 (-1.198051427898643E-003,1.607621669223753E-003)
 (-1.031275543591867E-003,1.049464706136330E-003)
 (-7.263285286217260E-004,-3.685379278807667E-003)
 (-6.577507744213750E-004,-3.320470251964365E-003)
 (-5.181835098193957E-003,9.160391155059748E-004)
 (-4.958591046286146E-003,7.634772943815929E-004)
 (-4.799438607395082E-003,8.712115978086519E-004)
 (-8.322719496312906E-004,1.126223354718672E-003)
 (-6.596939392523023E-004,8.523656569175337E-004)
 (-3.551508743716857E-003,6.630422293284352E-004)
 (-5.756719765571986E-004,6.996989074086978E-004)
 (-3.237845141687850E-003,-2.221234808676517E-003)
 (-3.351056404049599E-003,5.990729275785281E-004)
 (-7.160836738173622E-004,8.543415862804460E-004)
 (-6.096487976202048E-004,7.309042487915868E-004)
 (-4.454416706579173E-004,-1.607380730584566E-003)
 (-2.238722475422374E-003,-1.508754800707227E-003)
 (-2.533610108412576E-004,3.255767361674057E-004)
 (-1.656723858913999E-003,2.427917619485141E-004)
 (-3.261021882674098E-004,3.980726694052408E-004)
 (-1.157993306852966E-004,-7.026691664201207E-004)
 (-1.051651531032136E-003,-7.262777739032622E-004)
 (-9.809178035324949E-004,-6.224944286406742E-004)
 (-9.770779819940612E-004,1.627584488374053E-004)
 (-9.360864283968253E-004,1.961746320670888E-004)
 (-8.008345544748856E-005,-4.081284836091082E-004)
 (-7.820884788296011E-004,1.150195708279424E-004)
 (0.000000000000000E+000,0.000000000000000E+000)
 (9.551377426302249E-002,0.477659733005166)
 (5.650515479570850E-002,3.707850409991306E-002)
 (-2.480875725013848E-002,3.686379306188511E-002)
 (1.651035455069308E-002,-2.765384369503299E-002)
 (1.722765887819652E-002,-4.212580819550947E-003)
 (-2.863821581390336E-003,-1.379898677320377E-002)
 (-1.581378306590152E-002,3.224179327856761E-003)
 (-1.415859320836660E-002,3.257327931254330E-003)
 (-1.015630584457738E-002,-6.642892884215120E-003)
 (-1.625686934864761E-003,2.756479119449466E-003)
 (-1.004285265661696E-002,1.999625490213578E-003)
 (-9.664772782336843E-003,-6.348992402450477E-003)
 (-1.289888989033186E-003,-5.615907308343064E-003)
 (-6.234800391434276E-004,1.478835391618024E-003)
 (-6.535962620675981E-003,1.595789642069498E-003)
 (-6.253604999642007E-004,1.383082905138760E-003)
 (-8.265449536278000E-004,1.288161770237420E-003)
 (-6.244793331548953E-003,-4.185338858023231E-003)
 (-5.151843189029132E-003,-3.550446082528035E-003)
 (-5.329184833150563E-003,1.268564328425714E-003)
 (-5.082072214976356E-003,9.811218036266597E-004)
 (-6.201285090302526E-004,-3.094943413688063E-003)
 (-7.299726059234242E-004,-3.374654779326414E-003)
 (-5.125138287933959E-004,-2.772120529831504E-003)
 (-4.547490562691214E-003,-3.057794799613091E-003)
 (-4.046819231455507E-003,-2.824890294529818E-003)
 (-4.352443302685916E-004,-1.969951740413060E-003)
 (-3.474316053293670E-003,-2.292005307493705E-003)
 (-5.556817210371622E-004,7.986342271951096E-004)
 (-4.103991175662489E-004,-2.121267065486832E-003)
 (-2.670936573413103E-003,-1.774318358721120E-003)
 (-2.354071372835163E-003,-1.531604217883807E-003)
 (-2.601623643537110E-003,6.066498967861313E-004)
 (-3.178608438944428E-005,1.444584445411072E-004)
 (-1.966867157262638E-003,-1.341262398393525E-003)
 (-3.584226194940082E-004,-1.665014153426996E-003)
 (-1.301281403058499E-003,-8.764855221111944E-004)
 (-9.238680013154699E-004,2.066939968049326E-004)
 (-1.429745478125341E-004,2.404271741962195E-004)
 (-1.776735546260784E-005,1.040253285879969E-004)
 (-6.994973371865683E-005,-3.906753434241923E-004)
 (-1.039368731206768E-004,-4.493161785422964E-004)
 (-8.306687908997047E-004,2.208054421430955E-004)
 (-1.292538449831340E-004,-5.781078720746534E-004)
 (0.000000000000000E+000,0.000000000000000E+000)
 (-0.263560319241844,-0.556343559980371)
 (-0.113526343798310,-4.408160836118394E-002)
 (2.141068194390319E-002,-5.194538846579817E-002)
 (-3.798100045487418E-003,9.152210504233239E-003)
 (3.370277814498625E-002,-1.667305402155602E-002)
 (6.843127607786345E-003,1.566787890954360E-002)
 (-7.324927209291997E-003,3.517200458293818E-003)
 (-2.480613953202936E-003,1.387269632987616E-003)
 (3.520207929818937E-003,1.543842349524158E-003)
 (1.904375816459550E-005,-4.009366539726338E-005)
 (-9.813754356088646E-004,4.057254547749129E-004)
 (-1.422849315055114E-003,-5.204526902210451E-004)
 (-6.315068742189820E-005,-2.644910626023076E-005)
 (-5.702297859873697E-004,1.696471181772349E-003)
 (-1.842610109132846E-003,9.223783308824414E-004)
 (-3.789552176213250E-004,1.192109115875822E-003)
 (-4.683377732556833E-004,1.296370261656184E-003)
 (-1.643687266916136E-003,-5.971380962738423E-004)
 (-1.278530906461807E-003,-4.788771014986373E-004)
 (-9.597854319647416E-004,4.798710133608976E-004)
 (-1.006619005044981E-003,4.791106889909312E-004)
 (-4.909391469270665E-004,-1.022296071283782E-003)
 (-2.680348596442594E-004,-4.958351917525212E-004)
 (3.395504077025603E-004,7.202250081501318E-004)
 (-9.518345334037924E-004,-3.552264801641771E-004)
 (-1.179180163964028E-003,-4.350519626722404E-004)
 (-1.840445327905584E-004,-3.765190405882393E-004)
 (-1.291950686104848E-003,-4.615565965975399E-004)
 (-7.777346269827743E-005,1.490731847745892E-004)
 (2.383451435285307E-004,5.115402774820352E-004)
 (-5.565086748588865E-005,-1.158395861917429E-005)
 (2.925130019303058E-004,1.143553566805007E-004)
 (-7.561741173483212E-004,3.759746366492017E-004)
 (-3.026994557872125E-004,8.302070735386293E-004)
 (-1.140330104865084E-003,-4.052730206438882E-004)
 (-8.894701033319449E-005,-1.756866498634350E-004)
 (6.412472780178884E-004,2.447355014863381E-004)
 (-4.365163945448689E-005,1.131952713839941E-005)
 (4.540927972837460E-005,-1.258193259280082E-004)
 (-2.224735396291587E-004,6.426741844098400E-004)
 (-9.693170311171750E-005,-1.910045559124308E-004)
 (3.834038901018110E-005,8.578216512287795E-005)
 (-3.822071909452347E-004,1.859317202470318E-004)
 (-1.492523550132457E-004,-2.900464010839225E-004)
 (0.000000000000000E+000,0.000000000000000E+000)
 (-7.430175285666142E-002,2.588489106477705E-002)
 (-0.110784089862053,0.240318934914485)
 (-8.024524598178603E-002,-3.483290230524527E-002)
 (6.816400741022978E-002,3.124357169792097E-002)
 (-6.478385406152169E-003,-1.683272719567442E-002)
 (1.289872461177783E-003,-1.674751303953382E-003)
 (8.097375923447898E-003,2.285124494116098E-002)
 (-5.926536917229585E-003,-1.531572885819595E-002)
 (3.967440717521145E-003,-8.974957716402525E-003)
 (2.218317868507892E-003,1.071249838463986E-003)
 (-4.059660113232647E-004,-1.107556639444234E-003)
 (-5.908000355670760E-004,1.023938361603167E-003)
 (-3.615337953786074E-004,1.098914691049297E-004)
 (-9.448028156735304E-004,-4.014741864215571E-004)
 (-3.900820748933818E-004,-9.434365726269263E-004)
 (-1.221005814581407E-003,-5.296253671948333E-004)
 (-8.435538486290498E-004,-3.680070160403023E-004)
 (-3.792141463651198E-005,1.815619315943687E-005)
 (-9.066895073088065E-005,1.031387805812535E-004)
 (-2.477362851694299E-004,-5.680505835068759E-004)
 (-6.211993982905368E-005,-9.997085830301238E-005)
 (-6.634320933082027E-004,1.789554414272583E-004)
 (-1.061033730015909E-003,3.237417274236378E-004)
 (2.511517976282980E-004,-1.181900579089526E-004)
 (-4.347066309293585E-004,8.377683482509383E-004)
 (4.829397217090636E-004,-1.005038356890945E-003)
 (-3.088510876539671E-004,8.847020489563672E-005)
 (-1.238663172414109E-004,2.477964362545401E-004)
 (-4.450438060058807E-004,-1.946321565534298E-004)
 (1.012719877371230E-005,2.698047316071546E-006)
 (-1.465252152149654E-004,2.690057703038955E-004)
 (1.943612428916755E-004,-4.465735984298936E-004)
 (-5.982111870621786E-004,-1.583955443611146E-003)
 (2.867214438943294E-004,1.735844829009014E-004)
 (3.581077780981850E-004,-7.796399779481738E-004)
 (-7.863681116134951E-004,2.582970745389477E-004)
 (4.320049393543952E-004,-9.035755462490189E-004)
 (-1.494464941984970E-004,-4.118205059550357E-004)
 (2.454132398677311E-004,1.029282440705570E-004)
 (-3.571802884654907E-004,-1.410361331062724E-004)
 (8.235753863819681E-005,-2.692110459447635E-005)
 (1.136453003487199E-004,-3.419890916597457E-005)
 (-8.075715338458170E-005,-1.971085116512353E-004)
 (-2.802017622282755E-004,8.571623938093427E-005)
 (0.000000000000000E+000,0.000000000000000E+000)
 AAAAAA
 (0.268796654491387,-0.441728808762814)
 (-9.716691157240234E-003,-5.140156388616510E-002)
 (1.641230035439938E-002,-2.596374991949934E-003)
 (-2.337662277271681E-003,-3.778855874756390E-004)
 (-5.849360761143309E-003,-3.845319615529305E-003)
 (-6.333947799509852E-003,-3.898116354100821E-003)
 (-9.626632754582176E-003,1.590042639052508E-002)
 (-8.066187613309871E-003,-4.451180080222406E-003)
 (-1.347605332737387E-002,3.516623362974898E-003)
 (6.896557628792892E-004,2.703476193006587E-003)
 (6.149499695631035E-004,2.485887950968965E-003)
 (-5.659439678555159E-003,-3.393021785510094E-003)
 (-4.475328344734025E-003,8.038680689072470E-003)
 (-8.976249770885361E-003,2.570142780537661E-003)
 (-8.231732363491439E-003,2.340218641243976E-003)
 (-6.960127247449468E-003,1.827619974121608E-003)
 (-3.371321652470013E-003,-1.884372303876645E-003)
 (-2.860254414354409E-003,5.027589558348334E-003)
 (-3.407134956637926E-003,-2.049308320223533E-003)
 (2.729554588571787E-004,9.834819848143993E-004)
 (-2.989674508652426E-003,-1.870190316232269E-003)
 (-2.143024481531268E-003,3.751241165676441E-003)
 (1.425626481196607E-004,1.016241133759902E-003)
 (2.281713437151671E-004,7.293208469309805E-004)
 (-1.927842137663708E-003,3.219110540324667E-003)
 (-4.086464928323118E-003,1.039418489432731E-003)
 (-1.769283902579365E-003,2.841959534798399E-003)
 (1.922793038667059E-004,8.182641771291014E-004)
 (1.239021006316939E-004,7.696060148187818E-004)
 (-1.787612898536325E-003,-1.072618351695388E-003)
 (-1.485704638176147E-003,2.468283190825708E-003)
 (1.757497741531470E-004,8.531590845453884E-004)
 (1.346376005398277E-004,5.832701474953186E-004)
 (-2.728071502406974E-003,6.591817362451067E-004)
 (4.579453908333802E-005,4.043914644646364E-004)
 (6.802457668516162E-005,1.878998210563953E-004)
 (-8.666876176486065E-004,-5.302760216649632E-004)
 (-6.574285337954503E-004,1.134201073027032E-003)
 (-1.186510228567498E-003,2.929650540790197E-004)
 (-5.859020497842163E-004,9.537506070947358E-004)
 (-5.762607489893520E-004,9.396071257862288E-004)
 (-5.341663837080679E-004,-3.094714407237285E-004)
 (-4.301612993087093E-004,-2.310759041077370E-004)
 (-4.056631489333571E-004,6.791795962618283E-004)
 (0.000000000000000E+000,0.000000000000000E+000)
 (0.518052598071498,0.469210826904813)
 (0.268439597236740,-1.239498068974119E-002)
 (1.460797014004547E-003,4.778171880946337E-002)
 (-2.448951744095983E-003,-3.092947048719618E-002)
 (-3.479179385812395E-003,2.649388195491005E-003)
 (-2.540524505182962E-003,3.939306442502300E-003)
 (-1.387274018593843E-002,-1.243580373776059E-002)
 (-8.643177285296734E-003,9.084098889973788E-003)
 (-1.491099989254265E-004,1.674665507818626E-003)
 (-1.209372865723787E-002,2.872692264814301E-004)
 (-1.141260539400182E-002,3.564071321690175E-004)
 (-5.587803688846281E-003,5.941084259787455E-003)
 (-4.523066736589354E-003,-3.737905181686073E-003)
 (2.678972363689938E-004,1.176838418039457E-003)
 (9.124693643035786E-005,1.541719050330845E-003)
 (1.485087810436090E-004,1.187837965581085E-003)
 (-3.538244807706582E-003,3.809876626729058E-003)
 (-2.881124145550980E-003,-2.652070860659998E-003)
 (-3.295551890518065E-003,3.575130246410120E-003)
 (-5.011224313425456E-003,1.298635267223691E-004)
 (-3.161670824818669E-003,3.475782336695601E-003)
 (-1.914157842181299E-003,-1.849301689229037E-003)
 (-5.508380932098687E-003,3.026067819819340E-004)
 (-5.063767761854280E-003,2.956309092704316E-004)
 (-2.042563123527063E-003,-1.830953266526353E-003)
 (8.479997852398080E-005,9.063563755457395E-004)
 (-1.651239849014698E-003,-1.686971582443184E-003)
 (-3.704060114539967E-003,1.911157843949452E-004)
 (-3.691436464008919E-003,7.736515385942653E-005)
 (-1.908232953716361E-003,2.157621420893718E-003)
 (-1.245147701729888E-003,-1.043567193170866E-003)
 (-3.100518496041719E-003,1.313285212910964E-004)
 (-2.766490182499725E-003,1.002876626267367E-004)
 (-5.141357735659671E-005,-9.301565177408067E-005)
 (-2.482371646866743E-003,7.861729380453724E-005)
 (-2.173144724898391E-003,1.394277573774881E-004)
 (-8.964481778135529E-004,9.956084128445255E-004)
 (-5.564255926899264E-004,-5.416053664098866E-004)
 (2.343974813105509E-006,-1.246095874642754E-004)
 (-2.643407383551955E-004,-2.432415850243841E-004)
 (-7.393237599036344E-004,-6.334953576229354E-004)
 (-6.797819654853300E-004,7.772070916457841E-004)
 (-5.146423342225697E-004,5.911369109929537E-004)
 (-5.571519853522140E-004,-5.012805258362107E-004)
 (0.000000000000000E+000,0.000000000000000E+000)
 (0.175361856881139,-0.319360264082919)
 (4.289835408919671E-002,0.140106468064350)
 (-1.211179398499122E-003,1.608565457201252E-003)
 (3.311238258869758E-002,-8.285079779258006E-003)
 (9.343918779941968E-003,4.990411391775366E-003)
 (9.626230927971484E-003,4.521356806073916E-003)
 (-4.957695868476019E-003,9.881978357683483E-003)
 (-8.482501999916108E-003,-4.997144310801532E-003)
 (-5.912977366156578E-004,-1.017606198983902E-005)
 (-9.865277554893127E-004,-4.315834033317246E-003)
 (-4.481958606644449E-004,-2.324624118060197E-003)
 (-3.197351900875649E-003,-1.934672764557687E-003)
 (2.104689490347112E-004,-4.534679527194896E-004)
 (-2.397256057023150E-003,7.616908102639053E-004)
 (-2.699646273630712E-003,7.500191825854663E-004)
 (-2.045838643429698E-003,5.804853368425731E-004)
 (-2.205539735204526E-003,-1.319805403441460E-003)
 (1.141589793398366E-004,-1.162466820874848E-004)
 (-2.002474773961860E-003,-1.207601374487527E-003)
 (-4.155691623771286E-004,-1.766864640531663E-003)
 (-2.676753174299356E-003,-1.581712249906384E-003)
 (5.097732827854086E-004,-7.877017501319054E-004)
 (-5.976683127285473E-004,-2.112826633854274E-003)
 (-7.514218196430300E-004,-2.679983268568424E-003)
 (-6.697807090591458E-005,1.369099484503225E-004)
 (-7.217737068694177E-004,2.032422446677518E-004)
 (8.907833296818382E-005,-1.055144908948076E-004)
 (-2.381453330480258E-004,-9.510115318326068E-004)
 (-2.195957308973220E-004,-9.948626058450161E-004)
 (-1.859806458173105E-003,-1.044706961645182E-003)
 (1.399961290996414E-004,-3.175771814634572E-004)
 (-1.017872456052591E-004,-4.709180051444184E-004)
 (-2.001590066599208E-004,-7.767404906060468E-004)
 (-6.101044707840194E-004,1.033917280913537E-004)
 (-3.217118072558316E-004,-1.185974951598775E-003)
 (-5.236835751228715E-004,-1.809304977155521E-003)
 (-4.397743688765335E-004,-2.637125022539080E-004)
 (1.402645639928459E-004,-2.414995585809063E-004)
 (-8.759239012502371E-004,2.385736869783526E-004)
 (1.977165813904148E-004,-3.786549081414229E-004)
 (-8.326981567433407E-005,9.930837453690638E-005)
 (-8.968849860573872E-004,-5.046605945963327E-004)
 (-5.499590205033106E-004,-3.024390163879598E-004)
 (-5.759390107646150E-005,1.091764731435067E-004)
 (0.000000000000000E+000,0.000000000000000E+000)
 (-6.551810518727512E-004,-7.013363860144670E-004)
 (-0.504708730650515,0.380626131973382)
 (-5.106089128615106E-003,-3.896205348986135E-003)
 (-3.932063342540322E-003,-3.154986674007117E-003)
 (6.295473964709419E-003,-4.662817474305053E-002)
 (-7.163193148679543E-003,4.720967996241810E-002)
 (2.895399874863256E-004,-4.177754119975386E-004)
 (8.591418471092455E-004,-6.067130430388481E-003)
 (1.030941509276828E-004,-1.206303256314123E-004)
 (4.690639239616963E-003,-3.561994010320946E-003)
 (-1.124522891357753E-003,7.678662611414579E-004)
 (2.444998228068727E-004,-1.386731926601968E-003)
 (8.047023504232461E-005,-1.090712741254267E-004)
 (1.549285133307685E-004,1.008408638029991E-004)
 (1.029587733078355E-004,5.676976385330777E-005)
 (8.627233968227461E-005,3.569768496162325E-005)
 (3.056584739593298E-005,-2.323490359652890E-004)
 (9.187334640641639E-004,4.265130437046294E-005)
 (3.512594500013312E-005,3.680462295196002E-005)
 (-4.656207827673796E-004,3.419995549114814E-004)
 (-1.992169925506562E-004,1.362936333046688E-003)
 (-3.597879405507593E-004,-1.005851802401711E-004)
 (-1.417068292219016E-003,1.046646065401032E-003)
 (4.386799744398773E-004,-3.009745576657155E-004)
 (5.178576005691878E-004,3.602108262910308E-005)
 (3.151548536395383E-005,-7.352434873270956E-006)
 (-7.705978077020608E-004,-1.487712834740333E-004)
 (-7.291327380234019E-004,5.081210605295574E-004)
 (6.967214699577702E-004,-5.424453327988781E-004)
 (5.922677635069513E-005,-4.100599516442807E-004)
 (-3.946375632629241E-004,-9.695038574200562E-005)
 (-1.413698458493776E-005,-1.647230371991895E-005)
 (1.198356192305426E-003,-9.050916431948780E-004)
 (1.814298087193431E-005,-9.120969227596164E-006)
 (-1.398870841470858E-003,1.022051126765913E-003)
 (7.627301382774755E-007,-6.975560993489432E-006)
 (2.541315947030298E-004,-1.444554163706047E-003)
 (1.150879313568024E-003,1.565582931169388E-004)
 (6.566020691232735E-006,-2.137655508389193E-005)
 (3.888434337790647E-004,5.289891946467069E-005)
 (-7.076838891982107E-004,-9.895972057024595E-005)
 (4.611056871792164E-005,-2.896652328406638E-004)
 (-1.302266013914597E-005,2.047762848467373E-005)
 (2.243467018886421E-004,2.267027029543725E-005)
 (0.000000000000000E+000,0.000000000000000E+000)
 AAAAAA
 (0.323778571175716,-9.302036794246440E-002)
 (1.313967365244541E-002,-2.252214830786900E-002)
 (1.075834960827430E-002,7.710868090980615E-003)
 (-5.651989555498243E-003,-3.376421585468512E-003)
 (-2.313605194831923E-003,-8.346563645238850E-003)
 (-2.920224456389292E-003,-8.993916991678995E-003)
 (-1.172777843753309E-002,2.973734470984269E-003)
 (-2.991072617209775E-003,-9.955941590101540E-003)
 (-6.165960936173657E-004,1.028937952898691E-003)
 (-8.893187966245848E-003,-4.685394486301462E-003)
 (-8.901141337538096E-003,-4.830438888083652E-003)
 (-5.242618685087756E-004,9.487319698355278E-004)
 (-1.455822495000776E-003,-5.337283286430084E-003)
 (-1.312459217770174E-003,-4.976820868247612E-003)
 (-6.865646792713970E-003,-3.874805978944452E-003)
 (-1.197429694527992E-003,-4.759311328502189E-003)
 (-4.986335845720761E-004,6.615201047575278E-004)
 (-5.555126767178794E-003,1.487211984632388E-003)
 (-5.543194716212521E-003,1.595093408393203E-003)
 (-5.472085356806152E-003,-3.063345673751047E-003)
 (-9.781780433592473E-004,-3.343884341348516E-003)
 (-3.660061583554228E-003,1.057475855699834E-003)
 (-4.430061997245723E-003,-2.333557912403864E-003)
 (-3.451222412271831E-003,1.117118645760215E-003)
 (-3.354989318324697E-003,9.366128174521410E-004)
 (-1.940237335778671E-004,4.295845913915607E-004)
 (-3.224113101499529E-004,5.160472972750164E-004)
 (-2.317976605835997E-004,4.437800623191088E-004)
 (-1.176456273983086E-004,4.123763794112009E-004)
 (-2.672328147410120E-003,7.333292304141381E-004)
 (-2.923809747052571E-003,-1.588057846957998E-003)
 (-1.779638230686683E-004,3.218167222151235E-004)
 (-2.365679626929493E-004,2.934238520500106E-004)
 (-4.001625416671098E-004,-1.644611269430742E-003)
 (-7.744161945426233E-005,1.814686944074396E-004)
 (-3.205935124914126E-004,-1.168582222907952E-003)
 (-4.152359911625196E-005,1.103698790101557E-004)
 (-1.187771744009625E-003,3.664104188798025E-004)
 (-1.273035897362552E-003,-6.876254509181174E-004)
 (-9.344599280420392E-004,2.996694412567490E-004)
 (-1.936597171439320E-004,-6.571518869986253E-004)
 (-7.361692080747031E-004,2.243846591622594E-004)
 (-7.621781895262561E-004,2.218914572720397E-004)
 (-7.224478260999172E-004,-3.959665463621501E-004)
 (0.000000000000000E+000,0.000000000000000E+000)
 (-0.258902673769192,-0.832287141955716)
 (-0.158367681451026,-8.652167065898446E-002)
 (2.125080921179861E-002,-4.263505889140469E-002)
 (-3.300498036950338E-003,7.905808080903775E-003)
 (6.862807440264999E-003,-1.860757025168734E-003)
 (7.069503371595507E-003,-2.584206944941571E-003)
 (5.138928093691014E-003,1.676805284117850E-002)
 (5.941280517523805E-003,-1.701218761662442E-003)
 (8.870630661248951E-003,4.283496722705062E-003)
 (-6.179139936395672E-004,1.478864198837985E-003)
 (-4.120628581837024E-004,1.338071948654266E-003)
 (7.834712214128165E-003,3.917189771106928E-003)
 (3.814332408971502E-003,-1.278001431760844E-003)
 (3.813773679824405E-003,-1.326863722372523E-003)
 (-7.783765773043093E-004,1.204579913607725E-003)
 (3.712401372571600E-003,-1.135854788768860E-003)
 (5.757875079155353E-003,3.075849276176622E-003)
 (1.519299760147700E-003,5.235956169447015E-003)
 (1.620606139726141E-003,5.278550559837630E-003)
 (-3.844581665065718E-004,8.358231894436015E-004)
 (2.343091829354408E-003,-7.805766478871639E-004)
 (1.349939153959984E-003,4.034862424669749E-003)
 (-2.198352435956235E-004,4.071662914457367E-004)
 (9.476576272849289E-004,2.759764611329262E-003)
 (9.681738989549651E-004,2.713488285028383E-003)
 (3.564922779030112E-003,1.776412514868668E-003)
 (3.511988275820693E-003,1.814001335122735E-003)
 (3.447633601192400E-003,1.849856069599141E-003)
 (3.503369981818826E-003,1.791057862082874E-003)
 (8.243866238575898E-004,2.676931225287799E-003)
 (-4.137890905756994E-004,8.115752427267386E-004)
 (2.466748403446964E-003,1.245641925736133E-003)
 (2.435809800275164E-003,1.315985000288976E-003)
 (1.085520614312748E-003,-2.990518137803751E-004)
 (1.665234040322766E-003,8.630385544249736E-004)
 (9.518325467870223E-004,-3.364728396142808E-004)
 (8.992643683482459E-004,5.164801418726934E-004)
 (9.865908764976638E-005,3.185400092875475E-004)
 (-1.498506813920101E-005,4.121966073415706E-005)
 (2.604357151844081E-004,8.342231567387232E-004)
 (5.890359684172420E-004,-1.929029484146652E-004)
 (3.052403580932650E-004,8.833530305362713E-004)
 (3.007005883729958E-004,9.109424011904048E-004)
 (-1.512591362705206E-004,3.279641654853656E-004)
 (0.000000000000000E+000,0.000000000000000E+000)
 (-1.386758295870000E-003,-2.666409798989921E-003)
 (-0.277835693983823,0.187666677636041)
 (-2.154261375063222E-002,-3.455699215832373E-002)
 (5.526722001276230E-003,-2.767315375547677E-002)
 (2.988193395484480E-002,-3.567813757572996E-002)
 (-6.742110768699478E-003,3.283436324467258E-002)
 (6.229004340867960E-004,5.851801754387105E-003)
 (1.679529578214436E-003,-8.280995124280485E-003)
 (4.335294802532181E-003,-1.037942729095178E-003)
 (1.431642828854248E-004,-6.065054217291058E-004)
 (-8.793267772525220E-005,9.358011953364444E-004)
 (1.242517601543781E-004,8.605494286301680E-004)
 (6.958571171497282E-004,-6.962648823848423E-004)
 (-8.045640132268169E-004,4.419259154595099E-004)
 (5.375209862236015E-005,2.139831653172137E-004)
 (-1.404558882095523E-004,2.807080249785907E-005)
 (-2.906431449880501E-005,-3.441016072544578E-005)
 (-3.637774511985642E-005,3.167138342528299E-005)
 (-3.211526653765139E-005,3.759894392766918E-005)
 (-7.419019864081963E-005,5.754050677589693E-004)
 (-1.221628637067690E-003,1.450536682904187E-003)
 (3.403484612534843E-004,4.109417391517028E-004)
 (-1.260158671010199E-005,-2.076045207135515E-004)
 (-1.944759263395882E-004,-2.965522223322690E-004)
 (-2.839960995554597E-004,5.997620482502927E-005)
 (-1.194096706568979E-003,1.409081562230563E-004)
 (-7.572463798179082E-004,5.171567462160643E-004)
 (1.180443865896149E-003,-9.390442948555618E-005)
 (4.550687421188494E-004,3.894408749043169E-004)
 (-4.158549487659019E-004,-1.971818552587403E-004)
 (5.372817161417533E-005,-2.154060603472309E-004)
 (-2.207883983420488E-004,-4.088577888394100E-004)
 (1.152920849193959E-003,-2.185935686371937E-004)
 (-3.642633781865604E-004,-6.233903244152470E-004)
 (-1.820910251802864E-003,3.604763668166088E-004)
 (1.099541522101294E-003,-1.657178966999119E-003)
 (-6.161552347861692E-004,-4.730738247475215E-004)
 (2.828789719534070E-004,1.433120659046939E-004)
 (2.059276178467812E-004,2.141269115875001E-004)
 (3.545752633496641E-004,6.020477686617616E-005)
 (3.879760948016256E-004,-5.352773618242075E-005)
 (-2.211952718123244E-004,-1.481976182827689E-004)
 (-4.683078888601666E-005,1.029869032410271E-004)
 (-6.145698478350388E-005,-1.903562231743718E-005)
 (0.000000000000000E+000,0.000000000000000E+000)
 (9.214437245160245E-004,1.866785973034926E-003)
 (0.317246135868048,-0.212792642982224)
 (2.698021667787533E-002,3.852080011694740E-002)
 (7.121895209073661E-003,-2.632686671935880E-002)
 (1.948446110121825E-002,1.075493398311002E-003)
 (7.342302655374890E-003,-3.673624270540062E-002)
 (9.228350454031415E-003,6.501686717090387E-003)
 (-1.784071028320849E-003,1.004737331813520E-002)
 (-1.541008897533415E-004,1.870921063226139E-003)
 (1.599241331344894E-005,-8.464549621291925E-004)
 (-1.959279214289097E-004,5.294208029705359E-004)
 (2.101057827465482E-003,-6.204536574182005E-004)
 (6.207992237643253E-004,-3.514659475752540E-004)
 (-7.550565192553613E-004,6.994466593064288E-004)
 (-1.411369556863108E-004,-1.929959725615870E-004)
 (-1.133249582573420E-004,9.983170804763319E-005)
 (-1.275818278709609E-004,2.924093512932333E-005)
 (-9.101419269090883E-006,2.209262252117188E-006)
 (-5.504995495750387E-006,6.888589662548377E-006)
 (-1.898680773498075E-004,3.499308874288839E-004)
 (-8.372190334790977E-004,-1.335793626373841E-005)
 (1.765106821125713E-004,3.438743100239203E-004)
 (6.014257353713347E-005,-8.906483619887807E-005)
 (-3.068575461819004E-004,-2.985934923054909E-004)
 (4.527428281340490E-004,1.776197299176951E-004)
 (-3.448459317479498E-004,-3.810271372889107E-004)
 (8.111610920822727E-004,-5.822206467952102E-004)
 (3.631253168284890E-004,3.496714148243178E-004)
 (1.157513544126788E-003,-1.694882508100761E-004)
 (2.131680145712609E-004,-8.761837595039989E-005)
 (2.088524720531454E-005,-3.076588654102329E-004)
 (-1.128706612334801E-003,2.780346529553332E-004)
 (5.242677367493003E-005,4.629863826669059E-004)
 (-7.259259029825470E-004,1.531717450353790E-003)
 (-1.413166414743097E-004,-6.887403162837587E-004)
 (6.392760744033846E-004,4.693538420442110E-004)
 (-1.471749184040145E-003,2.079134840537774E-004)
 (-1.635939709210451E-004,5.489203879979956E-005)
 (-2.233404751556565E-004,-4.429588928863244E-004)
 (-3.771625005524148E-004,-6.547097820690180E-005)
 (4.607985678320158E-004,-6.175240091805242E-004)
 (6.620559596431983E-005,-8.041907217281399E-005)
 (2.273625729671363E-004,1.380102558730674E-004)
 (3.918324334263069E-005,1.274752233369970E-004)
 (0.000000000000000E+000,0.000000000000000E+000)
 AAAAAA
 (0.542784285579667,-5.288224409195214E-002)
 (2.982763997880681E-002,-3.802353488135644E-002)
 (2.108814180643340E-002,1.634086224240147E-002)
 (-4.737133157091353E-003,-3.598303896974294E-003)
 (-6.027106795843900E-004,-7.380496288407475E-003)
 (-4.079510012636862E-004,-7.215063557136120E-003)
 (-1.540337530409020E-002,1.279528626683926E-003)
 (-1.315426905956671E-003,-9.913320766838027E-003)
 (-2.207903577458030E-003,2.897282418249520E-003)
 (-8.603258893745143E-003,-7.125248755414633E-003)
 (-5.489914535770633E-004,-5.502823388134679E-003)
 (-1.842977423695640E-003,2.035466927249310E-003)
 (-7.033502223860026E-003,-5.563700742516544E-003)
 (-7.262075334878663E-003,7.927699120294492E-004)
 (-3.996268486621145E-004,-4.010772967906384E-003)
 (-5.583466528941556E-003,-4.480448329401926E-003)
 (-1.320055719114856E-003,1.477511873037876E-003)
 (-6.424555227223934E-004,-3.569061425512437E-003)
 (-5.222481961407868E-003,-4.307689894260910E-003)
 (-5.947985311783708E-003,6.308632374762114E-004)
 (-3.459112741242241E-004,-3.091930961609871E-003)
 (-9.792057265133242E-004,1.202634408081412E-003)
 (-8.845180602370059E-004,1.110478612435851E-003)
 (-3.999589914550285E-003,4.265391161624591E-004)
 (-3.919285954124033E-003,4.373591410407618E-004)
 (-4.294674724226391E-003,3.298347239075464E-004)
 (-3.791566917474345E-003,4.321438821584553E-004)
 (-6.818677143693349E-004,9.501755699740956E-004)
 (-3.033301581995411E-003,-2.600945957601934E-003)
 (-6.707285906965858E-004,8.120891622747336E-004)
 (-5.414571498129621E-004,6.299897958012323E-004)
 (-2.529684026730201E-003,-2.084539365049646E-003)
 (-3.927321023413761E-004,6.157079804352765E-004)
 (-4.528506262616730E-004,5.572072771428179E-004)
 (-1.417880681690553E-004,-1.317805124224104E-003)
 (-2.041528046408155E-004,2.376835176523794E-004)
 (-1.238437056201725E-004,-8.051059755335197E-004)
 (-1.293128518207914E-003,1.164805280668832E-004)
 (-1.063266539580056E-003,-8.790220818150163E-004)
 (-7.649689071280586E-005,-5.289992102418847E-004)
 (-1.056953752447334E-003,1.076253519064032E-004)
 (-8.019636297977707E-004,-6.394338134579682E-004)
 (-9.913637275924976E-004,8.454729417173046E-005)
 (-9.722683260533207E-004,8.231883077845529E-005)
 (-3.103195416098291E-005,-3.452306743780373E-004)
 (0.201834449404768,0.729221979401019)
 (9.723300301543317E-002,5.180475868530141E-002)
 (-2.543289058075495E-002,4.600571976586982E-002)
 (6.973432460507422E-003,-1.054717291797824E-002)
 (-2.928448888596551E-003,1.751066067356495E-003)
 (-1.111480173051312E-002,2.979992104479580E-003)
 (-3.246976913462058E-003,-1.291258912957523E-002)
 (-1.016865181076344E-002,2.965670035546133E-003)
 (-9.126259708768972E-003,-5.194621023970891E-003)
 (-8.516135612940288E-004,1.396759978487594E-003)
 (-6.484790616251374E-003,1.833484171060981E-003)
 (-7.272345038940892E-003,-3.918688944595149E-003)
 (-7.093368370263301E-004,1.220648963763162E-003)
 (-1.124731210232064E-003,-3.882849932934731E-003)
 (-5.165990652861009E-003,1.524848494779725E-003)
 (-3.898677262596228E-004,9.543942954515923E-004)
 (-4.791700978218065E-003,-2.871790441371073E-003)
 (-4.541059435773526E-003,1.178570662150291E-003)
 (-6.004707288171385E-004,8.431718444031054E-004)
 (-8.421588876928151E-004,-3.204658866295365E-003)
 (-3.935982588941398E-003,9.710135125521868E-004)
 (-4.158038516846057E-003,-2.441272973870106E-003)
 (-3.828834328307351E-003,-2.177526508423819E-003)
 (-4.952643375017344E-004,-1.802336579853225E-003)
 (-5.516879905771637E-004,-2.339497777215991E-003)
 (-7.445756710186120E-004,-2.696928190084158E-003)
 (-4.140563845862361E-004,-1.736835299945673E-003)
 (-3.024614458079094E-003,-1.772562525018126E-003)
 (-3.429432007951248E-004,7.468422955168119E-004)
 (-2.712202697177740E-003,-1.650754767297425E-003)
 (-2.515204191509731E-003,-1.478617050968866E-003)
 (7.477714450661820E-005,1.482867201387415E-004)
 (-2.075288522768385E-003,-1.220998561401022E-003)
 (-1.795046725775940E-003,-1.016431819680691E-003)
 (-1.500036300574985E-003,3.730641967236798E-004)
 (-1.067709491776349E-003,-5.517185253344510E-004)
 (-9.820350561388163E-004,2.649725640176307E-004)
 (-2.981149995797929E-004,-1.035717847726711E-003)
 (-1.805876090477478E-004,3.352748379027718E-004)
 (-7.218690104177556E-004,1.810087262568214E-004)
 (-8.372308330904208E-005,-2.543320374852609E-004)
 (6.232323951785334E-005,-1.038719365339766E-004)
 (-1.151180009194077E-004,-4.325790040520200E-004)
 (-1.833763927977617E-004,-6.784202885250020E-004)
 (-5.639545194400514E-004,1.710144310761153E-004)
 (0.201233863104541,6.153641299904795E-002)
 (0.148898123660129,-7.855431219874448E-002)
 (3.006803789056046E-002,5.435896187818011E-002)
 (1.932062457360773E-003,6.568842899806343E-003)
 (-1.328757764078983E-002,4.137658223804368E-002)
 (7.690622358289402E-003,-2.578470999690732E-002)
 (-5.828085543068933E-003,-1.782406492636329E-003)
 (9.091417790652520E-004,-2.293839773788405E-003)
 (8.567989910376595E-004,-4.563795870926955E-004)
 (-1.035668385361717E-003,-2.202919575223456E-003)
 (1.392674940970898E-003,-4.660700183496001E-003)
 (5.063695771058477E-003,-2.962381552856817E-003)
 (-1.230995451186652E-003,-2.425615187006756E-003)
 (1.837366018758060E-003,4.314192300879317E-004)
 (1.550839427003018E-003,-5.241585411908526E-003)
 (-1.016123014108267E-003,-1.783001673358672E-003)
 (3.912935266754052E-003,-2.036550669818273E-003)
 (1.237641112541742E-003,-3.981052834414932E-003)
 (-7.293598883953377E-004,-1.711184406736223E-003)
 (7.612016443513025E-004,1.879766528581530E-004)
 (1.575080283135781E-003,-4.799299707886106E-003)
 (4.516152612242475E-003,-2.364141311789614E-003)
 (3.430381860695982E-003,-1.846565433960883E-003)
 (1.791269513135214E-003,5.374419345935346E-004)
 (1.793874950510733E-003,5.903825043187869E-004)
 (3.336643343012128E-004,8.154110680283749E-006)
 (1.267300191028498E-003,4.195093537949678E-004)
 (1.773637682781061E-003,-9.207889341894743E-004)
 (-3.745049473425820E-004,-6.454376261841139E-004)
 (1.275677722988270E-003,-6.187856264528676E-004)
 (2.197327759318987E-003,-1.116216666432385E-003)
 (-5.002360852869423E-004,-8.019891652250308E-004)
 (2.788216806663529E-003,-1.434118714213561E-003)
 (5.613739077435452E-005,-7.192199356868562E-005)
 (4.493305471961181E-004,-1.228920001708413E-003)
 (1.602082701028109E-003,-9.002168440532172E-004)
 (-6.267594452047344E-005,2.000879999010350E-004)
 (8.980026341694428E-004,2.612419599891578E-004)
 (-1.404448130444164E-004,-2.764164862669978E-004)
 (1.674572507937294E-004,-5.010955609669192E-004)
 (2.977738763260375E-004,5.463250529211455E-005)
 (-1.909614245798365E-004,-4.119867331083884E-004)
 (6.426374072044535E-005,3.705203664506002E-006)
 (9.594479508759948E-005,1.061251668528770E-005)
 (2.223844194308247E-004,-6.945620742175316E-004)
 (2.041221877110218E-003,4.977639106768293E-003)
 (-0.121189898954037,0.300431536760355)
 (-0.100374103123732,-4.120655387064173E-002)
 (3.304655230108071E-002,1.453714700236773E-002)
 (-8.112563306483178E-004,3.206398818215235E-004)
 (1.423434760388089E-002,3.239947260160283E-002)
 (-5.484119822624549E-003,2.524830585938420E-003)
 (-6.394366334356924E-003,-1.575317114172030E-002)
 (1.194822789560875E-003,-2.505048645411183E-003)
 (1.168180486141100E-003,6.073949355027866E-004)
 (3.502237315273613E-004,6.959552426689524E-004)
 (-5.156229236865895E-004,1.852471896400742E-003)
 (-4.455639914450757E-004,-5.160718877658641E-005)
 (-1.717767599257966E-004,2.803124680800897E-004)
 (-1.329962452221728E-004,-4.396581967641351E-004)
 (-3.262386229226132E-004,-4.267672119481488E-005)
 (-4.047197654922811E-005,5.110451888004556E-004)
 (1.492190351449870E-004,2.641120086842206E-004)
 (-3.019016381151668E-004,-4.293474067054767E-005)
 (3.176005222390030E-006,1.690983436410313E-004)
 (3.832721132111284E-005,-2.723265897327974E-005)
 (1.126155576396117E-004,7.718803086655983E-005)
 (-3.906478297913129E-004,1.344324183600913E-003)
 (1.880150316653351E-004,3.658645440986643E-005)
 (-1.410477259986639E-004,2.136550364852773E-004)
 (-6.295913284207309E-005,1.522059615049741E-004)
 (-1.964406654935945E-004,1.885762448005095E-004)
 (-2.802855102279126E-004,9.016028276739130E-004)
 (-5.464807942707774E-005,2.630916543722588E-005)
 (5.988363252582123E-005,3.351252871961686E-005)
 (4.387912046998928E-004,-8.684301214182473E-004)
 (2.820197655912160E-004,1.565059168137358E-004)
 (-2.952550170142613E-005,3.283865023798435E-004)
 (1.690467073848292E-004,-3.140407088282949E-004)
 (-7.520967516669086E-004,-1.880291330780847E-003)
 (4.788165887219503E-004,-1.108219218555732E-003)
 (-2.052437523568201E-004,-4.432960561135644E-004)
 (-4.636726299568373E-005,7.876973738951852E-005)
 (6.244517540010425E-004,2.736597818657081E-004)
 (3.173039740217718E-004,7.035104629246241E-004)
 (4.114799011381466E-005,1.345142382181699E-005)
 (-2.209034052826669E-004,-7.249540904813957E-005)
 (1.275925482725592E-004,-3.854649145827983E-005)
