 AAAAAA
 (-4.131413352613911E-003,5.454836759768103E-002)
 (-4.049552366867486E-004,-7.579794454681799E-004)
 (4.423473313306639E-004,3.689447468501441E-004)
 (-6.226085108847404E-003,-6.866967985150299E-003)
 (6.445328602569227E-004,-8.316539356345236E-003)
 (-8.919260300880770E-003,-7.332786463971030E-004)
 (-9.051017378616466E-003,-9.044464922867855E-004)
 (5.148233253297954E-004,-7.757340693239140E-003)
 (1.096384907768970E-004,-9.134488122735642E-006)
 (1.548575600878767E-004,-1.022176913334475E-004)
 (-7.202552650125760E-003,-5.849726325175442E-004)
 (1.375284010855832E-004,1.164679383935681E-004)
 (-6.366734854012745E-003,-5.317822498916067E-004)
 (8.110637136467085E-005,1.399639219130388E-004)
 (-4.663588705970933E-003,-5.742303379863123E-003)
 (-4.541505873254631E-003,-5.179586124711793E-003)
 (-4.424922242351132E-003,-5.188364913793288E-003)
 (-4.199790703445324E-003,-3.411424896192672E-004)
 (3.018682538062012E-004,-3.546472061801279E-003)
 (-2.818798980529337E-003,-3.236951454424166E-003)
 (1.408114452416216E-004,-2.319737678702700E-003)
 (1.420289332563760E-004,-2.394449018648297E-003)
 (-2.230563872456326E-003,-2.058421862940436E-004)
 (-2.287029270998193E-003,-1.842643198171846E-004)
 (-1.338172360399207E-006,9.950484569120396E-006)
 (-2.083455105680245E-003,-1.690520808438408E-004)
 (2.087050862083545E-004,-1.932979857979600E-003)
 (1.748827542814894E-004,-2.016212854161483E-003)
 (-1.551877395558757E-003,-1.739686419379885E-004)
 (-8.032791073718515E-006,-5.086894882183069E-005)
 (-1.299964726618918E-003,-1.579064880150201E-003)
 (-1.293337671338407E-003,-1.593978003017657E-003)
 (-4.964750056191515E-006,-5.179903298648776E-005)
 (-1.143673758847725E-003,-9.140397186365912E-005)
 (-9.453184102728909E-004,-1.178045922259499E-003)
 (8.339800638755492E-006,1.096793668602372E-005)
 (1.128100424542146E-004,-9.953084188354213E-004)
 (-9.259927113234970E-004,-1.061321962630497E-003)
 (1.319816534339259E-005,1.377019295405779E-006)
 (-2.173680570471070E-005,2.591766770992521E-006)
 (1.112363987153330E-004,-8.922120898275102E-004)
 (5.441172734878312E-005,-6.561501096046652E-004)
 (-5.437337768398083E-004,-6.048469664210788E-004)
 (0.000000000000000E+000,0.000000000000000E+000)
 (0.000000000000000E+000,0.000000000000000E+000)
 (0.000000000000000E+000,0.000000000000000E+000)
 (0.000000000000000E+000,0.000000000000000E+000)
 (6.590819628405807E-002,5.168135471471631E-002)
 (1.380123511681905E-002,0.118022189684126)
 (4.730514246698458E-002,-6.407140084672983E-003)
 (-3.135626040825557E-002,4.303277916475674E-003)
 (-8.794584096609536E-003,-7.838709295615363E-003)
 (9.035858141786970E-003,-9.353825542818241E-003)
 (-1.320511099765954E-002,1.634579774099127E-002)
 (2.979530281718125E-003,2.869622918821798E-003)
 (5.878944577629342E-004,6.814646192873631E-003)
 (7.620900741897971E-004,6.553047748736466E-003)
 (-5.710160634195226E-003,7.523455510161093E-003)
 (1.147818997928850E-003,8.882203381687279E-003)
 (-6.198022015928084E-003,8.228360087265938E-003)
 (9.370057666760769E-004,9.957133705178416E-003)
 (-1.844732516014666E-003,8.038834587230874E-005)
 (-1.840160517860682E-003,2.303941054747518E-004)
 (-2.032838483995372E-003,9.406341906482567E-005)
 (-3.565032698214502E-003,4.574371614311222E-003)
 (1.808045900144765E-003,1.424391009598912E-003)
 (-2.069518154593104E-003,1.959193480405963E-004)
 (1.680574921767541E-003,1.173449985750131E-003)
 (1.609923739658307E-003,1.301289747064989E-003)
 (-2.229388612190361E-003,2.877478846712859E-003)
 (-2.212713325363479E-003,2.974451996748394E-003)
 (5.151603406319283E-004,4.025467623411134E-003)
 (-1.717663768081992E-003,2.261041180241901E-003)
 (1.109862350842348E-003,8.062761680042739E-004)
 (1.114186713840558E-003,8.893700094673351E-004)
 (-2.956087673055831E-004,3.045821501671641E-004)
 (1.520473225938315E-004,1.073351446251981E-003)
 (-1.269551707294898E-003,1.619460179197298E-004)
 (-1.251123185158453E-003,8.301760065867190E-005)
 (-2.203921972770083E-005,1.020492191870714E-004)
 (-2.180932556227404E-003,2.825845373693530E-003)
 (-5.023279216399265E-005,-3.002215727579866E-006)
 (4.583261920902636E-004,3.005365024834701E-003)
 (7.600703811887829E-004,5.588947167770100E-004)
 (1.513307300526597E-004,3.511054925526606E-005)
 (2.674323221929820E-004,2.063682661737348E-003)
 (2.663004991280096E-004,2.026209080439734E-003)
 (5.039599395602705E-004,4.565990071475910E-004)
 (1.899560473663341E-004,1.182494919863851E-004)
 (-3.473144563405847E-004,3.008965781059572E-005)
 (0.000000000000000E+000,0.000000000000000E+000)
 (0.000000000000000E+000,0.000000000000000E+000)
 (0.000000000000000E+000,0.000000000000000E+000)
 (0.000000000000000E+000,0.000000000000000E+000)
 (-7.484823330114951E-004,-1.238271095069396E-003)
 (0.146022605398551,0.117265308023578)
 (2.651546338839546E-003,2.330925240143181E-002)
 (-6.889731697175525E-003,9.546839238000508E-003)
 (8.539498303065149E-003,2.009618034735718E-002)
 (-1.152709612370556E-002,-1.962133631421194E-002)
 (1.793857415629936E-003,1.691556003852107E-002)
 (-1.510497254792441E-003,-3.250665104098472E-003)
 (7.091752475873880E-004,2.370477323308656E-003)
 (2.248254032828772E-003,-1.654022707179432E-003)
 (1.610327609777915E-003,3.824305651958376E-004)
 (-3.326688039594876E-003,-1.368297767947721E-003)
 (-1.876447771846325E-004,-1.139324320094021E-003)
 (1.403621461855586E-003,-1.636183001151626E-003)
 (-3.151160882987098E-004,6.565197914616162E-006)
 (1.846436430475562E-004,-2.669842077164315E-004)
 (-7.784763360295919E-006,-3.721656547294987E-004)
 (-8.628841185654256E-005,-1.299394330265163E-004)
 (4.626859968979434E-004,1.185332660318849E-003)
 (-3.950869895359078E-005,-4.129907823854811E-004)
 (7.604718771869080E-005,-4.382903133406542E-004)
 (3.623120755196164E-004,1.987957884596572E-004)
 (2.276181116499680E-004,2.922973185769266E-004)
 (2.132045929767524E-005,-3.858235531482741E-004)
 (-1.521030933388682E-004,2.088559307806330E-004)
 (-2.082278681133004E-004,3.218946124462625E-004)
 (9.609533034360883E-004,-2.915006142264928E-004)
 (-8.391995884349747E-004,7.402517889054799E-004)
 (1.545644653457078E-004,-3.039321107573438E-004)
 (9.912596245356400E-004,8.031584210072903E-004)
 (3.090682866112516E-004,-1.944331067353568E-004)
 (-1.164117668000765E-005,3.779728535498603E-004)
 (9.536030545938398E-005,-3.801637592288220E-004)
 (-2.529084665542979E-004,-2.503630691619233E-004)
 (4.152153055685842E-004,-1.342075352082304E-005)
 (2.190800854123080E-004,-6.903429999525780E-004)
 (6.547043439687735E-004,-1.323377620487182E-003)
 (-2.264768430622804E-004,1.970477012295789E-004)
 (9.891052716618370E-004,-6.985071106300710E-004)
 (1.358581830871736E-003,3.880495298324253E-004)
 (-1.329191023142637E-003,1.649866304537954E-004)
 (1.062086880135156E-004,-1.338061165126300E-004)
 (-6.766967737862031E-006,-2.111262860303589E-004)
 (0.000000000000000E+000,0.000000000000000E+000)
 (0.000000000000000E+000,0.000000000000000E+000)
 (0.000000000000000E+000,0.000000000000000E+000)
 (0.000000000000000E+000,0.000000000000000E+000)
 (4.286517863334026E-003,-2.268444113190222E-003)
 (-0.136219268805971,-0.111065501813144)
 (1.626162824553807E-002,6.099905777261230E-003)
 (5.981825025689209E-003,-7.823228457161486E-003)
 (-1.641858742597446E-002,2.318908750955076E-002)
 (-8.391997271895548E-003,1.479169185277513E-002)
 (-1.400019092983667E-003,-1.665416797755627E-002)
 (2.929317428845042E-003,-4.058081627690062E-003)
 (-2.985891899833240E-003,-7.289405396806812E-004)
 (2.716870897527071E-003,-1.715021067581148E-003)
 (1.687077258654972E-003,8.561206699683960E-005)
 (1.382254324780624E-003,2.381279628307019E-003)
 (1.897435059309326E-004,8.989404811099096E-004)
 (2.527712400174933E-003,-1.096319769152466E-003)
 (5.644963816623804E-006,-5.317229475327438E-004)
 (-1.356878304213428E-004,1.659184311825208E-004)
 (-2.041751407134272E-004,-1.474858678615601E-004)
 (6.112312170875160E-006,1.329732114667997E-005)
 (-9.411156726967106E-004,1.318540037664112E-003)
 (-1.958141078095462E-004,-1.353953319439031E-004)
 (1.208461139332735E-004,-5.058682209189345E-004)
 (-4.203626849457533E-004,2.604312833788917E-004)
 (2.402148292536613E-004,-2.202467082586494E-004)
 (1.597057709572833E-004,3.512463757879736E-004)
 (-2.549369889322354E-004,3.172171291831751E-005)
 (-2.414932240928010E-004,-4.387595246313321E-004)
 (-8.174922083021230E-004,-1.551920923834107E-004)
 (5.177542492239813E-004,5.895748267229805E-004)
 (1.911388169729160E-004,3.359988958960322E-004)
 (-9.532778492551128E-004,-7.805795427947770E-004)
 (-1.394546289973684E-004,3.529064541909703E-004)
 (3.249524299401942E-004,-4.727004538109556E-005)
 (5.100544096700373E-004,-8.715346691146384E-005)
 (-1.798823170301160E-004,5.073534240044103E-005)
 (9.470399462386430E-006,5.390228821548338E-004)
 (9.931275922602748E-004,-1.712253590762622E-004)
 (-6.267518153397290E-005,-1.338365240335736E-003)
 (8.897928529209528E-005,-3.802247444910094E-004)
 (1.125282737681468E-003,-7.415707256461807E-004)
 (-2.580836820447402E-004,-1.050684016102196E-003)
 (1.229369107295345E-003,-1.402700511336843E-004)
 (-3.889543364767669E-005,-1.639404930100996E-004)
 (-1.564356215752238E-004,-7.602327843885337E-005)
 (0.000000000000000E+000,0.000000000000000E+000)
 (0.000000000000000E+000,0.000000000000000E+000)
 (0.000000000000000E+000,0.000000000000000E+000)
 (0.000000000000000E+000,0.000000000000000E+000)
 AAAAAA
 (-1.676339279627378E-002,4.270944131219099E-002)
 (-6.028074369834827E-004,9.180168649010872E-004)
 (2.042441342319964E-003,5.483098020050123E-003)
 (2.767925327265542E-003,-8.062027580687265E-003)
 (-8.679458319390642E-003,-3.116015869737650E-003)
 (-4.637411816434124E-003,-9.362945378923579E-003)
 (-9.113935965974720E-003,-3.435288702768687E-003)
 (-9.066943857664444E-005,4.129874831700366E-004)
 (3.072076964820046E-003,-7.211038944262651E-003)
 (2.146683762641265E-004,3.277513847399225E-004)
 (-7.471987111452904E-005,3.029100924255420E-005)
 (-5.883684522613956E-003,-2.356514110745223E-003)
 (-5.904048048333471E-003,-2.136664310007555E-003)
 (-1.819363267644711E-004,1.265437977202469E-004)
 (-3.289377045191520E-003,-7.335431816838225E-003)
 (-2.866284401529166E-003,-6.767783949037424E-003)
 (-4.584501520795222E-003,-1.616604541058005E-003)
 (-2.935540484947242E-003,-6.114374887233097E-003)
 (-2.129882232578623E-003,-4.765434595331035E-003)
 (1.171009629642775E-003,-2.852354356950709E-003)
 (1.097860718519695E-003,-2.763827638872137E-003)
 (-2.692984840554764E-003,-9.018708918512859E-004)
 (-2.422009510617808E-003,-8.424947487937150E-004)
 (8.612436651151462E-004,-2.320350923467214E-003)
 (-2.630212356519667E-005,4.943962199621384E-005)
 (7.614427881089252E-004,-1.869826109557711E-003)
 (6.631737745906929E-004,-1.790646116944621E-003)
 (-1.787988159768010E-003,-6.402895502325227E-004)
 (-9.411175426466411E-004,-2.111516558388869E-003)
 (-1.456057214827369E-003,-5.203543872980557E-004)
 (-8.485492041041695E-004,-1.888604118995900E-003)
 (3.272962035775443E-005,5.041096716337963E-005)
 (-1.302193797590265E-003,-4.706193414917660E-004)
 (4.440845107250607E-004,-1.259856685379162E-003)
 (3.061873618775978E-005,2.322877771061805E-006)
 (-2.216793753118487E-005,1.835191753283226E-006)
 (5.683010579512668E-006,4.487827496641274E-005)
 (3.517115098514914E-004,-9.747858809945871E-004)
 (-1.468555072324767E-005,3.452314703350761E-006)
 (-6.060063716585298E-004,-1.304175333795933E-003)
 (-5.098195142945177E-004,-1.106045630941692E-003)
 (-4.021356659046553E-004,-9.083120944129991E-004)
 (-5.912076901071854E-004,-2.111949818767880E-004)
 (2.053637622995660E-004,-5.556355133697441E-004)
 (0.000000000000000E+000,0.000000000000000E+000)
 (0.000000000000000E+000,0.000000000000000E+000)
 (0.000000000000000E+000,0.000000000000000E+000)
 (-3.220780709683010E-002,-1.437542426378241E-002)
 (-1.609686082389104E-002,-5.713078038902531E-002)
 (-4.248519498013883E-002,1.168510049673508E-002)
 (2.178918557513410E-002,1.080405496301957E-002)
 (-3.131838421450361E-003,4.910955729963952E-003)
 (1.692231360669725E-002,-5.028002838490716E-003)
 (1.047244933608651E-002,-1.889452402294788E-002)
 (-2.126927363864672E-003,-7.046652594334256E-003)
 (-6.148746858087686E-003,-3.330447915659114E-003)
 (-2.984053153426961E-003,-1.015917413514156E-002)
 (-3.250193129392557E-003,-1.102431531207686E-002)
 (4.759521725220637E-003,-8.268194924563675E-003)
 (4.885664819249947E-003,-8.612913447142569E-003)
 (-3.061794506444799E-003,-9.803543751746222E-003)
 (1.930790559909830E-003,-4.005253413228303E-004)
 (1.777946583093027E-003,-5.206002098599762E-004)
 (3.122793054978468E-003,-5.954498693371448E-003)
 (1.545301012690383E-003,-6.008071909482304E-004)
 (1.748608258429230E-003,-5.114837667027686E-004)
 (-1.850887013839540E-003,-9.381706208948947E-004)
 (-2.889078321925972E-003,-1.539147151467918E-003)
 (2.213968598109933E-003,-4.369397946310120E-003)
 (2.063038279446006E-003,-3.850835144543552E-003)
 (-2.184572586918777E-003,-1.089090076674111E-003)
 (-1.360675792332245E-003,-4.558827140222059E-003)
 (-1.497677218755576E-003,-8.159533544636326E-004)
 (-1.495247389804599E-003,-7.190606127874785E-004)
 (1.294485233412888E-003,-2.497303072839785E-003)
 (1.039061669532509E-003,-2.679911725835705E-004)
 (5.250980723297643E-004,-8.537175353795421E-004)
 (1.091145680093860E-003,-2.946806263999652E-004)
 (-1.096680163815022E-003,-3.566174946731985E-003)
 (1.638955282954001E-003,-3.015259275151948E-003)
 (-1.459118252360663E-003,-8.071159982712178E-004)
 (-2.220233076072077E-004,-7.946117994359500E-004)
 (-2.359127617381533E-004,-9.885992677240892E-004)
 (-9.410785856332890E-004,-3.029235468350094E-003)
 (-1.054435602472421E-003,-6.181980941001102E-004)
 (-6.797062083576979E-004,-2.185879910303256E-003)
 (-2.941595850169699E-004,8.327369862806596E-005)
 (2.461652163894294E-004,-9.652508868188646E-005)
 (2.820171039932300E-004,-4.933936501686333E-005)
 (6.070317171723349E-004,-1.139921827740707E-003)
 (-3.072231655951063E-004,-1.677587703680075E-004)
 (0.000000000000000E+000,0.000000000000000E+000)
 (0.000000000000000E+000,0.000000000000000E+000)
 (0.000000000000000E+000,0.000000000000000E+000)
 (-1.333723632163176E-003,5.185902491381513E-004)
 (0.162533915353153,6.271103171761286E-003)
 (3.965828713712226E-003,5.405399566993874E-002)
 (1.762829228910498E-003,5.416614385464022E-004)
 (-8.328139245485963E-003,-9.857098497927824E-003)
 (-3.922413672256646E-005,1.631118529437726E-002)
 (5.734982151383010E-003,6.007809365920223E-003)
 (3.431719674967459E-003,-3.940999540269307E-005)
 (-4.536884953357212E-004,8.645925878984735E-005)
 (1.312132476153787E-003,-3.213352852171651E-004)
 (-3.558474821017367E-003,-2.692054169126341E-004)
 (4.336451270893978E-004,2.644563223522543E-004)
 (-7.446277154186514E-005,-2.577719526844479E-004)
 (3.923353058643598E-004,-1.917581056533792E-004)
 (2.536078453404470E-005,-6.924363244814162E-004)
 (9.779095339680977E-006,3.871215919942223E-004)
 (1.294917664215355E-004,-8.822136997356430E-006)
 (2.269181048220888E-005,2.136677920989928E-004)
 (4.123810455180003E-005,-4.717499173359983E-004)
 (-8.287300368794577E-005,7.264688545482556E-005)
 (2.136369355948813E-004,-2.935857607564021E-004)
 (-4.603350281514912E-005,-1.635422679681274E-004)
 (2.470078465752906E-004,1.784582402838587E-004)
 (1.429094190355130E-004,-1.816577739940874E-004)
 (-4.287105803231757E-005,-4.774886552808045E-005)
 (8.914138655485211E-004,-8.905301435226162E-004)
 (-1.043784805648145E-003,1.002209869734527E-003)
 (1.559229707460216E-004,1.280713222843256E-004)
 (1.501964767114817E-005,8.659536199793274E-004)
 (-6.156895287763803E-005,-1.150325866713900E-004)
 (-1.105768931044550E-005,-4.959511965415651E-004)
 (-4.238773656001709E-005,-7.276724545418371E-005)
 (-6.910750779938634E-005,-5.632607536042126E-005)
 (1.040060774524530E-003,-1.115921528329331E-003)
 (-6.122315274248308E-005,-4.055481639150190E-005)
 (1.360581712219419E-003,3.268588611659262E-006)
 (8.696512789675929E-004,-8.709530251360308E-005)
 (-1.460983525798046E-003,1.356521461496520E-003)
 (1.585212495061232E-003,2.316261477119083E-005)
 (1.793102011448961E-005,5.489737110702704E-004)
 (2.723167558418523E-006,-1.394604224370792E-004)
 (-8.854103856357142E-006,-4.592704393923201E-004)
 (5.728383295181553E-005,2.114748768728025E-005)
 (1.127511212994293E-004,-9.756081142738864E-005)
 (0.000000000000000E+000,0.000000000000000E+000)
 (0.000000000000000E+000,0.000000000000000E+000)
 (0.000000000000000E+000,0.000000000000000E+000)
 (2.596037424103137E-002,4.792941177170058E-003)
 (-6.839483865314852E-002,-0.115247852852837)
 (-4.813095843177100E-002,3.011798634402075E-002)
 (-3.624445339252219E-002,-8.259885182694778E-003)
 (-3.656774947018064E-003,1.459807589844897E-002)
 (1.968941385897066E-002,-1.199173946075891E-002)
 (3.902776818322665E-003,-1.573994970062769E-002)
 (1.521619810835010E-003,2.688347747269656E-003)
 (1.016686401154263E-002,2.466961961956251E-003)
 (5.382287883564324E-003,8.735224027371303E-003)
 (3.677758140608219E-003,6.114675165143830E-003)
 (-5.163866183479597E-004,2.466550999709979E-003)
 (-3.770331324309071E-004,1.071543279759727E-003)
 (3.553041693485072E-003,5.547623863787319E-003)
 (2.844230705309967E-003,-1.820551168218188E-003)
 (2.412619305881199E-003,-1.297749736998838E-003)
 (-2.146633850563452E-004,1.095171572357952E-003)
 (2.376417075588163E-003,-1.435699085262330E-003)
 (2.420870707707666E-003,-1.492218105258033E-003)
 (1.572054849342556E-003,4.239348411490254E-004)
 (3.764004169823899E-003,8.740414271022277E-004)
 (-1.626112037361229E-004,6.832603604196939E-004)
 (-9.205408232896076E-005,2.496938380350788E-004)
 (2.258974372703339E-003,4.597826780840856E-004)
 (7.292546324797364E-004,1.259402344383109E-003)
 (1.731237159771938E-003,3.976126416594458E-004)
 (1.624825563898394E-003,3.698225306485434E-004)
 (1.492982898521472E-004,-5.579456410485169E-004)
 (1.210530911366506E-003,-7.165728643138595E-004)
 (-3.441554580865575E-004,1.542154186570359E-003)
 (1.183202680368647E-003,-7.903586454988032E-004)
 (9.858069006182274E-004,1.606292874523028E-003)
 (1.285540149027557E-004,-8.245717205204121E-004)
 (2.397257758254283E-003,5.063789540283043E-004)
 (1.082619969024283E-003,1.721438039369293E-003)
 (2.637638838143114E-004,3.844755315507228E-004)
 (1.347063879044263E-003,2.090482780481754E-003)
 (1.666253383087207E-003,4.629366777702595E-004)
 (3.792531677390661E-004,5.265609828421114E-004)
 (5.735102160841737E-005,9.826950473873757E-006)
 (2.112547185950728E-004,-1.149148315655349E-004)
 (4.764771045401054E-004,-3.098989003790590E-004)
 (-9.642397039347927E-005,4.045994641780241E-004)
 (5.013610356319852E-004,1.013712104973030E-004)
 (0.000000000000000E+000,0.000000000000000E+000)
 (0.000000000000000E+000,0.000000000000000E+000)
 (0.000000000000000E+000,0.000000000000000E+000)
 AAAAAA
 (-4.412184294954467E-003,2.193933089407862E-003)
 (-1.312393238467326E-002,3.775440527026742E-002)
 (4.922587629710051E-003,1.014652273543095E-002)
 (3.753538138581611E-003,-9.692881415135560E-003)
 (-8.821714123035727E-003,-3.208424732055701E-003)
 (-1.027926237069302E-002,-3.311736025501533E-003)
 (-5.037713365625343E-003,-9.859321738764869E-003)
 (-1.730246173190153E-004,1.493502873624883E-004)
 (-1.343318751640308E-004,-7.506059081570371E-006)
 (2.485269002651378E-003,-7.167478604845876E-003)
 (-3.593977210197665E-004,-1.496531907175976E-004)
 (-3.984368501236984E-003,-7.946549712893939E-003)
 (-5.793555088379162E-003,-1.765912946907411E-003)
 (-5.523288735532012E-003,-1.971337388606160E-003)
 (-5.193853005383624E-003,-1.637042835730525E-003)
 (-2.134660065212452E-004,8.170563048679911E-005)
 (-3.157426411367602E-003,-6.307959962543987E-003)
 (-2.996467596325270E-003,-5.823206820263140E-003)
 (-3.078293766397334E-003,-5.712751200998002E-003)
 (1.290762377398267E-003,-3.522897017762177E-003)
 (-3.446152470767246E-003,-1.205061957442638E-003)
 (-3.094704415159591E-003,-1.099124929954182E-003)
 (-1.388737834436971E-004,6.886631289601932E-005)
 (7.947349710578002E-004,-2.538346319023809E-003)
 (8.141642691583079E-004,-2.381938675935364E-003)
 (-1.930991289455131E-005,1.322123271254262E-004)
 (5.472322313220782E-004,-1.737672067565328E-003)
 (5.785903742798756E-004,-1.855859455933592E-003)
 (-1.219909810970036E-003,-2.431768493486510E-003)
 (-3.361380931494974E-005,7.862430516999215E-005)
 (4.831413127766656E-004,-1.493519134783746E-003)
 (-1.757546118483819E-003,-5.384308016132303E-004)
 (-1.570063999079250E-003,-5.526688958624340E-004)
 (-9.581821240905153E-004,-1.961716375354385E-003)
 (-1.550108268868538E-003,-5.187056908782219E-004)
 (4.338313154405024E-004,-1.188034252284748E-003)
 (2.952530022502407E-005,-1.472214158231358E-005)
 (-6.309113850360055E-005,2.830475112007862E-005)
 (-4.047319878859145E-005,4.993787925719690E-006)
 (-7.226924020630773E-004,-1.365885148178082E-003)
 (-9.043296653139740E-004,-3.110877628177365E-004)
 (-5.692945085473435E-004,-1.101505153106287E-003)
 (-4.228298148779584E-004,-8.335663530897727E-004)
 (0.000000000000000E+000,0.000000000000000E+000)
 (0.000000000000000E+000,0.000000000000000E+000)
 (0.000000000000000E+000,0.000000000000000E+000)
 (0.000000000000000E+000,0.000000000000000E+000)
 (-8.810304982207320E-003,-1.715802664837147E-002)
 (-2.042304773181244E-002,-5.620024065177634E-003)
 (-2.799100910297013E-002,1.553896344134969E-002)
 (3.282637230190389E-002,1.054281658407057E-002)
 (3.848322237017217E-004,-7.603007701460739E-004)
 (5.707917770966205E-003,-1.636162910401436E-002)
 (5.448424904029593E-003,-3.409273660417824E-003)
 (-3.015050470219819E-003,-7.270610451403432E-003)
 (-5.708133114539827E-003,-1.217309671329511E-002)
 (-9.144060594038082E-003,-3.370800739246173E-003)
 (-6.160416502496053E-003,-1.133784259737342E-002)
 (5.573174514831728E-004,-4.673933841639276E-004)
 (2.593005211400878E-003,-8.148571499155318E-003)
 (2.459715431404685E-003,-7.257751864010896E-003)
 (1.925131802893454E-003,-6.524042109355420E-003)
 (-4.033803350548870E-003,-7.827823509127300E-003)
 (5.009940731816672E-004,-3.306898750525989E-004)
 (5.846694110126327E-004,-3.865802145325802E-005)
 (6.704250539737726E-004,-5.072345231820685E-004)
 (-4.573993808102381E-003,-1.570547312437704E-003)
 (1.664175052749906E-003,-5.315704784315651E-003)
 (1.621188221187080E-003,-4.458298571455564E-003)
 (-2.401949083788776E-003,-4.503571776208979E-003)
 (-3.019977162315355E-003,-1.053955305405583E-003)
 (-2.293393040813260E-003,-8.261076276344598E-004)
 (-1.913196146308367E-003,-3.682583792192025E-003)
 (-1.900697793775931E-003,-6.500681404326201E-004)
 (-1.930901612461168E-003,-7.454413515196139E-004)
 (3.773099673362766E-004,-2.715845100963895E-004)
 (-1.777023355455248E-003,-3.416469669153989E-003)
 (-2.369445592682943E-003,-7.728330060264750E-004)
 (6.779383603696283E-004,-1.873425623163469E-003)
 (8.252939093911936E-004,-2.755679900887956E-003)
 (5.116082547134583E-004,-2.618052739003773E-004)
 (4.446455625700016E-004,-1.240488794245245E-003)
 (-1.719521004084538E-003,-5.738797788871848E-004)
 (-5.635594686833024E-004,-1.154805367053757E-003)
 (-1.105832054882171E-003,-2.168085701132471E-003)
 (-4.992536263712174E-004,-1.013238118754070E-003)
 (-2.725084663999682E-004,7.727336863123761E-005)
 (5.581679264521776E-004,-1.853311170414470E-003)
 (5.564635763801958E-005,-8.466262216476897E-005)
 (3.024324951428296E-005,-6.198710612789376E-005)
 (0.000000000000000E+000,0.000000000000000E+000)
 (0.000000000000000E+000,0.000000000000000E+000)
 (0.000000000000000E+000,0.000000000000000E+000)
 (0.000000000000000E+000,0.000000000000000E+000)
 (7.472577909003286E-002,7.189361428893062E-002)
 (-2.601416635736572E-002,9.791991410287859E-005)
 (5.163422167613455E-002,-5.553228670025438E-002)
 (3.533293570617069E-002,-4.828032607565851E-004)
 (-9.839015331807150E-004,-1.864636949772756E-002)
 (2.778297020881253E-004,2.027994252564561E-002)
 (-1.256222806633538E-002,1.420028626090544E-002)
 (-1.651141477031089E-003,-1.194003302004182E-003)
 (-4.901960546156807E-003,-4.550738930727973E-003)
 (-6.466947465686268E-003,3.074056354965693E-004)
 (-3.332505921566194E-003,-2.646846245195556E-003)
 (-2.250731077629187E-003,2.563979577619321E-003)
 (5.743858783226286E-005,-5.272998952415189E-004)
 (3.211950982589390E-005,5.336179832660346E-004)
 (8.382510981316571E-006,-8.460687397302735E-005)
 (-1.821023637081283E-003,-1.539208759248897E-003)
 (-1.713131592470825E-003,1.985696565962147E-003)
 (-1.493165026398940E-003,1.893216617950467E-003)
 (-1.765440839605959E-003,2.089270886886551E-003)
 (-3.162274151077401E-003,1.689948769588154E-004)
 (7.413954543598096E-006,3.012845129888356E-004)
 (5.405393198198800E-005,7.113440026190043E-004)
 (-3.706105588461671E-004,-2.201231272708454E-004)
 (-1.748285862517772E-003,1.552407656812368E-004)
 (-1.204388130890349E-003,8.359028945283895E-005)
 (-7.223730994149483E-004,-6.616398972419674E-004)
 (-1.016875228120928E-003,9.093452110814858E-005)
 (-1.190869269318503E-003,7.679571798524390E-005)
 (-1.049294256469100E-003,1.172939935690145E-003)
 (-1.042883357516632E-003,-9.453348216377848E-004)
 (-1.685348352226201E-003,1.310451506848833E-004)
 (7.048038341065990E-005,1.304429223807064E-003)
 (2.425328270683983E-006,1.311016635549705E-003)
 (-1.067419021090987E-003,1.169398202394785E-003)
 (-7.374032281547865E-006,-1.432986594064161E-003)
 (-1.394484105551008E-003,9.101400966082666E-005)
 (-1.100639650319673E-003,-1.041082493594527E-003)
 (-1.014806277644454E-004,-4.521107011618087E-005)
 (-1.871542928462364E-004,-1.413322998979741E-004)
 (1.747342457227269E-004,-6.586700834766842E-005)
 (-3.422422915388367E-007,-2.411440145935354E-004)
 (-3.691185951520447E-004,4.289005053922726E-004)
 (-1.771513307880414E-004,1.903923256942994E-004)
 (0.000000000000000E+000,0.000000000000000E+000)
 (0.000000000000000E+000,0.000000000000000E+000)
 (0.000000000000000E+000,0.000000000000000E+000)
 (0.000000000000000E+000,0.000000000000000E+000)
 (9.932968215881111E-002,-5.729223476880976E-002)
 (5.023855821215907E-004,-1.052349600334727E-003)
 (3.709915586629493E-002,6.677462683193958E-002)
 (9.500398607912423E-004,1.336116481630870E-003)
 (-5.232664026385062E-003,-1.505884122424356E-003)
 (4.096895641509742E-003,1.615030296210262E-003)
 (4.800845086015392E-003,8.733628023682835E-003)
 (4.960442197323067E-003,-2.455590077448018E-003)
 (1.359583680247055E-003,-6.485685887337211E-004)
 (3.933168458920976E-005,-1.683097752624048E-004)
 (-1.973257237056956E-003,1.137685496689032E-003)
 (-6.755577253631478E-004,-1.138837050807606E-003)
 (1.628129808944776E-004,8.547518195110741E-005)
 (-4.603610392204060E-005,1.785532041284483E-005)
 (7.356440751193446E-005,4.780835427295270E-005)
 (1.654201133624155E-004,-8.192834369143937E-005)
 (-7.019555919735834E-005,-8.181569421697275E-005)
 (2.420210849951158E-004,4.672263962867766E-004)
 (-2.445571447121873E-004,-3.761945768018060E-004)
 (1.952236384261464E-004,-6.448717894015466E-004)
 (-9.891606521099819E-005,-1.585833276713907E-005)
 (1.535651097448443E-004,7.816607669873697E-005)
 (4.485509097998490E-005,-1.981647013022435E-005)
 (9.925246861576436E-005,-4.120293089975936E-004)
 (2.240863653453559E-005,-5.764444385912377E-005)
 (3.876003693510470E-005,-2.573917070526780E-005)
 (4.028503531109870E-004,-1.366687209918157E-003)
 (-3.848414959526841E-004,1.268481663090001E-003)
 (2.913308434388187E-004,5.747995525578959E-004)
 (5.761283085607831E-004,-3.243169595830861E-004)
 (3.420590112537949E-004,-1.214411452566490E-003)
 (7.105897787056215E-005,3.036276114081312E-005)
 (-7.547332899917426E-005,-3.339591241252043E-005)
 (-3.143485128837456E-004,-5.425762657066454E-004)
 (3.963005431701906E-005,2.800378073352354E-005)
 (-5.014343999763740E-004,1.812576693219265E-003)
 (4.567066824072474E-005,-6.079437187047920E-006)
 (1.247858591457566E-003,-6.963947771217005E-004)
 (8.728386147219787E-004,-4.558798576826828E-004)
 (2.726693494402899E-004,4.261208053054120E-004)
 (5.415413150291896E-005,2.051777699076522E-005)
 (-3.736628520359538E-004,-6.769621269512222E-004)
 (-4.476258927518678E-005,-9.103708147174110E-005)
 (0.000000000000000E+000,0.000000000000000E+000)
 (0.000000000000000E+000,0.000000000000000E+000)
 (0.000000000000000E+000,0.000000000000000E+000)
 (0.000000000000000E+000,0.000000000000000E+000)
 AAAAAA
 (5.285217410533455E-003,1.529551383320695E-002)
 (-7.795960754906660E-003,3.879161832683501E-003)
 (-1.488075313942984E-002,3.383073755031539E-002)
 (6.313709130242662E-003,-1.651907690765115E-002)
 (-9.000109246200615E-003,-3.555772716297437E-003)
 (-1.132684088618774E-002,-5.227877512370739E-003)
 (-4.044004289595214E-003,-1.033341015624704E-002)
 (-1.626145505718128E-004,2.711857757197508E-004)
 (-5.647201080764769E-004,6.325973872630718E-004)
 (3.109764556817043E-003,-6.835348441429996E-003)
 (-6.657233131898026E-004,2.549809965501932E-004)
 (-3.671704304250669E-003,-9.565406030694442E-003)
 (-5.814873507869502E-003,-2.493522011085337E-003)
 (-5.674286489381010E-003,-2.296852591545131E-003)
 (-2.846963849635095E-003,-7.391985498422739E-003)
 (-5.500425207525911E-003,-2.015615867589526E-003)
 (2.100829385840461E-003,-4.059308647096007E-003)
 (-4.855416285805495E-003,-2.039713802816146E-003)
 (-2.452016609112765E-003,-6.416355430668280E-003)
 (-3.382003729519058E-004,3.803498946212736E-004)
 (-2.257783507801160E-003,-6.046168411133221E-003)
 (-3.719598505083024E-003,-1.564800272523659E-003)
 (-4.036208059350918E-004,2.291265086746055E-004)
 (1.077177871178017E-003,-2.343509391945937E-003)
 (-4.130715548298488E-004,1.637492369308978E-004)
 (-2.767755410515246E-004,9.756147798757543E-005)
 (9.109823258015722E-004,-1.847323682446529E-003)
 (-1.042343493549751E-003,-2.915329317254663E-003)
 (9.579267313828863E-004,-1.963374995756112E-003)
 (-2.062798749143091E-003,-8.845906263437850E-004)
 (7.953108893111718E-004,-1.743882371683801E-003)
 (8.386387519516871E-004,-1.684170291925322E-003)
 (-8.345981538020608E-004,-2.172971802774001E-003)
 (5.949052958652190E-004,-1.238901714593495E-003)
 (-1.452702990629327E-003,-6.542689742512107E-004)
 (-1.779248341354359E-003,-7.581160966066299E-004)
 (-1.272792098134791E-003,-5.682614546714711E-004)
 (-1.899453649764923E-004,1.185900082593143E-004)
 (-5.439778420895428E-004,-1.401526314080079E-003)
 (1.907084350453832E-005,3.696670400537812E-005)
 (-5.587856963096816E-004,-1.463876943226714E-003)
 (-5.786244492626118E-005,7.660233217413861E-005)
 (-3.483283820423892E-004,-9.127256527951854E-004)
 (-3.599714017741414E-004,-9.201560165682428E-004)
 (-6.565293780846350E-004,-2.730526803876085E-004)
 (2.489570296205139E-004,-4.583674091828581E-004)
 (0.000000000000000E+000,0.000000000000000E+000)
 (-1.767743265476088E-002,8.059275156601700E-003)
 (-4.061054039785515E-004,-9.320882004495621E-004)
 (-1.276699295149071E-002,-7.666133776546180E-003)
 (3.790989722226015E-002,2.283558474514342E-002)
 (3.358106052097466E-003,-5.768539618905594E-003)
 (6.098610450228296E-003,-1.100131874617625E-002)
 (1.706480046223049E-003,-8.600619477508752E-004)
 (-2.173121345852630E-003,-8.458118271335958E-003)
 (-3.418868831616230E-003,-1.260540632836913E-002)
 (-8.156700638900075E-003,-4.760938858126153E-003)
 (-3.096694897498932E-003,-1.192669242121653E-002)
 (-2.287289607261634E-004,6.118274851848408E-005)
 (3.133952477642341E-003,-5.551677956613766E-003)
 (2.933544782257124E-003,-5.178989856065457E-003)
 (-1.310928470588163E-004,2.301737159612740E-004)
 (2.713071823041592E-003,-4.736960765217530E-003)
 (-5.179780403703710E-003,-2.932474848164179E-003)
 (3.014948423056235E-003,-4.783727573854567E-003)
 (-1.645180110954973E-004,2.824617305100495E-006)
 (-1.604897131392532E-003,-6.177245642621944E-003)
 (-2.131419185204981E-004,1.405422178947444E-004)
 (2.212176838958399E-003,-3.678961850370081E-003)
 (-1.345185832961841E-003,-4.879528725320510E-003)
 (-2.825706291185190E-003,-1.654411002102762E-003)
 (-1.120810191467774E-003,-4.533169501449380E-003)
 (-1.067874478845421E-003,-4.092550975350166E-003)
 (-2.347991051206673E-003,-1.441278089050319E-003)
 (5.262714606865211E-005,3.466670686196852E-005)
 (-1.705738825190752E-003,-9.160878095569192E-004)
 (1.232760944812130E-003,-2.151664864743662E-003)
 (-1.774785951582083E-003,-9.903854706304722E-004)
 (-1.687854370842680E-003,-9.922596615413227E-004)
 (9.354001629310600E-005,-3.999504274372102E-005)
 (-1.784897196898492E-003,-9.982668148131159E-004)
 (6.121744999318307E-004,-1.020370775022529E-003)
 (6.793196619517986E-004,-1.175064201277433E-003)
 (1.065386056591004E-003,-1.980822909766740E-003)
 (-6.394900102814434E-004,-2.230115130172594E-003)
 (8.304464740324858E-007,6.353531124228648E-006)
 (-3.749142657299485E-004,-1.333187615866868E-003)
 (-1.854791758743044E-004,7.703163022951623E-005)
 (-2.650826224440325E-004,-1.061932518831414E-003)
 (2.375920061716929E-005,3.506744744430910E-006)
 (5.172419832813111E-006,6.439650066054491E-006)
 (4.644924437951036E-004,-8.461295092025839E-004)
 (-7.922020705747128E-004,-4.721328209361356E-004)
 (0.000000000000000E+000,0.000000000000000E+000)
 (5.352163657579320E-002,-9.140409629531010E-002)
 (5.928628579751560E-002,3.574439180063578E-002)
 (-2.712336813326181E-002,6.016822818449940E-003)
 (3.611033142728877E-002,-7.883575580657847E-003)
 (-4.774090417840705E-003,-1.814818277749333E-002)
 (6.203578182101583E-003,2.028763651084360E-002)
 (-7.095669199772427E-003,1.233223238531590E-002)
 (-2.085059639294483E-004,2.097569048050297E-005)
 (-1.688001359013592E-003,-1.229894617949001E-003)
 (-1.960737189074903E-003,4.637195291606941E-004)
 (-2.797631180242353E-004,-2.442663923432866E-004)
 (-1.215100857506049E-003,2.182294574866131E-003)
 (4.154366699548695E-004,1.230762306166140E-003)
 (3.610202098545460E-004,9.290747448536230E-004)
 (-7.493151027494968E-004,1.364676178065733E-003)
 (4.541772520269823E-004,1.138619742513736E-003)
 (-1.095189406430474E-003,2.126051166612233E-004)
 (4.215459198481645E-004,1.319645614679253E-003)
 (-9.207568005200201E-004,1.655750736936196E-003)
 (6.934850490818718E-004,3.142287083908867E-004)
 (-7.095529599997542E-004,1.213939942086413E-003)
 (5.089909348494437E-004,1.601274458449672E-003)
 (8.770619981585153E-004,4.869569448843206E-004)
 (-4.623195067340457E-004,1.200867940706184E-004)
 (1.985655915006523E-004,8.316434356828842E-005)
 (-1.119707536607140E-004,-8.470574694726651E-005)
 (-6.506039677191319E-004,1.498797010958456E-004)
 (-6.190465429457406E-004,1.041915890715798E-003)
 (-1.799267487819932E-005,-9.345261994623326E-006)
 (4.165443626916671E-004,1.564180073155274E-003)
 (-2.193772571471251E-004,3.552414158501420E-005)
 (-2.188924086213317E-004,3.079100339482598E-005)
 (-7.153375112328247E-004,1.229429716590061E-003)
 (-5.203420596553250E-004,1.107896342237557E-004)
 (-2.532185348988749E-004,-1.174508863940340E-003)
 (4.002143880989770E-004,1.480359830205300E-003)
 (1.076685644778932E-004,2.379054685358097E-004)
 (4.322545780536895E-004,2.298193815082852E-004)
 (-2.073301638840440E-004,3.936842374995200E-004)
 (-5.966494718691457E-004,-3.905506224790794E-004)
 (2.390569008848650E-004,-4.074619743212943E-004)
 (5.925041021347024E-005,7.596980801021359E-006)
 (-2.004981820517966E-004,3.666528084213684E-004)
 (-2.139081214616607E-004,3.668387060217941E-004)
 (1.021870765069986E-004,3.594693630423919E-004)
 (-2.845452795153679E-004,6.106388311445465E-005)
 (0.000000000000000E+000,0.000000000000000E+000)
 (8.706717269669867E-002,6.505448553389488E-002)
 (5.784147039508836E-002,-7.182644247234447E-002)
 (-7.517231730448409E-004,9.935358480574190E-004)
 (3.048832205181930E-004,9.190559280983243E-004)
 (-8.079286434331616E-004,-6.777532303605884E-004)
 (1.513158686187618E-003,7.527418368247376E-004)
 (6.083035996708674E-003,4.838504538950654E-003)
 (4.119430812021911E-003,-5.570824361679863E-003)
 (5.023271258545960E-004,-6.327068644016485E-004)
 (-3.343615453123140E-005,5.095048683495983E-005)
 (-1.200497027401912E-003,1.693544074117577E-003)
 (-1.198418134588438E-003,-7.645146826135963E-004)
 (2.160419798802704E-005,7.687168619978111E-005)
 (1.857307914654141E-005,7.113845249069615E-005)
 (1.034616768860786E-004,1.498871773448004E-004)
 (1.895480766303670E-005,5.979719624901749E-005)
 (-4.485738971802807E-005,-1.636991766495334E-004)
 (8.043147729487650E-006,5.691340724658346E-005)
 (-2.126552304233860E-004,-7.134655948899473E-005)
 (-1.902868580504031E-004,3.040259446797963E-004)
 (8.452666782570990E-004,6.768535115691130E-004)
 (7.985237898879920E-005,2.886284646835566E-005)
 (1.423037926446486E-005,5.808889702818206E-005)
 (-8.161451619968884E-005,-2.620829316124142E-004)
 (1.259384676999213E-005,1.749786826318221E-005)
 (2.279397760859699E-004,-2.817186645671716E-004)
 (-1.321311380845597E-004,-8.024907259082182E-004)
 (5.207902629848467E-004,4.075678705518224E-004)
 (-3.323343605464519E-006,3.713527501340544E-005)
 (-2.096225917266473E-006,3.946065273648148E-005)
 (-2.511595109973577E-004,-1.450692236124307E-003)
 (2.633385880953345E-004,1.525857513785329E-003)
 (-5.541917856563817E-004,-3.341276349889000E-004)
 (2.900603221529810E-004,1.795804729794836E-003)
 (-3.776982224985225E-005,1.114021829920349E-005)
 (2.680275472165510E-005,2.911659254205989E-005)
 (1.363059252707550E-005,1.307147179852176E-005)
 (7.610739432032329E-004,-1.034213758005743E-003)
 (-8.562181545192379E-004,-6.100499429507236E-004)
 (-4.281753819333089E-006,2.599061357293131E-005)
 (3.648398699983808E-004,2.620828555822066E-004)
 (3.058181065350879E-004,-3.906057888870161E-004)
 (-2.828934888195639E-004,-1.868915212239173E-004)
 (2.756866250927963E-004,2.103808380461894E-004)
 (-2.184000222950068E-006,9.614910537377140E-006)
 (-4.601809570342478E-005,-2.745937743276334E-004)
 (0.000000000000000E+000,0.000000000000000E+000)
 AAAAAA
 (1.595181017398013E-002,3.483396801618235E-002)
 (1.276366575705038E-002,4.298876981087767E-003)
 (-1.151237605513354E-003,1.667916150673260E-003)
 (-3.723568251488695E-003,-9.194567313753951E-003)
 (-8.465438765587458E-003,3.937758680731296E-003)
 (-9.886726971968154E-003,-4.056795713420686E-003)
 (-9.316239300750142E-003,4.332641915447172E-003)
 (2.325576505823367E-004,-2.874590608751399E-005)
 (-3.580389350132813E-003,-8.112344260584341E-003)
 (-4.403986265334725E-005,8.277525499366013E-004)
 (-6.558157109578903E-005,1.580820400993825E-004)
 (-6.096011314173916E-003,2.699499973984643E-003)
 (-6.282166086918655E-003,2.830288548592960E-003)
 (-8.217442779721619E-003,-3.153005151044190E-003)
 (-2.724127363070020E-004,4.579820587968259E-004)
 (-4.817815933655877E-003,2.229583162880739E-003)
 (-6.604893478966048E-003,-2.489499985009467E-003)
 (-5.932111565373679E-003,-2.351706410313007E-003)
 (-5.893317260374146E-003,-2.228997153422848E-003)
 (-1.392741444762156E-003,-2.955868433545421E-003)
 (-3.250556701114811E-003,1.448682228497517E-003)
 (-1.273528039413116E-003,-2.956773788728987E-003)
 (-1.166445127366867E-003,-2.802610596689298E-003)
 (-1.244457244135629E-004,2.002229093086379E-004)
 (-2.759447895408914E-003,1.207499287578920E-003)
 (-9.793628018075536E-004,-2.197198369654883E-003)
 (-2.235521896043023E-003,1.026723386613329E-003)
 (-2.630634899151004E-003,-1.050981627830409E-003)
 (-7.088299063673948E-004,-1.656617392327218E-003)
 (-2.251649755298474E-003,-8.076563946958951E-004)
 (-1.565575530939553E-003,6.055995455645464E-004)
 (-3.787605379743336E-005,6.204985670233887E-005)
 (-5.883735876191603E-004,-1.364417628636434E-003)
 (1.334853447818789E-005,3.503426611635880E-006)
 (-3.016288152699140E-005,5.736794268499962E-005)
 (-6.441587270118580E-005,4.001955782205753E-005)
 (-1.236927220052409E-003,5.460400764228208E-004)
 (1.065597841491607E-005,7.305724493582300E-006)
 (-1.262674792692868E-003,-4.829018855162845E-004)
 (-1.185158767282769E-003,-4.444962844436374E-004)
 (-3.323458959766897E-004,-7.505623893483220E-004)
 (-1.049991099445403E-003,-4.043878068403486E-004)
 (-6.724939938091162E-004,3.015292796643847E-004)
 (-6.315203050741710E-004,2.633567746630429E-004)
 (-2.335201669999404E-004,-5.232769735445307E-004)
 (0.000000000000000E+000,0.000000000000000E+000)
 (0.000000000000000E+000,0.000000000000000E+000)
 (1.701121541828359E-002,-6.025874794188944E-003)
 (1.946034108970647E-002,-3.479520599421562E-002)
 (4.625088288611186E-002,2.849660027563290E-002)
 (-1.072646483238862E-002,2.219274479068754E-003)
 (-2.627009255860105E-003,-1.103225535847034E-002)
 (-9.772773973352343E-003,1.710213085020327E-002)
 (3.872260222092927E-003,1.779147024871810E-002)
 (7.803183106273938E-003,4.524521245909116E-003)
 (6.792749073639774E-003,-1.075784329513851E-003)
 (9.794345776127257E-003,5.948307613859878E-003)
 (8.995086327814639E-003,5.410324176022935E-003)
 (2.444966523152258E-003,9.324790267043800E-003)
 (1.919597165480200E-003,8.385813489702075E-003)
 (-8.724346493191723E-004,1.664516412547246E-003)
 (7.842680167916151E-003,4.731321695327842E-003)
 (1.501006051394574E-003,6.107045186285786E-003)
 (-7.308760295006676E-004,1.595201605659844E-003)
 (-9.144087850776620E-004,1.589597596405417E-003)
 (-9.457304297047406E-004,1.701600024387670E-003)
 (3.119877027034692E-003,-7.397493662124484E-004)
 (1.222454258020243E-003,5.056933712380917E-003)
 (2.227552910734442E-003,-5.238399761690287E-004)
 (2.721394961014592E-003,-6.310563001328724E-004)
 (4.460470980010846E-003,2.752616334810284E-003)
 (1.050733898582478E-003,4.160583517828403E-003)
 (2.075882973788832E-003,-4.485184263750698E-004)
 (7.578960430330180E-004,3.155342255537544E-003)
 (-5.544614565392040E-004,8.607133578102399E-004)
 (9.663652526187963E-004,-2.281140185131371E-004)
 (-5.165915385034470E-004,1.072422864234154E-003)
 (7.533211420162600E-004,3.151791979095445E-003)
 (2.790785253061739E-003,1.658747621331088E-003)
 (1.623937543045772E-003,-3.763686581756235E-004)
 (1.317068502517726E-003,8.419186403253703E-004)
 (2.414865981018431E-003,1.486084241876582E-003)
 (2.414510606240089E-003,1.505917235182426E-003)
 (1.219740621273932E-004,5.030066848827352E-004)
 (5.865223971621640E-004,3.029871678818373E-004)
 (-8.586526414705890E-005,1.752102501267388E-004)
 (-1.464646281744031E-004,2.158526254707866E-004)
 (5.598253687786907E-004,-1.436860407243482E-004)
 (1.635241503177031E-005,4.495325901629946E-005)
 (2.903191373075280E-004,1.147150256130048E-003)
 (2.724399978646257E-004,1.034502026022343E-003)
 (4.600397552387982E-004,-9.734842021932166E-005)
 (0.000000000000000E+000,0.000000000000000E+000)
 (0.000000000000000E+000,0.000000000000000E+000)
 (1.840298752052300E-004,-1.580407384445857E-002)
 (8.185034960368659E-002,8.256317421438977E-002)
 (2.146329182110713E-002,-2.427390200614843E-002)
 (-2.521346178009400E-004,2.133901900536364E-002)
 (-4.243799744622619E-003,2.413208300187787E-004)
 (-8.987684605176982E-003,-9.263112688309063E-003)
 (1.182964704881046E-006,-1.717235962031363E-004)
 (5.259025503544320E-003,-4.819693984510600E-003)
 (7.711751735036594E-004,-1.166166096591592E-002)
 (1.228852751009412E-003,-7.004741260171570E-004)
 (7.117600358582816E-003,-6.257287696995881E-003)
 (-1.046731034643609E-003,-8.751928015237027E-005)
 (-2.154139648401193E-004,9.014408550644403E-005)
 (-2.976017380439585E-003,-3.238417602396015E-003)
 (3.341988860183149E-003,-3.134118517731794E-003)
 (-1.308964729168750E-004,5.357250467939103E-005)
 (-2.343044715353005E-003,-2.641107602407759E-003)
 (-1.727210622728216E-003,-1.990446229433325E-003)
 (-2.453741137245116E-003,-2.680513647828752E-003)
 (1.255188687971834E-004,-4.277584325047388E-003)
 (-3.109250383886599E-004,-1.781703952089310E-005)
 (1.403908371969716E-004,-2.181249804746828E-003)
 (1.627390116337856E-004,-3.146322130049839E-003)
 (1.000077797763478E-003,-9.228151056597563E-004)
 (-5.171731982190652E-004,-9.184145303801067E-006)
 (1.476890407305947E-004,-3.094927748906106E-003)
 (-2.217459449085396E-004,4.546944474153383E-007)
 (-1.147734357688413E-003,-1.279441838212889E-003)
 (5.586726661119598E-005,-2.279232329065448E-004)
 (-6.465060870645433E-004,-7.143140105978109E-004)
 (-7.317812969463759E-004,-7.486259333038564E-005)
 (8.285605559648520E-004,-7.960537685590657E-004)
 (9.903406134650585E-005,-3.109039753500003E-003)
 (1.284401493821512E-003,-1.172895083126375E-003)
 (1.501563937374085E-003,-1.376154480557956E-003)
 (1.491621071390078E-003,-1.385253579826270E-003)
 (4.541698388892157E-004,2.776358532530890E-005)
 (7.873618234966742E-004,-7.288188466491515E-004)
 (-1.846206194660395E-004,-2.333934802892504E-004)
 (-9.784066879958532E-004,-1.027272211057876E-003)
 (3.632504668205003E-005,-2.361449248446639E-004)
 (-2.014005012378102E-004,-2.380052045659356E-004)
 (-6.742086567710192E-005,-5.205646182394671E-007)
 (-1.259216664128153E-004,-2.349201068573087E-005)
 (2.650228032766406E-005,-3.543171297639188E-004)
 (0.000000000000000E+000,0.000000000000000E+000)
 (0.000000000000000E+000,0.000000000000000E+000)
 (-5.974745457889698E-004,9.542108317185530E-005)
 (1.138391465251588E-003,-3.402737648596269E-003)
 (0.125189048387591,6.559345607288677E-003)
 (3.428445530524807E-002,-3.139886682368585E-002)
 (-1.956176436018408E-002,-2.151651325321711E-002)
 (1.195787106983391E-004,2.793883445158799E-003)
 (1.111050455464400E-002,1.301354093332964E-002)
 (8.434035850448954E-003,3.144050317586703E-004)
 (-4.770744998925628E-003,4.006260494705931E-003)
 (-5.712455619048261E-003,-5.034501378056065E-004)
 (-2.771583099107782E-003,-3.545085697860685E-004)
 (-8.562695465018070E-004,-9.664479267541803E-004)
 (-4.416814017370832E-004,-5.542814329238593E-004)
 (-1.255450004979315E-004,1.888235047520035E-004)
 (-1.432577131062307E-003,-1.649533841309884E-004)
 (-7.787572086519301E-005,-9.252139955550824E-005)
 (-7.862770262003001E-005,-1.052207845006520E-004)
 (-8.009519350688068E-005,-1.218077388950505E-004)
 (-7.353985496165433E-005,-1.362345766403597E-004)
 (-4.115183564346870E-004,3.348554434537448E-004)
 (2.151237655084559E-004,1.921336836656997E-004)
 (1.070148339707903E-003,-1.077391693698649E-003)
 (6.664882191768437E-004,-7.028922142001022E-004)
 (4.772846688219607E-004,-1.842676692726225E-005)
 (-6.035980270289853E-004,-7.095230630891364E-004)
 (6.010330007643291E-004,-6.391154753605830E-004)
 (5.036591643921663E-004,5.434403378448852E-004)
 (-1.577975805514627E-005,-2.135477565778075E-004)
 (-3.074556189660976E-004,2.277178450147250E-004)
 (-2.365114769195634E-005,1.800877036787147E-005)
 (-4.703191271324766E-005,-4.310408000813579E-005)
 (-1.109911342350183E-003,-1.067219316926691E-004)
 (-3.078466093660703E-004,2.421235672966878E-004)
 (1.662320585819644E-003,6.928663942335750E-005)
 (-1.153091001744123E-003,-8.631586503858739E-005)
 (1.105559965463967E-003,3.421344147967182E-005)
 (-4.477271215315734E-004,-4.991394376763730E-004)
 (-5.118128903398513E-004,-2.143721912083512E-005)
 (-3.028921306941451E-005,-2.829371929980493E-004)
 (-3.882634236540033E-005,-1.914596113398999E-005)
 (-7.564677042380666E-004,6.545537529688254E-004)
 (-1.171794244528214E-005,8.231282803852758E-005)
 (-2.802560250425494E-004,-3.106812338620448E-004)
 (2.850801821834061E-004,3.224289222137680E-004)
 (3.194670167564727E-004,-2.986261108410708E-004)
 (0.000000000000000E+000,0.000000000000000E+000)
 (0.000000000000000E+000,0.000000000000000E+000)
 AAAAAA
 (1.870894567574634E-002,4.227534805566030E-003)
 (1.934785967984811E-002,2.805894739874482E-002)
 (-8.940041309189843E-004,4.512214421454845E-003)
 (-8.099472265470961E-003,-1.110637542899036E-002)
 (-8.497084877673818E-003,5.926110983471223E-003)
 (-1.146797671153320E-002,-1.463664422547650E-003)
 (-8.565596894140435E-003,6.141007605596505E-003)
 (-4.155981474549021E-004,4.201337037175088E-004)
 (-5.196987401953176E-003,-7.353796088116556E-003)
 (-5.210087851155410E-004,1.232112856709043E-003)
 (-1.533920034600999E-004,4.278312813214716E-004)
 (-5.311622680366199E-003,3.745669112233450E-003)
 (-5.338427048394114E-003,3.479900847924957E-003)
 (-8.264618626679834E-003,-1.552201871477717E-003)
 (-4.816675626526052E-003,3.449466864395249E-003)
 (-7.753827213664898E-003,-1.254691856669989E-003)
 (-7.822410893824896E-003,-1.286265722609784E-003)
 (-1.780313517611622E-004,5.542100708584809E-004)
 (-2.350144530825240E-003,-3.441833856686764E-003)
 (-6.148779375419555E-003,-1.097760138748889E-003)
 (-3.342100539523796E-003,2.391365995332905E-003)
 (-3.282715312158403E-003,2.261277984346879E-003)
 (-1.932871999517076E-003,-2.495453516270056E-003)
 (-2.098863766804848E-004,5.005235944271683E-004)
 (-1.599685429696173E-003,-2.089705365094927E-003)
 (-1.390351569592309E-003,-1.879739749493513E-003)
 (5.496230920890932E-006,2.402117946696346E-004)
 (-1.966254886859832E-003,1.346547288923670E-003)
 (-2.949214505819213E-003,-4.464026619402989E-004)
 (-1.081626429800317E-003,-1.442596570184462E-003)
 (-6.075334452824402E-005,1.659414577966783E-004)
 (-1.777014374310171E-003,1.278600549359886E-003)
 (-2.662295379913449E-003,-4.410348899860124E-004)
 (-9.808868236880187E-004,-1.331945697172820E-003)
 (-4.623515850272607E-005,2.200470860545749E-004)
 (-1.984083495476898E-005,1.082906384818007E-005)
 (-1.089652284994716E-003,7.353356970106044E-004)
 (-1.479412853139937E-003,-2.517303846131175E-004)
 (-8.631590230921515E-004,5.856203305763732E-004)
 (-5.293252936747232E-004,-7.567481648041665E-004)
 (9.691906366478330E-006,6.053714067631608E-006)
 (-1.131288611268288E-003,-1.647662956863849E-004)
 (-1.035326661331454E-003,-1.812574217259008E-004)
 (-8.721669605584049E-004,-1.371870899995730E-004)
 (-5.592535652556847E-004,3.917941716113949E-004)
 (0.000000000000000E+000,0.000000000000000E+000)
 (0.000000000000000E+000,0.000000000000000E+000)
 (1.768075483422441E-002,-3.575528162094455E-002)
 (-3.932924596729351E-004,4.608818182306792E-004)
 (2.559277807428614E-002,1.205703160201207E-002)
 (-1.753009913992164E-002,6.356754372121654E-003)
 (-2.172416223639044E-003,-6.007872879143820E-003)
 (-4.113161621380133E-003,1.004142584777725E-002)
 (5.170289594620943E-003,1.424728437069500E-002)
 (8.819689409568340E-003,3.855988360329248E-003)
 (8.696558717451518E-003,-3.193927376995775E-003)
 (1.118939866165523E-002,5.198973380051484E-003)
 (1.090110431091101E-002,4.988005545868245E-003)
 (2.449266508118001E-003,6.693369527636192E-003)
 (2.413576764799347E-003,6.320030151612806E-003)
 (-3.817000266039088E-004,1.881928983174254E-004)
 (1.976202642958524E-003,5.410155831472350E-003)
 (-3.236701820105827E-004,1.800189893400839E-004)
 (-4.598519419802562E-004,2.712934185041520E-004)
 (6.719980364736401E-003,3.225266593182775E-003)
 (4.334294512612909E-003,-1.753271222538715E-003)
 (-1.897013353483056E-004,6.403829485288938E-004)
 (1.766910014349763E-003,4.482962644442770E-003)
 (1.466702977385561E-003,4.418707853950267E-003)
 (3.203127778764123E-003,-1.326822622333922E-003)
 (4.938352992131486E-003,2.304600536793903E-003)
 (2.342900403848149E-003,-7.864563830228810E-004)
 (2.243500536312433E-003,-8.748177821568179E-004)
 (3.329493020188600E-003,1.620605033342771E-003)
 (8.058728839927804E-004,2.265121816863612E-003)
 (-2.426629216426951E-004,4.899683871662710E-004)
 (2.110551362723110E-003,-8.418881718345986E-004)
 (3.022258345490009E-003,1.327295129659381E-003)
 (9.184612092657217E-004,2.692185649770977E-003)
 (-2.878901641253043E-004,5.712033499215670E-004)
 (1.221456726797247E-003,-4.967799194529488E-004)
 (2.568782724206797E-003,1.112870014127771E-003)
 (1.146725473000176E-003,5.344287260462553E-004)
 (2.127503690119260E-004,5.373875602537829E-004)
 (-2.029108517016213E-005,-3.172199625399018E-005)
 (4.951714500883341E-004,1.496512836972692E-003)
 (8.478112163245182E-004,-3.498421564175674E-004)
 (8.954467730371683E-004,4.146123891624575E-004)
 (6.077001311420409E-005,-1.411898486634245E-004)
 (-2.504838402873373E-005,1.290022326268150E-006)
 (-3.942320333376998E-005,8.601657239511266E-005)
 (2.839583797685491E-004,7.723141006263342E-004)
 (0.000000000000000E+000,0.000000000000000E+000)
 (0.000000000000000E+000,0.000000000000000E+000)
 (0.143071607242025,-2.862691618580409E-002)
 (-1.703356654433130E-002,-1.130347691394487E-002)
 (-6.657357305557970E-004,-1.960860322546460E-003)
 (3.162422971544471E-002,1.904715850438992E-002)
 (6.153947989841740E-003,-8.964794430484249E-003)
 (-1.233643722709835E-002,2.645906365713324E-003)
 (-3.050061912529533E-003,4.769654785228998E-003)
 (-1.448131558856781E-003,-6.551840066310783E-003)
 (-8.197231299423111E-003,-5.693552996669275E-003)
 (-6.054141265420870E-004,-3.471845679001640E-003)
 (-1.614391870632091E-003,-8.799227011744452E-003)
 (-1.376930075068650E-004,3.057521509378709E-004)
 (4.409340985366857E-005,-2.139858120966059E-004)
 (-3.373667539509479E-003,6.606628423395739E-004)
 (1.941059091256365E-004,-1.895705479950812E-004)
 (-3.528047502420272E-003,7.437332576351284E-004)
 (-2.980410260303052E-003,6.849710477724467E-004)
 (-4.686184591189220E-004,-3.046201030816584E-003)
 (-3.673807607584696E-003,-2.578462744505698E-003)
 (-1.796193463968132E-003,2.493257907174359E-004)
 (-1.716491556613007E-004,2.741949364316028E-004)
 (-6.614200419305269E-005,2.689611515570710E-004)
 (-2.516941616986384E-003,-1.662883998277164E-003)
 (-2.159208280344298E-004,-1.285240925149215E-003)
 (-1.457816317510516E-003,-1.069795694884736E-003)
 (-2.088545630314400E-003,-1.434874258136996E-003)
 (-1.758802342875169E-004,-1.450551847177810E-003)
 (-1.999212792362026E-004,2.998532647146944E-004)
 (-1.608255290312379E-003,3.034983435453702E-004)
 (-2.203068892075533E-003,-1.490329661218445E-003)
 (-3.544269725026126E-004,-1.864746374069416E-003)
 (-3.032138148086847E-004,5.089455900900326E-004)
 (-9.971635652546015E-004,1.726370182823745E-004)
 (-1.642935614635150E-004,-1.293795346170619E-004)
 (-2.894917832368470E-004,-1.501300717501417E-003)
 (-1.773752275968746E-004,-1.097937268844300E-003)
 (4.045308659313047E-004,-6.490116613098056E-004)
 (-1.492054249121605E-003,2.785339999205866E-004)
 (8.206922163060248E-005,-3.424592702313712E-005)
 (-2.979513726818813E-004,-1.833424089475137E-004)
 (-1.743069865276551E-004,-9.821446520300084E-004)
 (-1.531120804466593E-004,3.861156583580496E-005)
 (-2.953456422329229E-004,5.091831900440468E-005)
 (-7.295546395131815E-004,1.437003444064663E-004)
 (-1.226854484051373E-004,1.807312696191368E-004)
 (0.000000000000000E+000,0.000000000000000E+000)
 (0.000000000000000E+000,0.000000000000000E+000)
 (1.223085790196455E-002,3.621234262827604E-002)
 (-6.703426711929901E-003,1.371117564446328E-002)
 (8.527867529414093E-002,-3.639402152310430E-002)
 (1.882118503882497E-002,-4.772559264363353E-002)
 (-2.376239597651102E-002,-8.965233178277339E-003)
 (3.481075164464953E-003,7.229964054748701E-003)
 (9.908643437031009E-003,3.074608548151953E-003)
 (8.336811981838664E-003,-3.422111402342208E-003)
 (-1.618796632418964E-003,3.755780913184226E-003)
 (-6.917677363006141E-003,2.926454128938490E-003)
 (-3.805965380905747E-003,1.657791076565443E-003)
 (-1.515422778422762E-003,-6.130813726426554E-004)
 (-1.642744234643887E-003,-6.018155042605744E-004)
 (-3.414389487943449E-006,-6.383830907801815E-006)
 (-1.212108576019140E-003,-4.402496363643682E-004)
 (-8.085266422693709E-006,-7.498314734425841E-005)
 (7.591200123435824E-005,9.449398709512050E-005)
 (-1.445239933129190E-003,6.098737150953232E-004)
 (-4.274584671205822E-004,1.090403129290416E-003)
 (2.401374513857019E-004,6.298634869653411E-004)
 (-4.855873277439053E-004,-1.377106288975713E-004)
 (-1.421625070831042E-003,-6.098471176001329E-004)
 (3.020553507214523E-005,1.576089157542279E-004)
 (-5.210026073256243E-004,2.483908700976486E-004)
 (-5.376186529236601E-005,5.659913432572064E-005)
 (1.486323108909110E-004,-3.385025934845646E-004)
 (-1.058170748455924E-003,4.296351244347756E-004)
 (3.037784412902986E-004,9.478445614099918E-005)
 (7.296093242494190E-006,-2.697377701931362E-005)
 (-9.264863988538534E-005,2.391773000306535E-004)
 (-9.288362837952533E-004,4.116371026657886E-004)
 (-1.626531188475392E-004,-9.869730084910997E-005)
 (2.476852997449216E-004,5.650102195378815E-004)
 (-5.037291720287724E-004,1.288145790477867E-003)
 (5.724117433612565E-004,-2.430059627966302E-004)
 (9.826925046608748E-004,-3.964571249343713E-004)
 (-8.145960476916147E-004,-2.901739690204869E-004)
 (-2.593919754204342E-004,-5.774825686535225E-004)
 (-8.516759030249796E-004,-3.442131526874558E-004)
 (-5.969041102577182E-004,1.411236798503484E-003)
 (-4.897939566110084E-004,2.209596248862154E-004)
 (-4.013273545882266E-006,3.168009376770800E-005)
 (-6.163186679487842E-006,-1.790819890686715E-005)
 (-4.412197978841370E-005,-1.266243728563818E-004)
 (2.394054901547515E-004,9.031555715621569E-005)
 (0.000000000000000E+000,0.000000000000000E+000)
 (0.000000000000000E+000,0.000000000000000E+000)
 AAAAAA
 (3.150960400551253E-002,2.092743365950192E-002)
 (-4.250165315397383E-003,-2.503011942936779E-002)
 (-5.231540485380281E-003,6.481653154478790E-003)
 (5.556175762565270E-003,2.919344084407998E-002)
 (-9.390173827385748E-003,1.588521516787602E-003)
 (-1.444625483016027E-002,2.597851576813127E-003)
 (-1.050474011322008E-002,-7.058781945733190E-003)
 (-9.106825923247789E-004,7.295819857356411E-004)
 (-2.383483089015069E-003,2.808762140792568E-003)
 (-1.570066549283580E-003,2.115173382116803E-003)
 (-1.396453942411750E-003,-6.812130059653579E-003)
 (-8.144599218122548E-003,-5.448847148178389E-003)
 (-7.176901494833361E-003,-4.957441572709121E-003)
 (-7.475942862646448E-003,1.121392266306336E-003)
 (-8.391299648456659E-004,-4.438387430619085E-003)
 (-6.852778528348430E-003,-4.439699585621456E-003)
 (-6.856391102987046E-003,1.306411461831826E-003)
 (-6.848326365271163E-003,1.266419987448862E-003)
 (-5.916342354642589E-003,9.296409552741592E-004)
 (-5.829378163299233E-003,1.154658526277645E-003)
 (-1.059487818816519E-003,1.507109608559496E-003)
 (-5.019179607757870E-003,-3.502788612190378E-003)
 (-1.237364250333475E-003,1.403666408075508E-003)
 (-5.119494130682806E-004,-2.563586426741238E-003)
 (-7.327219668551873E-004,9.980358545032674E-004)
 (-6.675887116237306E-004,8.453317499221240E-004)
 (-4.248571209921224E-004,-1.827270932027950E-003)
 (-3.029259459479219E-004,-1.795863403683959E-003)
 (-3.005750440384204E-003,5.196964574276439E-004)
 (-3.769351741674789E-004,-1.826693656852949E-003)
 (-2.542240200914724E-003,-1.849486517791539E-003)
 (-2.501043200000187E-003,-1.740072247990522E-003)
 (-2.560147381185293E-003,5.281015732675686E-004)
 (-3.588522101413824E-004,5.299182475159441E-004)
 (-2.636426497403835E-004,-1.299492363564345E-003)
 (-1.740642158295769E-003,3.518852347280505E-004)
 (-1.549800542288457E-003,-1.043221615950847E-003)
 (-1.504537843492580E-004,-8.064499669600162E-004)
 (-1.378843971090077E-003,2.639537657273387E-004)
 (-1.820106852923997E-004,1.516317351996198E-004)
 (-9.326183486094063E-004,-6.588900954889821E-004)
 (-1.544515451481616E-004,1.259590479972962E-004)
 (-8.391866268621742E-005,-4.524244578301864E-004)
 (-9.373758122652188E-004,-6.407462171858500E-004)
 (-9.169665739246745E-004,1.830891118927127E-004)
 (-7.820607779043408E-004,-5.170102519694597E-004)
 (-7.692662139212140E-004,-5.509707624147212E-004)
 (-1.314982056349424E-002,1.468938002985793E-002)
 (3.014257545998063E-002,-7.514063078093364E-003)
 (-9.636311453028698E-003,-5.558675430641521E-003)
 (5.300278900659094E-003,1.329582565175569E-003)
 (-3.528381044714541E-004,-1.931684497318300E-004)
 (-1.990201312734365E-003,-1.030830747093540E-002)
 (1.564400889062638E-003,-2.279229715834856E-003)
 (-8.684870722589824E-003,-5.908915306133899E-003)
 (-1.119347149104356E-002,-7.609339988983262E-003)
 (-1.123549336991001E-002,-7.658608410436895E-003)
 (-1.204160714218096E-002,2.898050992376424E-003)
 (-1.469948140351710E-003,1.927500827869029E-003)
 (-1.053455625860042E-003,1.663673099859955E-003)
 (-5.434992034637527E-004,-4.673546077416133E-003)
 (-7.008765746901410E-003,1.625313519613526E-003)
 (-1.044067174422967E-003,1.599988013472334E-003)
 (-6.925878120186250E-004,-4.265072370436174E-003)
 (-7.548053499187817E-004,-4.500392223277472E-003)
 (-7.681170938257890E-004,-4.001155808635509E-003)
 (-7.025076200821323E-004,-4.194778617457291E-003)
 (-5.268761880485695E-003,-3.292523156309777E-003)
 (-4.232294897807886E-004,1.031008183631037E-003)
 (-4.816691954023486E-003,-3.174728897782753E-003)
 (-4.370346863353636E-003,1.019820869356236E-003)
 (-3.845425324780967E-003,-2.521092553977434E-003)
 (-3.555518168384226E-003,-2.366440162251039E-003)
 (-3.465000975584260E-003,6.277460969448364E-004)
 (-2.991186793708736E-003,6.798323239772403E-004)
 (-4.282874912066888E-004,-2.165613205000810E-003)
 (-2.501817104951783E-003,5.228352706302653E-004)
 (-3.123727117122607E-004,3.950600195418167E-004)
 (-1.758445126266790E-004,3.957798432242981E-004)
 (-3.165840323160632E-004,-1.387030525392682E-003)
 (-2.425618595483229E-003,-1.526981403346735E-003)
 (-1.714837705240608E-003,3.852777372634216E-004)
 (-3.849272873249666E-004,-1.721783269930856E-003)
 (-2.373462968761417E-004,4.972242421972472E-004)
 (-1.462123937507030E-003,3.215473010482575E-004)
 (-6.877757367602050E-005,-4.860110822227749E-004)
 (-9.692617881842674E-004,-6.581942924370992E-004)
 (-1.272691756981781E-004,2.142463451112224E-004)
 (-9.583971630277675E-004,-6.456854932969796E-004)
 (-1.096538341317275E-003,2.245320467157141E-004)
 (-2.047942737336539E-004,3.229781519165357E-004)
 (-1.621386974728920E-004,-8.316740250147890E-004)
 (-6.513094743432726E-005,8.179813619121193E-005)
 (-2.907570308698658E-005,4.314691096053777E-005)
 (5.225754504854074E-002,-0.148182339023870)
 (5.937618732365295E-002,-2.747080562169503E-002)
 (2.257715704753663E-002,7.122136115901670E-003)
 (-3.045151020734302E-002,1.473638550105697E-002)
 (-8.949209544859654E-003,-2.066806644184377E-002)
 (4.281430506825790E-003,9.338658879687342E-003)
 (-4.387848484171295E-003,1.158163173435756E-002)
 (-1.054881099152496E-003,3.924550067746328E-005)
 (-2.800504020350926E-003,-1.058523574217032E-003)
 (-5.149964510646149E-003,-1.878430698002983E-003)
 (-4.185488886757795E-003,2.041608146517124E-003)
 (-3.145284454820716E-004,8.093537367476187E-004)
 (-5.997365762735877E-004,1.629816570978746E-003)
 (-2.006012899376077E-004,-5.151724348391044E-004)
 (-1.800121593019656E-003,8.724718687841220E-004)
 (-4.629528379881048E-004,1.321379688175017E-003)
 (-1.142749843329451E-005,-1.007224730426727E-004)
 (-4.036353051930077E-005,-1.446942141093072E-004)
 (1.433597089584596E-004,3.297835492782601E-004)
 (3.770847499546408E-005,-5.278433649063381E-006)
 (-5.016959395407736E-004,-1.315535437117552E-004)
 (-2.045116353290467E-004,5.889538567439817E-004)
 (-2.036755146577618E-004,-1.657380053867157E-005)
 (-1.215690713604245E-003,5.801530329136041E-004)
 (-8.706709732449090E-004,-3.048281678607330E-004)
 (-1.103594450915050E-003,-3.837921360936756E-004)
 (-1.314017442532343E-003,6.220391590392847E-004)
 (-8.209041080858259E-004,4.049232863720440E-004)
 (2.520390304399225E-004,5.336630565508054E-004)
 (-2.374590508724033E-004,1.278484518071533E-004)
 (-3.688333911191405E-004,9.760094796638896E-004)
 (-2.643612083556365E-004,7.664431278973055E-004)
 (2.971155331976390E-004,6.229985871805477E-004)
 (-4.257295923309664E-004,-1.437103773913175E-004)
 (-3.584643170218926E-005,1.274242602842168E-005)
 (-8.658548371645730E-005,-1.474051097601228E-004)
 (-2.702446622428723E-004,7.776960629241558E-004)
 (-3.898320205276512E-004,1.949426089379774E-004)
 (-3.924699097857958E-004,-8.939936881358032E-004)
 (-2.102474863429552E-004,-6.640416582728774E-005)
 (-2.359720689287864E-004,6.158457328887877E-004)
 (-5.440472673509274E-004,-1.887983051075821E-004)
 (-6.003316091719355E-004,2.768318188135160E-004)
 (5.358232652344858E-005,-1.342661808965324E-004)
 (4.892989281394424E-005,1.078678840549624E-004)
 (-1.079385883812180E-004,2.746823267211417E-004)
 (-1.434022413397069E-004,3.945253529063858E-004)
 (0.119221207085800,5.576584861407274E-002)
 (-9.168801040277161E-003,-2.922673813744952E-002)
 (2.434071845452180E-002,-4.973499976794180E-002)
 (2.271808067107911E-003,4.403638402112569E-003)
 (-9.281467886154436E-003,2.739776742788531E-003)
 (3.369419115858344E-003,-6.097850279781488E-004)
 (1.646951679222741E-003,5.511246976912178E-004)
 (6.145691748014581E-003,-1.235486448441406E-002)
 (-1.357095904098460E-003,2.654957089962485E-003)
 (3.830820438782763E-004,-9.242119121560554E-004)
 (-6.662240616280833E-004,-1.612648153596126E-003)
 (-7.559089966956460E-004,-3.296978638656586E-004)
 (-1.650032433910137E-003,-7.419604914812245E-004)
 (-6.571700226278431E-004,2.180150082071188E-004)
 (-4.230625330290021E-004,-1.058210033834013E-003)
 (-1.142246965227910E-003,-5.005236195670534E-004)
 (-5.191099443469420E-004,1.929846993128929E-004)
 (-4.999911765195016E-004,1.786407132685255E-004)
 (-4.907672730326939E-004,1.350373988616079E-004)
 (-8.034344918572186E-004,2.907191327794838E-004)
 (1.867425838795392E-004,-4.849247922365052E-004)
 (2.454453877192806E-004,1.549062444741262E-004)
 (7.149316263012519E-005,-3.252322341365215E-004)
 (-4.074637002777568E-004,-1.112222439396568E-003)
 (-5.425585590303206E-005,1.094621178501485E-004)
 (7.011690611856583E-005,-1.804211813436906E-004)
 (-3.841864709693412E-004,-1.017386909566098E-003)
 (-5.039985258970863E-004,-1.358930680515579E-003)
 (-2.008503422611870E-004,5.843715805860887E-005)
 (-2.175095188956342E-004,-5.429128957027737E-004)
 (-5.973258096955751E-004,-2.901776832224548E-004)
 (1.519553777576506E-004,8.147304957366104E-005)
 (3.372900722416568E-004,-1.187159428427011E-004)
 (4.840070916764170E-004,-1.016982229312160E-003)
 (3.564104919813277E-004,1.140075312816350E-003)
 (-7.413826546297931E-004,2.637753131548064E-004)
 (-1.360638356674491E-003,-6.391026478287738E-004)
 (4.661734753703910E-004,1.199360710576144E-003)
 (-2.140044531612463E-004,8.535049183089003E-005)
 (3.753328770480001E-004,-8.047474509696169E-004)
 (-6.756141341592305E-004,-3.014511449741134E-004)
 (2.418672966126530E-005,-8.081241449316463E-005)
 (-1.298868599600895E-004,-3.191678671479046E-004)
 (-2.057140954761522E-005,-2.842571008303825E-005)
 (-2.427826874735173E-004,9.243342954143294E-005)
 (4.937380457079566E-005,1.721690542414075E-005)
 (3.050881822183813E-005,1.673015006588683E-005)
 AAAAAA
 (3.418182513184765E-002,-9.487599535604831E-003)
 (2.389342885754074E-002,1.427689229838251E-002)
 (-1.246738237350636E-002,-7.671123343835590E-003)
 (-5.848737290292666E-003,9.724217272729603E-003)
 (1.414440694250001E-003,6.374877234813227E-003)
 (-1.321887447707805E-002,3.496896126176292E-003)
 (-6.327577043108183E-003,1.024009863553164E-002)
 (3.567771749353145E-004,1.355305356478701E-003)
 (6.766586839378952E-004,3.043191014405333E-003)
 (-7.956583000488267E-003,-4.514034890864242E-003)
 (6.765742513226798E-004,1.289777166161027E-003)
 (-9.797827050157068E-003,2.790300324172228E-003)
 (-9.280070051522383E-003,2.346914238621921E-003)
 (-3.878784926566548E-003,6.424140275756031E-003)
 (-3.416160310405766E-003,5.971952802311897E-003)
 (-3.533560946153768E-003,6.073194992345470E-003)
 (4.492802500574520E-004,1.404631858863977E-003)
 (-3.668248982162235E-003,-2.183803984846421E-003)
 (-3.135340740865342E-003,5.112668029430042E-003)
 (-6.646671033602243E-003,1.597887768444160E-003)
 (-2.843897780168096E-003,-1.723233712711972E-003)
 (3.474692853907128E-004,1.453635808557919E-003)
 (-5.725940208631829E-003,1.480119671979098E-003)
 (-2.175199522009982E-003,3.832970767477274E-003)
 (-2.165313278269258E-003,-1.385851486034040E-003)
 (-2.164075050238380E-003,-1.252181364491582E-003)
 (-3.838871283147530E-003,1.049266861732280E-003)
 (-1.699409458275007E-003,2.801163926875950E-003)
 (1.504107017602709E-004,7.720874956638640E-004)
 (-1.559617864732848E-003,-8.286045626844966E-004)
 (-1.436997284974245E-003,2.462422270634174E-003)
 (7.727775243939828E-005,6.071315452605908E-004)
 (1.424359623925216E-004,5.854250059259779E-004)
 (-2.782463496494824E-003,6.414810778436402E-004)
 (-1.123524386121010E-003,-6.517564935992236E-004)
 (-1.753284456012768E-003,4.868055995720606E-004)
 (2.617580728510446E-005,1.609890218694505E-004)
 (-6.520535710302604E-004,1.079403193138951E-003)
 (-5.577031105504205E-004,9.589741419731235E-004)
 (-5.966617254870798E-004,9.274015387271892E-004)
 (-1.049169227647292E-003,2.795165519150256E-004)
 (2.635809278549444E-005,9.383530735384139E-005)
 (-5.671051753378947E-004,-3.533692550840205E-004)
 (-4.907268497819773E-004,-2.839168475300697E-004)
 (-1.146127022771748E-003,3.013932213685989E-004)
 (3.585744998325018E-005,3.035413311069344E-004)
 (0.000000000000000E+000,0.000000000000000E+000)
 (9.224145374195445E-004,3.487779030886137E-002)
 (7.686696625845882E-003,-6.838017479987381E-003)
 (1.311205646238555E-003,-3.073237106611484E-003)
 (9.572927886831270E-003,9.427542343502751E-003)
 (-2.638813782418028E-002,1.302972621781680E-003)
 (-2.452339396477112E-004,-8.354483621760039E-003)
 (-8.158062870974354E-003,-8.029698594092093E-003)
 (-1.243214518496290E-002,3.568107329604479E-004)
 (-1.251120552430845E-002,1.071193677813913E-003)
 (-8.299348768462795E-003,9.504499970540039E-003)
 (-1.269424900457540E-002,8.016883567548007E-004)
 (1.752348520296381E-004,1.885622675289429E-003)
 (1.165486084830593E-004,1.620458368093887E-003)
 (-4.344236317111761E-003,-3.721703339997272E-003)
 (-3.505211442086782E-003,-3.071152046307006E-003)
 (-3.282310887010565E-003,-3.056472687201297E-003)
 (-7.135518381196746E-003,3.425948610192686E-004)
 (-4.061011024718749E-003,4.122885951406926E-003)
 (-3.139082461658592E-003,-2.837956941970561E-003)
 (5.762627956014702E-005,9.815790709760399E-004)
 (-3.172772102430311E-003,3.769898041352921E-003)
 (-6.114751348023388E-003,3.960311006670880E-004)
 (4.374393106961394E-005,6.573247640563355E-004)
 (-2.505411698041216E-003,-2.320097044742846E-003)
 (-2.528250566512402E-003,2.771485228249090E-003)
 (-2.101700801849388E-003,2.373905928244843E-003)
 (6.636356475500996E-005,2.978969528269790E-004)
 (-1.679101151218205E-003,-1.611866500043034E-003)
 (-3.596880335979694E-003,1.687961606654222E-004)
 (-1.954418629067132E-003,2.115652330339756E-003)
 (-1.675754824439147E-003,-1.540535272487671E-003)
 (-3.311249431729012E-003,2.527314672335203E-004)
 (-3.308215308403627E-003,1.567877443199705E-004)
 (-4.555474497909106E-005,-4.670692525937350E-005)
 (-8.833726595314677E-004,9.089118725231959E-004)
 (7.550655492162984E-007,4.627471629114227E-004)
 (-1.645936769735032E-003,4.572827015807200E-005)
 (-9.526614843924370E-004,-8.059802345896337E-004)
 (-2.709647887611668E-004,-2.479120425552864E-004)
 (-7.105713970127802E-004,-6.570680692754560E-004)
 (7.872497190401719E-006,1.273630881330751E-004)
 (-9.132967055545440E-004,4.308163727442408E-005)
 (-5.117405671292170E-004,5.795539924533695E-004)
 (-5.161887111059378E-004,5.726526763520428E-004)
 (-4.958101530852846E-007,2.382384185208723E-004)
 (-1.062300171229463E-003,5.425332645468347E-005)
 (0.000000000000000E+000,0.000000000000000E+000)
 (0.192664185410596,-5.469798516006488E-002)
 (-1.977741287462767E-002,-1.211761575771530E-002)
 (2.400056131543263E-002,1.386778935627513E-002)
 (4.058368035983174E-003,-7.445034692421503E-003)
 (-2.444350139985580E-003,-1.265846329842621E-002)
 (-1.198277652537115E-002,3.343655081712507E-003)
 (-4.135776107392370E-004,1.311384757078438E-003)
 (-2.126101995015010E-003,-8.230397362348783E-003)
 (-4.186645014152141E-004,-8.264982732312620E-004)
 (-8.885100058688731E-003,-4.867389567642851E-003)
 (-2.388668748954657E-003,-8.686502781239804E-003)
 (-2.935143194594556E-003,8.347675120241437E-004)
 (-1.704353313637425E-003,4.133738146713032E-004)
 (-8.448539295304600E-005,-3.810233838751558E-005)
 (1.298387769164447E-004,-2.818482010317109E-004)
 (3.629409482546417E-004,-5.538221076159131E-004)
 (-6.580260557233709E-004,-2.581930826460218E-003)
 (-3.025323503673119E-003,-1.895210019623108E-003)
 (6.607927413433419E-005,-1.783077098546864E-004)
 (-1.576020000273131E-003,3.707063670000473E-004)
 (-2.603507615142663E-003,-1.455144714149993E-003)
 (-4.249946238862679E-004,-1.525930467216762E-003)
 (-7.101263504899705E-004,1.670871051967494E-004)
 (-5.288930659195509E-005,1.465416373175453E-004)
 (-2.377320752791927E-003,-1.383790490992123E-003)
 (-1.287967061012370E-003,-7.299185517033991E-004)
 (-1.381992976882004E-003,3.876721941407699E-004)
 (8.985589178615177E-005,-1.063617599329919E-004)
 (-3.129997442824642E-004,-1.181342229006912E-003)
 (-1.969644842928123E-003,-1.130688647170320E-003)
 (-1.113091147187668E-004,2.444990043845742E-004)
 (-4.702406965285480E-004,-1.484801332968364E-003)
 (-3.939610645551113E-004,-1.506539647744901E-003)
 (-6.439823522308699E-004,1.182977471162825E-004)
 (3.461835018682254E-004,1.484574724038719E-004)
 (-1.551555500549422E-003,4.282207786069247E-004)
 (-3.640730370032126E-004,-1.253986839270641E-003)
 (-8.259724595076172E-005,1.130353443328966E-004)
 (1.972895013520763E-004,-3.757920793477591E-004)
 (-5.155004565488062E-005,9.943772001112223E-005)
 (-8.357120963371231E-004,2.243936225888460E-004)
 (-1.672242385371536E-004,-5.844663321346336E-004)
 (-1.693832517023709E-004,-1.129349411379243E-004)
 (-2.879256796874406E-004,-1.666101410306438E-004)
 (-1.064864438874785E-004,2.680967440879226E-005)
 (-2.182631269025424E-005,-5.870579732213090E-005)
 (0.000000000000000E+000,0.000000000000000E+000)
 (6.836897110046388E-004,1.393640777635970E-003)
 (-8.193409818982774E-004,2.925702653154718E-004)
 (9.032546827826803E-003,-6.303472062057501E-002)
 (-4.427783196402552E-002,-8.460897953986309E-003)
 (5.456153830485810E-002,-4.147308411007870E-002)
 (7.159791987965654E-004,8.255186821772409E-004)
 (1.201880057004279E-002,2.144433659455522E-003)
 (1.036689726841040E-002,-7.575770452125056E-003)
 (-7.588659079880950E-003,5.225077962900791E-003)
 (-7.958495455191255E-004,6.059803164380167E-003)
 (-2.480612935297890E-003,1.827704043853568E-003)
 (1.616132119959611E-004,1.247167842935728E-004)
 (1.243066861269094E-004,1.925054714174612E-006)
 (-6.640304410598072E-004,-1.956829218251381E-004)
 (-1.508099748538855E-004,-7.997024910463977E-005)
 (5.683832456951012E-005,-6.222542231563454E-005)
 (4.222980582855052E-005,-8.725720034358006E-005)
 (-1.336813904692113E-005,1.146273938937685E-004)
 (2.136243908918430E-004,-1.991472566977929E-005)
 (1.272620740814951E-004,6.402513337259625E-005)
 (8.901113101502712E-005,-7.549692570716949E-004)
 (4.357082675395696E-004,-3.821114348236985E-004)
 (4.196196441523751E-005,-3.653239007017188E-006)
 (-1.075599357653181E-003,-1.984256947633291E-004)
 (1.539648222534033E-004,-8.960203353991091E-004)
 (1.329049018609578E-004,-6.817153626393341E-004)
 (3.369078139490512E-006,-3.872953357666498E-005)
 (8.434554133062756E-004,1.069217065637753E-004)
 (-4.689213511864953E-004,3.387983317245020E-004)
 (-1.275242278639471E-005,2.324480483630239E-004)
 (2.367896327691945E-005,-3.501472656408671E-005)
 (-4.999158657811519E-004,3.615332943397099E-004)
 (5.073276046202718E-004,-4.072032859843799E-004)
 (3.903459737279605E-005,1.546396937944565E-005)
 (-5.655983918362905E-005,3.593134963026035E-004)
 (2.755966667019979E-005,1.321007685203459E-005)
 (1.219007945652821E-003,-9.085068818658632E-004)
 (-8.123259591641966E-004,-1.674512701628762E-004)
 (-3.744527136226040E-004,-7.913894844832448E-005)
 (7.322088818891455E-004,9.198954051411296E-005)
 (1.569014321396600E-005,1.116177543458539E-005)
 (-1.567107846616061E-004,1.145369641224414E-004)
 (-9.471019194647490E-005,5.832076904462633E-004)
 (6.032325265126735E-005,-4.243849950950953E-004)
 (5.147242238831800E-006,-4.642728743961164E-005)
 (2.646171011409909E-004,-2.159120718398706E-004)
 (0.000000000000000E+000,0.000000000000000E+000)
 AAAAAA
 (1.013616344755460E-002,7.191254821393764E-003)
 (1.095615362851781E-002,3.337319301886051E-002)
 (-3.911591001854979E-003,6.722498914382761E-003)
 (-4.182388615331463E-003,-1.210406875674924E-002)
 (-9.058417259289056E-003,2.635430023383744E-003)
 (-1.069090700161351E-002,-6.786495448671053E-003)
 (-1.159197395860438E-002,3.167612692273702E-003)
 (-3.019535790741507E-003,-9.841011416782005E-003)
 (-3.897335577910900E-004,7.143239613274662E-004)
 (-4.479536785772656E-004,7.544694109875116E-004)
 (-6.821708024309786E-004,1.242814990052001E-003)
 (-7.941151665561613E-003,2.212023839273128E-003)
 (-8.936204349660398E-003,-4.775644549238868E-003)
 (-6.134031761429134E-004,9.407034232126773E-004)
 (-7.255031638376301E-003,2.058208308356472E-003)
 (-6.576498859932922E-003,2.059751429282822E-003)
 (-7.053029985040723E-003,-3.690083002273693E-003)
 (-7.240711472510760E-003,-3.842521259884891E-003)
 (-5.807930001787199E-003,-3.309369357181791E-003)
 (-8.556577469501087E-004,-3.229785233626077E-003)
 (-9.065969680676771E-004,-3.226369165640896E-003)
 (-1.771796259990533E-004,6.360474081735367E-004)
 (-9.887411402144405E-004,-3.189285191790908E-003)
 (-3.645558065015985E-003,1.098716156624739E-003)
 (-3.475354710232515E-003,1.108310126704285E-003)
 (-2.804314814902015E-003,6.941575104167099E-004)
 (-2.874272658874404E-003,-1.614515285064521E-003)
 (-2.927399597601787E-003,-1.585553824745913E-003)
 (-5.201301340970695E-004,-2.049051294281936E-003)
 (-5.233114677498449E-004,-2.060291226979709E-003)
 (-2.305928981669067E-003,6.403327217029890E-004)
 (-2.395902270460089E-004,3.862112325019668E-004)
 (-3.363189036200579E-004,-1.185874713943021E-003)
 (-1.284067919972110E-004,2.496304941479084E-004)
 (-1.139368156576152E-004,2.644099895488187E-004)
 (-4.308051075329570E-005,1.171594055652195E-004)
 (-1.206001809898426E-003,3.393406719710910E-004)
 (-2.930384667966127E-004,-9.314486209282400E-004)
 (-1.265834775434939E-003,-6.724335757420386E-004)
 (-2.630859532182239E-006,5.735573492362530E-005)
 (-1.635377621311153E-004,-6.788326489283275E-004)
 (-1.034574084600901E-004,1.606310006316141E-004)
 (-9.674670239096909E-004,-5.490978446274402E-004)
 (-7.596574909882033E-004,2.197191578496883E-004)
 (-7.776288269523864E-004,2.409631688002332E-004)
 (-9.208151063847906E-004,-5.016793820824568E-004)
 (-7.341320102701568E-004,-4.092258744155332E-004)
 (2.380792643122186E-002,-4.230164396663766E-002)
 (-1.371453233922799E-004,-3.539456825623092E-004)
 (3.046462388961270E-002,1.756348131879405E-002)
 (-3.417626965945731E-003,1.997989121752697E-003)
 (-7.391823042510398E-004,-3.759986934616182E-003)
 (-6.555693690193803E-003,1.171069493156394E-002)
 (5.305378056965127E-003,1.680981168355255E-002)
 (6.206109697566579E-003,-1.608844560495156E-003)
 (7.011885463203206E-003,3.931445047621689E-003)
 (7.270765015209334E-003,4.130243794824361E-003)
 (8.862375912581766E-003,4.914482332351530E-003)
 (2.586644676608606E-003,7.799662516113203E-003)
 (-4.324932880893774E-004,1.519038154406059E-003)
 (7.486128804449757E-003,3.962457192582630E-003)
 (1.991773362437583E-003,5.681066003183433E-003)
 (2.495572859823596E-003,6.867946310064680E-003)
 (-7.519404280378105E-004,1.295810114581150E-003)
 (-6.671828706198866E-004,1.373509655226985E-003)
 (-7.217757388433867E-004,1.427184633748325E-003)
 (2.654952819915961E-003,-8.050994202603511E-004)
 (2.815246071704828E-003,-8.660701758493369E-004)
 (4.809116760481211E-003,2.409426056037199E-003)
 (2.302661839114741E-003,-7.118043674698457E-004)
 (1.178053252771687E-003,4.005065970488670E-003)
 (1.238965646000617E-003,3.995476264489363E-003)
 (8.435212546902564E-004,2.765707247180505E-003)
 (-3.887022800930504E-004,7.630665468501907E-004)
 (-3.578733052106991E-004,7.661469365304414E-004)
 (1.491569768909466E-003,-3.647695895492864E-004)
 (1.433640671425977E-003,-4.885851986388136E-004)
 (8.816295050183298E-004,2.761059706319911E-003)
 (2.575549404290365E-003,1.340956520313707E-003)
 (9.679409402649797E-004,-3.455625869832491E-004)
 (1.814527851371051E-003,8.986114573093973E-004)
 (1.872137164007485E-003,9.723054246038197E-004)
 (8.932498957415398E-004,5.071727399592408E-004)
 (1.445261566830646E-004,4.186781782739207E-004)
 (6.690088405540563E-004,-1.788048848001019E-004)
 (-7.967551491041419E-006,7.577620451339564E-005)
 (6.027683119456159E-004,2.919331018240958E-004)
 (5.656212131095853E-004,-1.998154850471044E-004)
 (1.137638328490421E-003,6.259946121364688E-004)
 (-1.208492597838837E-004,2.717863544590123E-004)
 (2.634077525578682E-004,9.235210178495861E-004)
 (3.048172928375021E-004,9.280890059884480E-004)
 (1.519682674648646E-006,-3.088168687047073E-006)
 (-1.845682757220642E-004,2.979490986907072E-004)
 (1.356747457201422E-002,-2.161452639202111E-002)
 (3.613641972461012E-003,-6.098788163341352E-004)
 (6.905576868397326E-002,-4.646023350158281E-002)
 (4.118372122553383E-002,-5.105305464461429E-002)
 (-1.099129887627112E-002,5.492465559119159E-003)
 (3.186745792752689E-003,4.118223564022597E-003)
 (8.995874737415850E-003,1.507387409530733E-003)
 (-8.214773361886448E-003,9.403475139507653E-003)
 (8.934375897029832E-003,-2.792528034654117E-003)
 (-7.730509101442235E-003,-1.063386401460337E-003)
 (-1.417321935554688E-003,1.891087723223531E-003)
 (-4.650563805549746E-004,-7.554125769375297E-004)
 (1.219166496299795E-004,1.019228389078562E-003)
 (-1.996722027824919E-003,-5.482836536544464E-005)
 (-6.270612020110892E-005,-2.656804795324197E-004)
 (-3.799645596101424E-004,-3.970640090755943E-006)
 (-1.708144288013030E-004,-1.278507892312020E-004)
 (-1.526462363633769E-004,1.558882919235882E-004)
 (-1.492758447040153E-004,1.271448052632044E-004)
 (-7.620790456439407E-004,5.622284988480091E-004)
 (4.467297752569746E-004,-9.414128509270801E-004)
 (5.996024052084411E-004,-5.359979539955266E-005)
 (1.139784658803566E-003,-1.374605768200031E-003)
 (1.411262126560185E-004,-1.731495554955116E-004)
 (-5.536427303267335E-004,-2.326289947536422E-004)
 (3.751166826400684E-004,2.205582030538769E-004)
 (-1.371599588757212E-004,-2.601640465871092E-004)
 (9.938205731499565E-005,-6.354857573734817E-006)
 (-5.168264336195446E-005,-6.169102594575018E-004)
 (4.119365238357985E-004,1.832703994342376E-004)
 (2.174413448778499E-006,8.494700213266762E-005)
 (-8.842267713867326E-004,9.499661023666716E-005)
 (-1.197961300800648E-003,5.466711539366477E-004)
 (-1.488580045607681E-003,-2.364726160360045E-004)
 (1.987421266519812E-004,-7.866579680911668E-004)
 (9.260304148532154E-004,-5.818635954609497E-004)
 (-2.703317495379236E-004,-1.201197242889198E-004)
 (-2.512308162115728E-004,1.151282903701518E-003)
 (-1.040149676383334E-004,-5.241538860360583E-004)
 (-2.919585576780715E-004,4.475140708037752E-005)
 (4.755537746292801E-004,-5.940351139227504E-004)
 (5.599667782196228E-004,2.761701171369977E-005)
 (-1.335269957381695E-004,1.344164016990226E-004)
 (-1.902005594672386E-004,-1.633729776795494E-004)
 (2.135675070201670E-004,6.862825612283616E-005)
 (6.517968243271926E-005,1.775217512671623E-004)
 (3.603526785271280E-005,2.303389503038830E-005)
 (-6.957328789664145E-003,-5.995817823688365E-002)
 (-1.514156429367666E-005,1.486634127105750E-003)
 (-7.760291935029859E-002,5.369151942517754E-002)
 (2.785196700946438E-002,1.504204870881009E-003)
 (2.500484723842642E-002,1.128924665077467E-002)
 (-3.596283864266346E-003,-4.712204700335664E-003)
 (-9.976600343030103E-003,-1.084589613856271E-003)
 (-5.486524935086430E-003,-1.525549168660468E-004)
 (-2.178101655253921E-003,4.304524754957207E-003)
 (-6.795943726189489E-003,-1.116043639380460E-003)
 (3.783104019445789E-003,-1.778137284967781E-003)
 (-6.688247125246302E-004,-6.976412922384684E-004)
 (-4.418612864065060E-004,-2.467724795932491E-005)
 (-1.255669519979760E-003,-4.152766443692377E-004)
 (-4.875223357348993E-004,-3.740443109168389E-004)
 (3.745766904074824E-004,7.772719531159290E-005)
 (1.044943929524764E-004,2.117590126186718E-004)
 (6.783813322225221E-007,2.956903861906217E-004)
 (9.693390937124432E-006,3.114741468818996E-004)
 (-6.702258103698411E-004,5.066235122233175E-004)
 (1.859800649495406E-004,5.089996375512199E-004)
 (2.013987491966933E-004,1.940272232358532E-004)
 (7.704567681773572E-004,5.935485823017160E-005)
 (-5.872906981278807E-004,-2.512085817170615E-004)
 (3.770224980779033E-004,-5.865195110453543E-005)
 (-2.259693490431900E-004,7.132665614425059E-005)
 (1.528685936333816E-004,1.427414525350106E-004)
 (-1.079282337663186E-004,-3.233344683446119E-004)
 (-3.521949318350628E-004,9.884187144881813E-004)
 (5.929144184029236E-004,-1.012296025988523E-003)
 (9.853826046237675E-005,8.578448174879539E-005)
 (-2.388465770748177E-004,-2.758930323693233E-004)
 (-1.185010637648974E-003,1.252759497770504E-003)
 (-1.348352776968518E-003,-2.127947052539817E-004)
 (-1.796110601992977E-003,6.677681071026785E-004)
 (-9.996289270839745E-004,7.008839437817390E-004)
 (1.237502409371489E-004,-5.787649741201508E-005)
 (2.248485286792244E-004,-1.302209504833798E-003)
 (2.084602602706363E-004,-2.235257952018781E-005)
 (-7.862599167104698E-005,-1.066432408508540E-004)
 (3.295961877822751E-004,2.245762300195209E-005)
 (3.700116730679622E-004,1.244325320647507E-004)
 (3.546331635642788E-005,3.499916900182822E-004)
 (-5.692740239104063E-005,-1.323475429352561E-004)
 (-1.786782063754056E-004,1.475158996575693E-005)
 (-9.432417504213092E-005,-8.428257755353300E-005)
 (-4.044646424042265E-005,-1.150990940168328E-004)
 AAAAAA
 (2.041984002112400E-002,1.718774837433427E-002)
 (-9.526383041289815E-003,1.122460837704728E-002)
 (2.423020094942195E-003,2.822987969942066E-002)
 (-6.246799352279653E-004,-1.741391827001819E-002)
 (-8.312416341151263E-003,8.148258149075194E-004)
 (-1.546111350442310E-002,1.608535524475689E-003)
 (-9.906789178720231E-003,-7.855341384624674E-003)
 (-1.491679784289493E-003,2.085437913652683E-003)
 (-1.862416034514305E-003,2.221296592610127E-003)
 (-6.703533785089483E-004,-8.119514052595873E-003)
 (-1.901099197720200E-003,2.522808955343359E-003)
 (-8.225141283045715E-003,8.639222609473272E-004)
 (-8.620722862824715E-003,8.013202704250984E-004)
 (-6.923890738875428E-003,-5.637622952508107E-003)
 (-6.393989264529125E-003,-5.708345175120502E-003)
 (-1.484642375652656E-003,1.591497890003943E-003)
 (-6.252370961119596E-003,-4.998333155213504E-003)
 (-6.838618585355347E-003,6.796708189119418E-004)
 (-5.735223381870863E-003,-4.520903039415890E-003)
 (-4.179360468068578E-004,-3.271367003094878E-003)
 (-5.190215364812607E-003,7.315508975452704E-004)
 (-1.154803437229719E-003,1.443202614210607E-003)
 (-2.832670915080393E-004,-2.644476859472018E-003)
 (-4.966682250121876E-003,3.529609286798093E-004)
 (-1.879854629071428E-004,-2.104583205009665E-003)
 (-2.807928930529864E-003,-2.116184884099334E-003)
 (-3.188011541957604E-003,3.771793570220994E-004)
 (-6.650140741803360E-004,7.973352913046796E-004)
 (-2.540944054372898E-003,-2.050324766718335E-003)
 (-2.918087797316452E-003,2.496269070173464E-004)
 (-2.025190482835781E-004,-1.671765785803757E-003)
 (-1.176449646335896E-004,-1.667080980215047E-003)
 (-5.181493934207111E-004,5.544820803690820E-004)
 (-1.436624211104975E-004,-1.149236578321635E-003)
 (-4.782553841386109E-004,5.709984860680956E-004)
 (-3.674604245100127E-005,-8.848946467078630E-004)
 (-1.254747626192559E-003,1.014368386023669E-004)
 (-1.193605551005985E-003,1.072012547500639E-004)
 (-1.886963532644924E-004,2.205005282985911E-004)
 (-9.979443544560502E-004,-8.148057011829005E-004)
 (-1.191877188949918E-004,1.269089384982193E-004)
 (-2.366920525344436E-004,3.168813800156285E-004)
 (-4.039988798452810E-005,-4.808415763273720E-004)
 (-7.945035385288905E-004,-6.157595724587662E-004)
 (-7.764816369165034E-004,-6.276262522879672E-004)
 (-8.046020879778012E-004,-6.873136712277248E-004)
 (-9.109427035450001E-004,8.338639507269300E-005)
 (-2.408378054378747E-002,4.724800354642524E-002)
 (-1.552190566261792E-002,-7.571891399278951E-003)
 (1.600241423267933E-002,-3.583134690265981E-003)
 (3.369744164370773E-003,-2.640497962883969E-004)
 (2.111589826264832E-003,4.035940064500936E-003)
 (-3.411563017016493E-003,-1.273033265144251E-002)
 (3.437849424116110E-003,-5.475361458489234E-003)
 (-7.243448823330591E-003,-3.832017693511219E-003)
 (-8.658204043942115E-003,-5.357442512205169E-003)
 (-1.023445274005360E-002,2.914786742822363E-003)
 (-8.502014509957622E-003,-5.033968949213385E-003)
 (-1.323880709775101E-003,-4.873378868474979E-003)
 (-1.123589243798888E-003,-3.736743238039747E-003)
 (-8.235284649129496E-004,1.177999992456334E-003)
 (-4.550702841072019E-004,8.238108154074611E-004)
 (-5.920274029026384E-003,-3.305499411417109E-003)
 (-6.067370554892290E-004,7.384678627487564E-004)
 (-1.038605516769935E-003,-3.745353367407896E-003)
 (-6.132107957095317E-004,7.822116719662267E-004)
 (-4.443584853080650E-003,1.216210515138099E-003)
 (-8.712731130015874E-004,-3.426888573166203E-003)
 (-4.564011479892119E-003,-2.572056754214364E-003)
 (-3.573227301664631E-003,9.760783276297755E-004)
 (-8.926573800117292E-004,-3.244707697074858E-003)
 (-2.568245389170025E-003,7.516870281740170E-004)
 (-9.546763005409956E-005,1.684108086407492E-004)
 (-5.205216215484346E-004,-2.119848288224261E-003)
 (-2.658807955657643E-003,-1.443783817350530E-003)
 (-6.004662707798498E-005,7.006687965850893E-006)
 (-4.394562123570838E-004,-1.669162291500405E-003)
 (-1.938924753093901E-003,4.847236690072379E-004)
 (-1.924186226718042E-003,5.404368794291832E-004)
 (-2.092743281954040E-003,-1.201608307854376E-003)
 (-1.715065958842105E-003,4.532844200922539E-004)
 (-1.771828857484604E-003,-1.007990123930847E-003)
 (-1.180853640729324E-003,3.271001572820660E-004)
 (-8.058164461388954E-005,-1.643791131035365E-004)
 (-2.752955047097650E-004,-1.019152981378504E-003)
 (-7.662355978662933E-004,-4.465410538468787E-004)
 (-3.929237610862598E-005,6.170815188902810E-005)
 (-6.482026592339805E-004,-3.845111345946179E-004)
 (-9.570330282762257E-004,-5.361816727353859E-004)
 (-6.271449614281139E-004,1.812982566535530E-004)
 (6.653944145708297E-005,-9.666693328756528E-005)
 (-1.594407700715548E-004,2.775657636664856E-004)
 (-9.772147281706349E-005,1.677841032377572E-004)
 (-1.772150004944577E-004,-5.954432885572675E-004)
 (2.475108378814833E-002,5.053793016565437E-002)
 (-4.635391915997153E-002,2.490797341079104E-002)
 (6.719086075160219E-003,-1.884741308797797E-002)
 (-2.700269549639981E-002,8.053991570566030E-002)
 (9.420958631445105E-003,3.006883670687821E-003)
 (-5.992744306865168E-003,-2.051084279394309E-003)
 (-5.289475748751038E-003,-9.468210724018565E-003)
 (-1.692553245089642E-003,3.642264979917022E-004)
 (1.529728601083480E-002,-7.720015297574118E-003)
 (4.866292561890521E-003,-1.572178405010912E-002)
 (7.565961861967472E-003,-3.975495419407817E-003)
 (3.073696877008541E-003,9.042434073865345E-004)
 (2.899032084807382E-003,7.184988938071168E-004)
 (-1.146889845810270E-003,-2.524213445922833E-003)
 (-9.552339918755205E-004,-2.126027079999536E-003)
 (5.113365123310972E-003,-2.800644319749388E-003)
 (-7.860111112822470E-004,-1.876004917643830E-003)
 (1.869742844602889E-003,4.901354535708770E-004)
 (-8.288053397871912E-004,-1.895896188582872E-003)
 (1.475423588346377E-003,-4.696517917732179E-003)
 (1.842679190499947E-003,6.101991960932358E-004)
 (2.561961586999113E-003,-1.411159735453121E-003)
 (9.469878543825522E-004,-2.957041431799433E-003)
 (1.294380260361517E-003,3.482481264430378E-004)
 (4.534099572782566E-004,-1.572828060647252E-003)
 (-5.260259929136377E-004,-1.012473348297671E-003)
 (5.658841052520690E-004,1.923352582799580E-004)
 (2.265147019141695E-003,-1.282282787398833E-003)
 (-3.339079567737538E-004,-8.108682513207112E-004)
 (2.916423082941783E-004,4.886519590927363E-005)
 (5.388616513056315E-004,-1.569439970637333E-003)
 (4.830014907294892E-004,-1.612158656119881E-003)
 (2.526007782957195E-003,-1.315593829927115E-003)
 (8.011679058110804E-004,-2.468818518628217E-003)
 (1.133175468038350E-003,-5.577634507630850E-004)
 (5.529422671375513E-004,-1.782901211792269E-003)
 (8.901522300537206E-004,2.511181309811336E-004)
 (8.490951649954794E-004,2.816710176970375E-004)
 (3.536135651229280E-004,-1.913476455040023E-004)
 (-2.226035101533771E-004,-4.727541122054249E-004)
 (8.551619280187177E-004,-4.540116607174100E-004)
 (1.198427982703717E-004,-8.660478530185609E-005)
 (8.203940566979767E-005,-2.391114222330786E-004)
 (-2.237118637563390E-004,-4.014468380982520E-004)
 (-9.170455829067372E-005,-1.848371378745063E-004)
 (-3.622256673597307E-005,-9.669431629932962E-005)
 (-5.296537585102395E-005,-3.932948833517613E-005)
 (0.102202193212109,3.743272854671686E-002)
 (3.159451842189846E-002,-7.840839220278971E-002)
 (-8.373518094253297E-005,3.401132970415631E-004)
 (-1.933699147003336E-003,-6.665489967563717E-004)
 (-1.389520980540280E-002,4.070524116502672E-003)
 (4.725028289825258E-003,-2.283377407378055E-003)
 (6.824188879280581E-003,3.183359045734417E-003)
 (2.988163515889631E-003,-6.998244582544630E-003)
 (1.732317265807856E-003,-3.608146375075705E-003)
 (-1.386409908523208E-004,-1.740306335288023E-004)
 (-1.136332169414328E-003,3.570592896225860E-003)
 (2.929278587256915E-004,1.283270020453214E-004)
 (2.876013728179038E-004,1.152973151266381E-004)
 (2.536327773305987E-004,2.504272376115022E-004)
 (-8.268941716699870E-004,-1.884884533454784E-004)
 (2.439747227592718E-004,-1.279250828649277E-004)
 (4.415363990109757E-005,1.351911179648112E-004)
 (-1.040998293542759E-005,2.029099922026439E-004)
 (1.423404837620426E-004,1.484162540819802E-004)
 (-1.019456843599548E-004,-3.427867038405567E-004)
 (-1.837865617015501E-004,2.262225966396628E-004)
 (8.512369335169426E-005,6.243118599953987E-005)
 (-2.702058067392486E-004,-6.101697795724189E-004)
 (3.264535453227725E-004,4.828301953518444E-005)
 (9.305082397134844E-006,-3.275226837036569E-005)
 (4.219921182395421E-004,2.258166514801647E-004)
 (-3.660690586389847E-005,1.269863901483195E-004)
 (5.971294986492427E-005,4.860480528317242E-005)
 (-3.817575428135773E-004,-8.158520289889644E-005)
 (9.426576840223955E-005,4.554361824420783E-005)
 (-5.088978432481408E-004,-1.232629985970493E-003)
 (5.239327681160782E-004,1.197547595638592E-003)
 (3.325678280969121E-004,-6.348540986817029E-004)
 (-5.232304387657341E-004,-1.256643598724182E-003)
 (6.769319402974076E-004,-1.604303295574398E-003)
 (7.522171389317152E-004,1.734976778084396E-003)
 (-7.517762382464555E-005,7.292965104698529E-005)
 (7.047477192243207E-005,2.205272818817366E-005)
 (3.504146375096680E-004,-8.090196077071402E-004)
 (-6.742158384915860E-004,-2.427323396852385E-004)
 (3.054269138649982E-005,7.130998797023527E-006)
 (-6.782932513643900E-005,1.851108211275163E-004)
 (3.944384767174432E-006,-1.190273344328308E-005)
 (1.992962509263098E-004,1.112929592670804E-004)
 (1.730846550408554E-004,7.513087821376672E-005)
 (-1.065112613785345E-004,-3.341942886904051E-005)
 (8.248173680663515E-005,-2.992886693697916E-005)
