 AAAAAA           2
 (0.667574600516006,-0.675172967857576)
 (0.106489381067178,-6.026037998345599E-004)
 (-5.182703657631259E-004,-9.158644151504661E-002)
 (-1.808742915202547E-002,1.023544384549935E-004)
 (-4.216653241704619E-003,-4.169198871345736E-003)
 (2.811312312728229E-003,2.779671987840573E-003)
 (-1.393223830880009E-002,7.883963049760663E-005)
 (-1.731700093030340E-003,-1.712211374465964E-003)
 (-1.731701462055762E-003,-1.712210730425943E-003)
 (-1.411223115715906E-002,1.427285623499003E-002)
 (-1.177066969664847E-002,1.190464551123931E-002)
 (6.006897100449028E-005,1.061549414229162E-002)
 (-1.080929584989752E-002,6.116846193650717E-005)
 (-1.741742331966357E-004,-1.722117865066240E-004)
 (5.602665191447882E-005,9.900798427598509E-003)
 (-7.706145218548011E-003,7.793854754625186E-003)
 (3.576492127096943E-005,6.320348536333292E-003)
 (3.496442927748700E-005,6.178730706538045E-003)
 (3.681423440275397E-005,6.505722149856271E-003)
 (-5.682798351906273E-003,3.215669942165707E-005)
 (2.971995538220726E-005,5.252381058109456E-003)
 (-4.187664098664372E-003,4.235328547316196E-003)
 (-3.755936220327433E-003,3.798686243181183E-003)
 (-3.755936554949852E-003,3.798685965925838E-003)
 (-3.272117802975564E-003,3.309361334591956E-003)
 (1.830640398965363E-005,3.234992989958226E-003)
 (-2.997407465843093E-003,1.696247859636223E-005)
 (1.721458739358135E-005,3.042061687707682E-003)
 (-2.720666851842383E-003,1.539616431615572E-005)
 (1.414810739024650E-005,2.500265373552805E-003)
 (-2.081163813481246E-003,2.104851821111596E-003)
 (-1.324039370382975E-003,7.493410757942434E-006)
 (8.159299368901095E-005,8.067426413988014E-005)
 (-1.913043837781339E-005,-1.891588549409208E-005)
 (-1.913085268201322E-005,-1.891576254876001E-005)
 (6.517715010238238E-006,1.151700176500694E-003)
 (9.461409782448115E-005,9.354971556663906E-005)
 (-5.383776708756383E-005,-5.323155201702818E-005)
 (-5.383756578135053E-005,-5.323228795470245E-005)
 (-5.383744678854717E-005,-5.323211435638036E-005)
 (3.352532603045435E-007,3.316187076630834E-007)
 (-8.642756955901297E-004,8.741121434616608E-004)
 (-8.642757773453212E-004,8.741125352282067E-004)
 (0.000000000000000E+000,0.000000000000000E+000)
 (0.000000000000000E+000,0.000000000000000E+000)
 (0.000000000000000E+000,0.000000000000000E+000)
 (0.000000000000000E+000,0.000000000000000E+000)
 (0.000000000000000E+000,0.000000000000000E+000)
 (-1.138319905211704E-002,4.588531489820075E-002)
 (-0.112417080074384,6.772723041392829E-002)
 (5.387095908157943E-002,8.941795535796931E-002)
 (1.482283632142988E-003,-8.930407490310513E-004)
 (-4.719886366433235E-002,-1.170905309530988E-002)
 (5.488281834363422E-003,1.361524336345705E-003)
 (1.268230240501243E-002,-7.640629066409109E-003)
 (2.319329759142736E-002,5.753775293426189E-003)
 (2.319330454570806E-002,5.753778088819268E-003)
 (-4.514993074009393E-005,1.819549551280274E-004)
 (-6.333019553810505E-004,2.552802309133631E-003)
 (-5.772008013793482E-003,-9.580665706094650E-003)
 (4.785847533909574E-003,-2.883300496216765E-003)
 (3.687939573933275E-003,9.149017319403869E-004)
 (6.484502096455982E-003,1.076329980930058E-002)
 (-7.336563169413842E-004,2.957268514534602E-003)
 (1.194248486006272E-003,1.982276624078599E-003)
 (3.142508767606920E-003,5.216081811292961E-003)
 (3.517829294291649E-003,5.839065040921364E-003)
 (1.181148649626009E-003,-7.116059831093646E-004)
 (1.260971539591614E-003,2.093035977696228E-003)
 (3.612527553495139E-004,-1.456229742148037E-003)
 (-6.778962128681679E-004,2.732534433991110E-003)
 (-6.778953420034247E-004,2.732538548745714E-003)
 (5.892662929336784E-004,-2.375344079162554E-003)
 (1.917858594892311E-003,3.183341367830866E-003)
 (6.321283620766358E-005,-3.807858102059987E-005)
 (1.636709517022768E-003,2.716674901351688E-003)
 (9.846390648022673E-004,-5.932183627981248E-004)
 (-1.056070263335899E-003,-1.752933251582797E-003)
 (-1.158791102349396E-005,4.669438397058904E-005)
 (4.817093817157578E-004,-2.902047516062149E-004)
 (1.624588443559672E-003,4.030252920825818E-004)
 (1.061086570969833E-003,2.632313463096978E-004)
 (1.061081094606280E-003,2.632347767601225E-004)
 (1.678757693450808E-004,2.786355883867593E-004)
 (8.520502574553152E-004,2.113817694969269E-004)
 (1.312693608214652E-004,3.256723187572771E-005)
 (1.312687931544487E-004,3.256072491979531E-005)
 (1.312704532688573E-004,3.256607155577094E-005)
 (-6.613511271539681E-004,-1.640654468039379E-004)
 (-2.108268421906657E-004,8.498037158869879E-004)
 (-2.108255732010140E-004,8.498020584006415E-004)
 (0.000000000000000E+000,0.000000000000000E+000)
 (0.000000000000000E+000,0.000000000000000E+000)
 (0.000000000000000E+000,0.000000000000000E+000)
 (0.000000000000000E+000,0.000000000000000E+000)
 (0.000000000000000E+000,0.000000000000000E+000)
 (-2.674386825858542E-008,6.814799059381632E-008)
 (0.487337648973354,-0.141952939959233)
 (-6.417547036128229E-002,-0.220319601411231)
 (-3.625060903878881E-002,1.055913418571175E-002)
 (-5.070628169237579E-008,-1.842551014598192E-008)
 (3.764788794024927E-002,2.066294775020520E-002)
 (-1.968126434365266E-002,-2.444666927755114E-003)
 (8.799016816241019E-003,-7.284242683546086E-003)
 (-1.845109832171101E-002,-1.012681617145326E-002)
 (-4.227219997904233E-004,7.701937014881869E-004)
 (-1.324311483250317E-003,7.341499250710944E-004)
 (-7.513076109881516E-004,-2.579312637588651E-003)
 (-1.473350705446864E-002,-4.224092709747021E-003)
 (7.809671687299094E-004,-3.659580519177557E-003)
 (3.789758836985868E-003,-2.807345370645933E-003)
 (-6.156401634848839E-003,1.687161066989096E-003)
 (2.056609621271641E-004,1.937000107681875E-005)
 (-5.654144945855000E-004,-1.941138003346483E-003)
 (-1.236071909612597E-003,-4.243523268384312E-003)
 (5.898173605915601E-003,-1.718031266523233E-003)
 (-6.905621121915148E-004,-2.512051421440434E-004)
 (1.670865625622983E-003,-3.044310505467009E-003)
 (-1.359102114177263E-003,3.037403217316065E-003)
 (2.840301882796052E-003,-1.248196312551773E-003)
 (1.071963704879720E-003,1.294891855268875E-003)
 (-1.025674210092071E-003,1.291595554015913E-003)
 (-8.813336634554880E-004,1.688164842627274E-003)
 (-2.903606404279737E-004,2.315896662643264E-003)
 (-3.098045167174831E-004,1.773048528718132E-003)
 (2.298381713397733E-004,3.857514141749960E-005)
 (7.396678380823377E-004,-8.177931026342790E-004)
 (-6.505188846231134E-004,3.176304993309497E-004)
 (4.542362241599951E-005,-5.338580408134600E-004)
 (-5.403884670307257E-004,4.473574207996533E-004)
 (1.133165527847911E-003,6.219353563979034E-004)
 (1.776624588976260E-004,4.265749023423938E-004)
 (5.315778241515542E-004,9.589005888687245E-004)
 (-1.675115488655807E-004,7.533524991295165E-004)
 (1.074595360754050E-003,8.829251483495286E-004)
 (-8.475648112721881E-004,8.697142101361570E-005)
 (2.845980691499222E-004,5.133967220886607E-004)
 (6.216313013369739E-004,-1.132620483628526E-003)
 (4.471390607003364E-004,5.401259735988842E-004)
 (0.000000000000000E+000,0.000000000000000E+000)
 (0.000000000000000E+000,0.000000000000000E+000)
 (0.000000000000000E+000,0.000000000000000E+000)
 (0.000000000000000E+000,0.000000000000000E+000)
 (0.000000000000000E+000,0.000000000000000E+000)
 (-7.625174357129836E-008,9.611892728280783E-008)
 (-0.128180122731850,-0.319279251785622)
 (-0.144349992416310,5.795327627922352E-002)
 (9.535314358879596E-003,2.375065390655230E-002)
 (-7.380383089068374E-008,-6.425281399964867E-008)
 (1.143284103643528E-002,-2.676998845221542E-002)
 (1.160210692205607E-002,-2.187995227895409E-003)
 (2.086963118862356E-002,-8.975093989072236E-003)
 (-5.603371867847108E-003,1.312070311599188E-002)
 (5.475662316850937E-004,2.338833690966211E-004)
 (3.152648563820665E-004,-1.161050011175383E-003)
 (-1.689743059207822E-003,6.784472844115730E-004)
 (1.056736558149620E-002,-6.053860906686181E-003)
 (6.378865995348937E-003,-1.472851718515216E-003)
 (6.659174374015378E-003,4.359597014171678E-003)
 (2.606671036855625E-005,-7.344487298249879E-003)
 (3.819632092836017E-004,1.523487218249707E-004)
 (-1.271897954567868E-003,5.106328669922646E-004)
 (-2.779943725365134E-003,1.116151188156987E-003)
 (-1.551352440059126E-003,-3.864113642738570E-003)
 (-1.303470829353202E-003,-4.193955463569924E-004)
 (-2.164644639503307E-003,-9.244825245638952E-004)
 (2.228846926716756E-003,1.384963465048396E-003)
 (-4.039338094471673E-004,2.858392218722449E-003)
 (1.320686868571303E-003,3.070929626055346E-003)
 (-1.739593104940556E-003,-1.441466289960666E-003)
 (-8.931073606633819E-004,3.217525513638016E-003)
 (-2.626576987056351E-004,-1.367658066089610E-003)
 (-1.240945712407290E-003,3.307044558295954E-003)
 (4.283072994935565E-004,1.614816614916872E-004)
 (-5.162447423713485E-004,1.884551601157653E-004)
 (7.042560599931048E-005,6.623073740578669E-004)
 (8.530916632985924E-004,-1.577096947048647E-004)
 (-1.281583513508579E-003,5.511689769359036E-004)
 (3.441303052901379E-004,-8.057128201831275E-004)
 (3.779840637991249E-004,-7.028387870477138E-005)
 (-8.407675077429164E-004,-2.283511784478398E-004)
 (-1.320650612793376E-003,3.086734818060343E-004)
 (-1.141408533363268E-004,-6.983390078113572E-004)
 (-1.086765344126783E-003,7.265893595087835E-004)
 (-4.501660514932989E-004,-1.222664469831855E-004)
 (-8.054972645132924E-004,-3.440614874950154E-004)
 (5.510036247528062E-004,1.281298634218492E-003)
 (0.000000000000000E+000,0.000000000000000E+000)
 (0.000000000000000E+000,0.000000000000000E+000)
 (0.000000000000000E+000,0.000000000000000E+000)
 (0.000000000000000E+000,0.000000000000000E+000)
 (0.000000000000000E+000,0.000000000000000E+000)
 AAAAAA           3
 (0.857174147933354,0.392699834909807)
 (4.384526562485973E-002,0.117985126895664)
 (7.463886558675301E-002,-2.773706215212613E-002)
 (-6.839372354642388E-003,-1.840435709444286E-002)
 (3.667048257760607E-003,-8.004327362564116E-003)
 (-2.513990757532753E-003,5.487477602342718E-003)
 (-5.241958660704885E-003,-1.410581312689461E-002)
 (1.534895632016310E-003,-3.350319784827715E-003)
 (5.025353106737284E-004,-1.096917664753155E-003)
 (-1.828367917706485E-002,-8.376359073476645E-003)
 (-1.081509888239253E-002,4.019077102711561E-003)
 (-4.097155488221219E-003,-1.102520860793422E-002)
 (8.425791623129446E-005,-1.839160572314453E-004)
 (-1.521415512138264E-002,-6.970111210800907E-003)
 (-1.039188773988766E-002,3.861801701623040E-003)
 (-1.065438626100254E-002,-4.881124581969885E-003)
 (-7.045143522939656E-003,2.618098492655889E-003)
 (-6.971415658460232E-003,2.590698766864038E-003)
 (-5.807452558540042E-003,2.158147743700702E-003)
 (-6.076812509303435E-003,-2.783989824389716E-003)
 (-4.845156939282241E-003,1.800545116057281E-003)
 (-1.737734813667664E-003,-4.676156016272096E-003)
 (-5.549400053204580E-003,-2.542365702024772E-003)
 (-5.549399205997568E-003,-2.542368429893822E-003)
 (-1.249532327356804E-003,-3.362426038256226E-003)
 (-3.176085187771632E-003,1.180287908016179E-003)
 (-3.294215069407016E-003,1.224183703309688E-003)
 (-4.232065616355772E-003,-1.938849529518346E-003)
 (-3.219425236911802E-003,-1.474926351982225E-003)
 (-1.033379900846850E-003,-2.780767256170797E-003)
 (-2.144045639705695E-003,7.967647422113971E-004)
 (3.205525737219215E-005,-6.996568839720306E-005)
 (-1.145149724704348E-003,4.255583333540561E-004)
 (-4.395567647861697E-004,-1.182825615648305E-003)
 (-8.445770976388381E-005,1.843545496241645E-004)
 (-3.259241737415207E-005,7.114260287682797E-005)
 (6.873771339170762E-005,-1.500381412761155E-004)
 (6.873886174724818E-005,-1.500380169407393E-004)
 (-2.265753634441044E-005,4.945800157783694E-005)
 (-1.251389714404145E-003,-5.733029230971154E-004)
 (-2.392703426646970E-004,-6.438629680200907E-004)
 (-2.392704576553829E-004,-6.438633504763910E-004)
 (8.216962803521987E-006,-1.793478104989495E-005)
 (2.003884331941764E-006,-4.373109556023867E-006)
 (-1.142870036936281E-003,-5.235875722194258E-004)
 (0.000000000000000E+000,0.000000000000000E+000)
 (0.000000000000000E+000,0.000000000000000E+000)
 (0.000000000000000E+000,0.000000000000000E+000)
 (6.363392975103133E-002,-2.790179472456780E-002)
 (0.191162624559125,7.462241104122153E-002)
 (2.894505240722865E-002,-7.414949730051287E-002)
 (-1.281533065501140E-002,-5.002651926927968E-003)
 (1.615107362525605E-002,3.683480589368089E-002)
 (-2.232830528321050E-003,-5.092354711433593E-003)
 (-1.403663818524201E-002,-5.479394969009385E-003)
 (-8.575499274204144E-003,-1.955749962246026E-002)
 (-9.602284263449371E-003,-2.189915705308599E-002)
 (6.386263014418367E-005,-2.800667004397648E-005)
 (-2.301387723832209E-003,5.895590332380571E-003)
 (-6.017636690895686E-003,-2.349082975246678E-003)
 (-2.275094984844734E-003,-5.188633198356642E-003)
 (2.274886129968040E-003,-9.975077710949491E-004)
 (4.449750411008616E-003,-1.139916673050004E-002)
 (4.025995373746497E-003,-1.765301330768500E-003)
 (1.670690660848709E-003,-4.279809048031867E-003)
 (3.200058344656802E-003,-8.197783904886218E-003)
 (2.441548836368523E-003,-6.254650407662081E-003)
 (-4.120312333413286E-004,1.806672987920565E-004)
 (1.255410507376058E-003,-3.215967291158127E-003)
 (-1.371948487348962E-003,-5.355415287456692E-004)
 (1.781702441842369E-003,-7.812291619139343E-004)
 (1.781689632408610E-003,-7.812483902180582E-004)
 (-1.484593313565546E-003,-5.795334418889221E-004)
 (1.326412200379940E-003,-3.397897022206604E-003)
 (1.671506456853378E-003,-4.281985236967950E-003)
 (-2.671974978184302E-003,1.171574550102484E-003)
 (4.304250162747072E-004,-1.887154852204392E-004)
 (-2.396892228165820E-003,-9.356490571342216E-004)
 (-4.278480370187371E-004,1.096027035291693E-003)
 (-7.329133530502823E-004,-1.671507222690415E-003)
 (1.172347902247799E-004,-3.003213258307928E-004)
 (-5.885807607271099E-004,-2.297774918907910E-004)
 (-5.422895213695394E-004,-1.236802366661246E-003)
 (-5.795790616982447E-004,-1.321795996799442E-003)
 (-3.079516530813367E-004,-7.023204993650986E-004)
 (-3.079442237017012E-004,-7.023351938241671E-004)
 (-4.282185357338164E-004,-9.765995055540521E-004)
 (8.879267540747468E-004,-3.893088891623196E-004)
 (-9.489860523047765E-004,-3.704404130925342E-004)
 (-9.489762242347081E-004,-3.704333743283323E-004)
 (-1.587526994114122E-004,-3.620391300255591E-004)
 (-6.688394792328315E-004,-1.525406194227111E-003)
 (-2.701466628374058E-004,1.184594675096050E-004)
 (0.000000000000000E+000,0.000000000000000E+000)
 (0.000000000000000E+000,0.000000000000000E+000)
 (0.000000000000000E+000,0.000000000000000E+000)
 (3.255375472135338E-007,-7.178819064860536E-007)
 (0.574056175552292,0.245410276273972)
 (3.591797199322105E-002,-8.402146707885455E-002)
 (-3.291535813812906E-002,-1.407127321339868E-002)
 (1.308240534193055E-007,1.452092903372388E-007)
 (1.899955913039826E-002,4.737478124186121E-002)
 (-2.173108821153855E-002,-9.290071871774646E-003)
 (3.381435496629419E-007,1.064164239653622E-007)
 (-3.913309198242856E-003,-9.757321611208380E-003)
 (-1.455812055510376E-003,5.838551588285915E-004)
 (1.220496981189313E-003,-2.854793255428806E-003)
 (-1.671007873297506E-002,-7.143522432236782E-003)
 (-1.237440678626687E-003,-3.085658089541033E-003)
 (-2.608498662456528E-003,1.046130966031274E-003)
 (1.212381875591733E-003,-2.835867494279517E-003)
 (-4.864764854432448E-003,1.951021427810532E-003)
 (-1.861898261890934E-008,4.654286195429848E-008)
 (1.216908849844951E-003,-2.846745166993399E-003)
 (6.610310769254093E-004,-1.546358244237443E-003)
 (2.531812370700550E-003,-1.015435785025468E-003)
 (1.860467639620425E-004,-4.352367116388342E-004)
 (4.917991571007355E-003,2.102439793783232E-003)
 (-2.508006523894870E-003,1.005839235843325E-003)
 (2.508009300969835E-003,-1.005854350898896E-003)
 (-6.416627116823467E-004,-2.743363592114783E-004)
 (-6.659081611005922E-004,1.557643923189398E-003)
 (-2.944059787920331E-004,6.886161427018166E-004)
 (-3.846979264528801E-009,-3.488456555562330E-009)
 (8.759845840105392E-004,-3.513446647261687E-004)
 (-1.917764647957014E-004,-8.200415717359113E-005)
 (4.628172185810260E-005,-1.081989329334903E-004)
 (2.739447245481765E-008,8.451391128195212E-009)
 (-1.170371477365943E-004,2.737928931078724E-004)
 (-6.426205371547273E-004,-2.747294779183419E-004)
 (3.408524724459201E-004,8.499323420418252E-004)
 (-1.977967487014486E-004,-4.932296311665258E-004)
 (1.491053655622411E-004,3.717668940859388E-004)
 (-1.490850263107039E-004,-3.717568709191613E-004)
 (4.731364935341950E-004,1.179743481335174E-003)
 (6.715015278624607E-004,-2.693021868668858E-004)
 (-5.950216617325323E-006,-2.554646207361006E-006)
 (5.967016331496264E-006,2.545717011586563E-006)
 (4.432297974748132E-004,1.105190793936333E-003)
 (1.661432172390845E-004,4.142122019316793E-004)
 (1.248799478767314E-008,-2.599137255004992E-008)
 (0.000000000000000E+000,0.000000000000000E+000)
 (0.000000000000000E+000,0.000000000000000E+000)
 (0.000000000000000E+000,0.000000000000000E+000)
 (6.811095273554357E-002,-4.481434518655362E-002)
 (-0.332168416823050,-6.852682643843429E-002)
 (-7.519550061268045E-003,3.644936311211164E-002)
 (2.584719670377559E-002,5.332302663287846E-003)
 (2.303940766580777E-002,3.501647570962978E-002)
 (-9.943767762478472E-003,-1.511297383652320E-002)
 (7.608788921139850E-003,1.569701046583112E-003)
 (-1.508109273725721E-002,-2.292109059257105E-002)
 (7.254286060253525E-003,1.102546299598184E-002)
 (7.225399956181986E-004,-4.753816244611429E-004)
 (-2.721352843547027E-003,1.319115613826749E-002)
 (-3.230069740989438E-003,-6.663570051056849E-004)
 (-4.216605306827903E-004,-6.408410247447580E-004)
 (2.464605866894738E-003,-1.621586606563171E-003)
 (2.072565408540642E-003,-1.004615672834153E-002)
 (-3.526783460491816E-003,2.320501060868183E-003)
 (-8.050109790463337E-005,3.902045928549347E-004)
 (-6.374229721302489E-004,3.089705835616789E-003)
 (-2.198391137927829E-004,1.065564928317253E-003)
 (-6.049434961943531E-004,3.980134039525891E-004)
 (-6.631632476010094E-004,3.214471382315673E-003)
 (-2.017325421925693E-004,-4.163614564827489E-005)
 (2.592386401272182E-003,-1.705684833857726E-003)
 (2.592363875857306E-003,-1.705686227239617E-003)
 (4.304211599175690E-003,8.879491876991762E-004)
 (-2.670195786670637E-004,1.294274209183961E-003)
 (-4.278914181966238E-004,2.074018230799810E-003)
 (1.857895838429962E-003,-1.222420784044170E-003)
 (7.409253019572875E-004,-4.874994104898480E-004)
 (3.981993344388198E-003,8.214841718480378E-004)
 (-3.270281882709788E-004,1.585167315395097E-003)
 (8.723852538713935E-004,1.325887990121522E-003)
 (-6.802769307132393E-005,3.297566435284942E-004)
 (7.515929201121009E-004,1.550436329845045E-004)
 (6.444614631947676E-004,9.794864643774505E-004)
 (-3.216743670354401E-004,-4.888926050284910E-004)
 (1.065224645740374E-003,1.618979851658574E-003)
 (1.065221858079025E-003,1.618975275010377E-003)
 (-1.750895512872420E-004,-2.661094243399118E-004)
 (-3.418462814349746E-004,2.249355897056424E-004)
 (3.315958679946081E-004,6.840147101771650E-005)
 (3.315945380302975E-004,6.841192456893552E-005)
 (2.381672000555335E-004,3.619755952874694E-004)
 (3.560485502686486E-004,5.411290386892839E-004)
 (1.249763702656010E-003,-8.223036661871633E-004)
 (0.000000000000000E+000,0.000000000000000E+000)
 (0.000000000000000E+000,0.000000000000000E+000)
 (0.000000000000000E+000,0.000000000000000E+000)
 AAAAAA           4
 (-0.215211068654824,-0.901262026989654)
 (7.916367351044538E-002,-0.128830187505595)
 (-5.913948247878285E-002,-3.634006103602200E-002)
 (-1.303329590312943E-002,3.112199821914454E-003)
 (-1.113084544126410E-002,1.811424447547024E-002)
 (8.839441258626499E-003,-2.110759940664656E-003)
 (-5.089005347555090E-003,1.215190616723513E-003)
 (-8.451126287476827E-003,1.375329338641788E-002)
 (1.052695104431385E-002,6.468602699091026E-003)
 (-9.641839243886512E-005,2.302554460753252E-005)
 (-9.820672082692365E-005,2.344695685158858E-005)
 (-6.609520199718729E-003,1.075628796927168E-002)
 (4.669357813769412E-003,1.955436790277303E-002)
 (1.062059150285827E-002,6.526141274598706E-003)
 (3.871409172485735E-003,1.621271658509673E-002)
 (7.595735971523884E-003,4.667429717947500E-003)
 (2.913342797272166E-003,1.220053128625139E-002)
 (7.328128521586037E-003,4.503000227984405E-003)
 (1.727549413112731E-003,7.234672577433280E-003)
 (5.316849576704938E-003,3.267104995710159E-003)
 (1.620476009363302E-003,6.786229211774932E-003)
 (1.620477641591058E-003,6.786231476875937E-003)
 (4.303513387252445E-003,2.644422501431907E-003)
 (-2.217188986156440E-003,3.608228328156654E-003)
 (-2.246746713949709E-003,3.656330436824061E-003)
 (9.508174892619435E-004,3.981833424057251E-003)
 (3.232434943072952E-003,1.986263612779461E-003)
 (3.285587660629764E-003,2.018932044558907E-003)
 (1.065840587653322E-003,4.463537256515379E-003)
 (-1.675289074176386E-003,2.726348201242124E-003)
 (-1.288326429038888E-004,3.076445708512195E-005)
 (1.737559101054631E-003,1.067694740299584E-003)
 (1.060435690559584E-003,6.516145123028714E-004)
 (2.827963699095544E-004,-6.752806036393176E-005)
 (3.546149150043445E-004,1.485050243973045E-003)
 (-2.649614762633048E-004,6.327076694845792E-005)
 (-2.649618699808268E-004,6.326862506537899E-005)
 (4.049216038766476E-005,-9.670281079874742E-006)
 (-3.681776201506477E-004,5.991760269947302E-004)
 (-3.681786372786020E-004,5.991737337348966E-004)
 (4.827651227282545E-005,-1.152830868977475E-005)
 (-6.304764737724831E-004,1.026029102078112E-003)
 (3.306504028466077E-004,1.384702104905626E-003)
 (1.283721654202201E-004,-3.065549083886509E-005)
 (-3.710515616394633E-004,6.038438806152678E-004)
 (0.000000000000000E+000,0.000000000000000E+000)
 (0.000000000000000E+000,0.000000000000000E+000)
 (0.000000000000000E+000,0.000000000000000E+000)
 (-2.925682087053277E-002,-6.012981727876542E-002)
 (8.321523619912452E-002,-0.240934177675258)
 (-5.839459394863796E-002,-2.016875924329734E-002)
 (1.908762486713613E-002,-9.287275089646975E-003)
 (-7.463513809789787E-003,2.160933988677809E-002)
 (-5.143572882521813E-003,2.502659243284399E-003)
 (-1.439206484990617E-002,7.002639804315677E-003)
 (-5.882302537710098E-003,1.703125483090652E-002)
 (-9.536555788872772E-004,-3.294052552150612E-004)
 (-2.101240933854801E-002,1.022377960644656E-002)
 (-6.777498188631978E-003,3.297679649223967E-003)
 (-2.825810684728250E-003,8.181711126222485E-003)
 (2.265320429394995E-004,4.655855523282020E-004)
 (-9.935615289015329E-003,-3.431597550472061E-003)
 (-5.208059504001790E-004,-1.070344734652817E-003)
 (-6.098158491589072E-003,-2.106250427904056E-003)
 (-1.863134764565243E-003,-3.829220938289996E-003)
 (-9.556041866147219E-003,-3.300503009358982E-003)
 (-8.783301832690767E-007,-1.707979744819570E-006)
 (-6.026921663904147E-003,-2.081602121812422E-003)
 (-3.425280989407350E-004,-7.040760092530140E-004)
 (-3.425278095332016E-004,-7.040910406063854E-004)
 (-4.035476915475379E-003,-1.393821783968394E-003)
 (-1.140579577602915E-003,3.302226206609601E-003)
 (-6.002027135413024E-004,1.737830552567171E-003)
 (-2.066136242809529E-004,-4.246138381864131E-004)
 (-3.968656420996671E-003,-1.370699866222355E-003)
 (-4.675742068193921E-003,-1.614918069687157E-003)
 (1.212332829370289E-003,2.491672243370622E-003)
 (-1.194955770083185E-003,3.459785299193373E-003)
 (-2.517690501707226E-003,1.225039309198547E-003)
 (5.746033804992456E-005,1.984215251165873E-005)
 (-6.405189533888458E-004,-2.212403919221819E-004)
 (-1.725430545735691E-003,8.395189534518034E-004)
 (-3.692149657204879E-004,-7.588528187249118E-004)
 (-1.364342220036083E-003,6.638477474677653E-004)
 (-1.364337916580507E-003,6.638238714347565E-004)
 (-2.175628448879136E-003,1.058587854246801E-003)
 (-4.782498580059351E-004,1.384710316721537E-003)
 (-4.782405473350702E-004,1.384710937985329E-003)
 (-1.017290555934179E-003,4.949974025582609E-004)
 (-2.167424015520075E-004,6.275026435283568E-004)
 (2.915206857795417E-004,5.991429360012364E-004)
 (-8.678974771167284E-004,4.222740298014566E-004)
 (-2.805228064586738E-004,8.121685408452943E-004)
 (0.000000000000000E+000,0.000000000000000E+000)
 (0.000000000000000E+000,0.000000000000000E+000)
 (0.000000000000000E+000,0.000000000000000E+000)
 (-1.899164620181828E-003,-0.138343608966793)
 (-0.138900224574011,0.142766712488002)
 (-2.137729492011982E-003,-2.079921031282270E-003)
 (5.872000663171138E-002,-8.061457897811991E-004)
 (1.192406529520312E-002,-1.225601186766463E-002)
 (-1.317024087852360E-002,1.807849140606548E-004)
 (-2.969855101266266E-002,4.077835553466078E-004)
 (4.861784449221891E-003,-4.997132292759531E-003)
 (1.203149569987478E-002,1.170562006227234E-002)
 (5.144205170598661E-003,-7.061593037814036E-005)
 (-2.642024847905436E-003,3.626369339763689E-005)
 (-2.004268259920371E-003,2.060082764614371E-003)
 (-5.922728344649395E-007,-4.444723048860257E-005)
 (-8.203686193438782E-003,-7.981449942909891E-003)
 (-4.803887948971969E-005,-3.499428262567093E-003)
 (-1.291712788739038E-003,-1.256732677285351E-003)
 (1.850050255643584E-005,1.347042670638467E-003)
 (5.323235263223555E-004,5.179110421344414E-004)
 (1.665597565705647E-007,1.211118144163829E-005)
 (-3.943223634841306E-004,-3.836264857205477E-004)
 (-4.087764341017354E-005,-2.977828332112724E-003)
 (-4.087965310438840E-005,-2.977819343032577E-003)
 (1.634944179559834E-003,1.590661890483057E-003)
 (2.669719098794768E-003,-2.744040588534614E-003)
 (9.440612471848711E-005,-9.703962377536341E-005)
 (-2.157114573192849E-005,-1.571980906585153E-003)
 (7.086619658955700E-004,6.894563052199326E-004)
 (4.451333344468561E-004,4.330763454098939E-004)
 (-2.844339276235805E-006,-2.072629158824930E-004)
 (1.758063508510598E-003,-1.807002361605140E-003)
 (1.413544794891672E-003,-1.940643131420446E-005)
 (1.536190319205917E-003,1.494579292827321E-003)
 (7.386356461353674E-004,7.186327653637422E-004)
 (1.061765468079602E-003,-1.457475651708194E-005)
 (-1.485172525347146E-006,-1.084035437599035E-004)
 (1.830386942254156E-003,-2.512671766553043E-005)
 (1.830383645500755E-003,-2.513013401081645E-005)
 (1.262327438477164E-004,-1.736593729734348E-006)
 (2.188856108655457E-004,-2.249722581232583E-004)
 (2.188822158670397E-004,-2.249729710662087E-004)
 (-6.302677458794373E-004,8.657510235161795E-006)
 (3.239161382764203E-004,-3.329319308798635E-004)
 (-9.430667328017718E-006,-6.869797598853312E-004)
 (-3.587522241602086E-004,4.923430304100698E-006)
 (6.971394565420878E-004,-7.165460576386265E-004)
 (0.000000000000000E+000,0.000000000000000E+000)
 (0.000000000000000E+000,0.000000000000000E+000)
 (0.000000000000000E+000,0.000000000000000E+000)
 (1.487612183126065E-007,-5.765807812843140E-007)
 (0.437374426510485,0.480297957789190)
 (3.388877789554708E-002,-3.086085805179935E-002)
 (9.736412924317198E-008,-1.267643552789037E-008)
 (-2.183725834129376E-002,-2.398029426158976E-002)
 (-2.451473077383698E-003,5.241064585245495E-002)
 (1.768804538407951E-007,3.215668945799049E-008)
 (-1.567098131248322E-002,-1.720887342142489E-002)
 (2.998891085779973E-003,-2.730865105409681E-003)
 (3.651492651533604E-004,-7.807324577606436E-003)
 (1.261102809583984E-004,-2.695497378597063E-003)
 (-1.194522706526916E-002,-1.311745677686674E-002)
 (-1.864005839355750E-003,-8.720718226880353E-005)
 (2.396803857368043E-003,-2.182562894400856E-003)
 (-3.043670091368225E-003,-1.423576448538243E-004)
 (5.943310407999904E-010,-3.168347014800347E-008)
 (-4.186925964423274E-003,-1.958447645220546E-004)
 (1.904535360157072E-003,-1.734367495893497E-003)
 (1.992288879132800E-003,9.315638014904724E-005)
 (1.074924946398329E-003,-9.788614365612070E-004)
 (-2.108128445360866E-003,-9.860147681469157E-005)
 (2.108136785090018E-003,9.861477196238624E-005)
 (5.627158925729259E-004,-5.124377954923413E-004)
 (-2.155993598570132E-004,-2.367838692497758E-004)
 (2.585137076843034E-003,2.838827310545258E-003)
 (6.359748983671241E-004,2.971752246660309E-005)
 (-9.757825907214239E-004,8.885721734135682E-004)
 (-2.862381592419989E-004,2.606522217124427E-004)
 (-2.156220903122190E-009,-6.384970694810485E-009)
 (-1.663862615859998E-004,-1.827374513594082E-004)
 (6.580477961759204E-010,-4.109424179540560E-009)
 (1.281746775417332E-004,-1.167157384208848E-004)
 (-1.805508878871082E-004,1.644245836727372E-004)
 (-4.113225501636323E-005,8.793891130232476E-004)
 (1.877308316359522E-004,8.772373228904441E-006)
 (-1.865849269440129E-005,3.991368862158610E-004)
 (1.867883786102928E-005,-3.991459853121343E-004)
 (-3.485755434407547E-005,7.453254700919615E-004)
 (3.644355551505802E-004,4.001966512831082E-004)
 (-3.644372218872354E-004,-4.002011764281840E-004)
 (2.270465028398690E-005,-4.853230864240702E-004)
 (-3.929284781430777E-004,-4.314941802593212E-004)
 (-1.672985149447586E-009,9.025357101801175E-010)
 (-4.734458801885146E-005,1.012227442389391E-003)
 (-1.527521228397459E-004,-1.677514359610334E-004)
 (0.000000000000000E+000,0.000000000000000E+000)
 (0.000000000000000E+000,0.000000000000000E+000)
 (0.000000000000000E+000,0.000000000000000E+000)
 AAAAAA           5
 (-0.890237896182098,6.401101204465326E-003)
 (-0.127563252710256,-0.125741984357192)
 (-4.102591693051316E-002,4.162018506730738E-002)
 (1.527877205237853E-004,2.124894401923147E-002)
 (1.585811404189030E-002,1.563167455282612E-002)
 (-1.007950388368793E-004,-1.401856876431105E-002)
 (4.893160288373132E-005,6.805092943541985E-003)
 (1.187503265613847E-002,1.170547341129200E-002)
 (-3.137884114119799E-006,-4.351369889173613E-004)
 (9.243349921278399E-003,-9.377221056435240E-003)
 (9.275978545893883E-003,9.143518571241963E-003)
 (1.005130357515743E-002,-1.019690766743354E-002)
 (1.984141979705792E-002,-1.426614431910929E-004)
 (-1.167473540961703E-005,-1.623073093106490E-003)
 (1.651599414392281E-002,-1.187521422191585E-004)
 (7.853271487947308E-003,-7.967011949603506E-003)
 (1.352959693757329E-002,-9.728136161337147E-005)
 (7.335047710114883E-003,-7.441294679033048E-003)
 (8.409592121330802E-003,-6.047799480029463E-005)
 (7.950056955617766E-003,-5.715465267922730E-005)
 (7.950058081569710E-003,-5.715904798864668E-005)
 (3.503203680796377E-003,3.453178919121822E-003)
 (4.516148855196336E-003,-4.581561683036479E-003)
 (4.878627959714266E-003,-3.508707524997167E-005)
 (3.564806716592024E-003,-3.616444753818965E-003)
 (3.068605831461926E-003,-3.113059307506264E-003)
 (2.515277785848887E-003,2.479363676094877E-003)
 (3.103308711280331E-003,-3.148254587558660E-003)
 (4.419559456282155E-003,-3.177713379903910E-005)
 (1.136701238272145E-006,1.582348505251566E-004)
 (2.396282041067826E-003,2.362069918277301E-003)
 (1.233459177195354E-003,-1.251326584781291E-003)
 (8.420294376249555E-004,-8.542267183906488E-004)
 (-1.717228047906660E-006,-2.384551084490300E-004)
 (1.741898262766842E-003,-1.252583737312775E-005)
 (4.755588724054536E-004,4.687619564624922E-004)
 (4.755521172545335E-004,4.687655636427863E-004)
 (-3.438605577737062E-006,-4.780744193259680E-004)
 (2.798046134379543E-006,3.889954854965748E-004)
 (2.798970227392103E-006,3.889931194703867E-004)
 (1.545800425716106E-003,-1.111371057964432E-005)
 (5.491709255873078E-004,5.413282548631850E-004)
 (-2.067558862335962E-007,-2.894590150797864E-005)
 (2.895332342470025E-004,-2.937262322699968E-004)
 (7.820449569545310E-004,-5.620103847640113E-006)
 (8.147489105893367E-004,8.031152614190299E-004)
 (1.673841959843581E-004,1.649969054562913E-004)
 (-1.635693493186414E-006,-2.274402766546445E-004)
 (-7.823722653071895E-002,3.002749163741103E-003)
 (-0.180125195491031,-0.166810213460119)
 (-3.202181895197452E-002,3.457789603226778E-002)
 (-9.114939124920762E-005,-2.375304857318482E-003)
 (1.931283257591892E-002,1.788514642699911E-002)
 (2.379697507795271E-004,6.200961703089315E-003)
 (4.532617139144722E-004,1.180989137995690E-002)
 (1.437444401209182E-002,1.331182626487182E-002)
 (3.175627918100025E-004,8.275095965985038E-003)
 (-4.702527796647141E-003,5.077926488101301E-003)
 (8.070074070694808E-003,7.473442511356225E-003)
 (-5.948339830841998E-003,6.423096973323242E-003)
 (1.494922698001404E-003,-5.736320719423499E-005)
 (7.792954440643670E-004,2.030536920139678E-002)
 (3.222312741296469E-004,-1.234597056769732E-005)
 (-4.945154625159328E-003,5.339916545368296E-003)
 (-2.629242144792729E-003,1.009415640367533E-004)
 (-6.689563734383866E-003,7.223566960072212E-003)
 (1.893706753805260E-004,-7.288899253736415E-006)
 (3.339802645965318E-004,-1.279693935027968E-005)
 (3.339684015279009E-004,-1.280240416748585E-005)
 (3.815430974735795E-003,3.533349090289399E-003)
 (-3.514360211663841E-003,3.794881059955187E-003)
 (-1.245623533008082E-004,4.751357940938349E-006)
 (-2.854405993425718E-003,3.082227140197398E-003)
 (-3.005590936166247E-003,3.245489097989896E-003)
 (1.517081499185926E-003,1.404934748207897E-003)
 (-3.015235018668179E-003,3.255899704386061E-003)
 (2.200413257262754E-003,-8.444760321743989E-005)
 (1.471894701015110E-004,3.835237876458622E-003)
 (2.964131478727688E-003,2.745020061351538E-003)
 (-4.907011609445113E-004,5.298692056925072E-004)
 (-8.185902070118394E-004,8.839337345482635E-004)
 (1.170899743065699E-004,3.050946246586296E-003)
 (-4.863116196196108E-004,1.865873918232857E-005)
 (1.380360812127091E-003,1.278293223049432E-003)
 (1.380343993623719E-003,1.278305573510527E-003)
 (8.798802565103647E-005,2.292662309048713E-003)
 (7.997391908482344E-005,2.083414910042521E-003)
 (7.996833532347990E-005,2.083407531276353E-003)
 (7.125263973999525E-004,-2.734580936405150E-005)
 (1.058037945302268E-003,9.798235821893585E-004)
 (3.290312372497759E-005,8.571497552070407E-004)
 (-9.693718380712084E-004,1.046748435813199E-003)
 (-7.917821275917648E-005,3.042462300866970E-006)
 (4.748966039058886E-004,4.397845586834755E-004)
 (8.146325822608149E-004,7.544176951177887E-004)
 (3.029772167960896E-005,7.892843748296989E-004)
 (5.255105365328672E-002,-0.198411517989959)
 (-4.963167431796357E-002,2.884567677793732E-002)
 (-1.078610970679731E-002,-1.855829608902604E-002)
 (6.062690316950549E-002,1.605755122593089E-002)
 (4.539679768510457E-003,-2.638466615806879E-003)
 (-9.979342243667460E-003,-2.643129937113799E-003)
 (-3.153934157694769E-002,-8.353415739019104E-003)
 (1.891760186241114E-003,-1.099475890967223E-003)
 (-6.786027354661512E-003,-1.797312600334134E-003)
 (8.462782085178026E-003,1.456075729246690E-002)
 (-4.855214282483774E-003,2.821879655445671E-003)
 (-5.985298586677767E-003,-1.029807395370377E-002)
 (-4.697333205919983E-004,1.773541136682986E-003)
 (-1.124384409951527E-003,-2.978046464983353E-004)
 (7.159284378021745E-004,-2.703079130552401E-003)
 (-2.373295301456644E-003,-4.083414196781503E-003)
 (-2.430865465729858E-005,9.180907987545923E-005)
 (-7.662450399783675E-004,-1.318397009061196E-003)
 (6.534001748577075E-005,-2.466930346383478E-004)
 (5.416231718771265E-004,-2.044978515791520E-003)
 (5.416240265684927E-004,-2.044978029558407E-003)
 (2.201330891082144E-003,-1.279416825011336E-003)
 (-7.497929652738073E-004,-1.290069418684196E-003)
 (5.358012784088003E-004,-2.022956501975973E-003)
 (5.243108553430964E-004,9.021056455306365E-004)
 (3.202184952066867E-004,5.509606344291290E-004)
 (-2.587978498946407E-004,1.504203631749372E-004)
 (-2.762411271941544E-004,-4.752810429329763E-004)
 (-3.195570776020851E-004,1.206531695908769E-003)
 (1.079080025162858E-003,2.858033198565376E-004)
 (6.552969445686041E-004,-3.808599534675102E-004)
 (9.613999402228088E-004,1.654156593329232E-003)
 (7.565369256518778E-004,1.301666298685366E-003)
 (-7.563385447236259E-004,-2.003220280132311E-004)
 (1.036055267458834E-004,-3.911727898171287E-004)
 (1.877454037277671E-005,-1.091301002480169E-005)
 (1.877906244099707E-005,-1.091068239140579E-005)
 (7.140543181819499E-004,1.891231821255844E-004)
 (1.392220959991020E-003,3.687418429072018E-004)
 (1.392223844130845E-003,3.687433562897936E-004)
 (-4.325751552306441E-005,1.633289305793483E-004)
 (7.146192136552167E-004,-4.153373485434604E-004)
 (-5.960337611935165E-004,-1.578637798982287E-004)
 (-4.868204153933708E-004,-8.376055107926575E-004)
 (1.242232921814140E-004,-4.690114021390189E-004)
 (1.619763915975702E-004,-9.413956878624177E-005)
 (2.012974040932904E-004,-1.169932347741304E-004)
 (-3.895188396127410E-004,-1.031678225438804E-004)
 (6.989083692923691E-007,5.798154044869463E-008)
 (1.677750021056472E-002,0.657809054995923)
 (2.718908878685609E-002,-6.936535698850495E-004)
 (-1.146411024021277E-009,1.187572297583159E-007)
 (-7.871695305999195E-004,-3.086218315417910E-002)
 (-3.677360253375467E-002,3.869860986020604E-002)
 (-1.939395616693484E-008,1.064007565985578E-007)
 (-5.843101400993795E-004,-2.290873971679969E-002)
 (1.070024619217378E-003,-1.125943204832003E-003)
 (5.365393601832386E-003,-1.368262882711076E-004)
 (-4.434865064912860E-004,-1.738787590839218E-002)
 (3.693139071496891E-003,-9.417927652876036E-005)
 (-1.749014668112937E-003,-1.662023135443156E-003)
 (5.103037602067959E-003,-5.370153437424844E-003)
 (-2.336294921393579E-003,-2.220074313355871E-003)
 (1.733365856220577E-008,3.781551461133762E-009)
 (-2.490090512920061E-003,-2.366215598589742E-003)
 (2.337733367198053E-003,-5.962376312414217E-005)
 (9.780471438943503E-004,9.293829249948655E-004)
 (-1.076450890601612E-003,-1.022898044681350E-003)
 (1.076452194265782E-003,1.022908462908498E-003)
 (5.310794850044391E-006,2.076659612523209E-004)
 (1.361358390026520E-003,-3.472110421930055E-005)
 (1.887510223349752E-004,1.793386032493634E-004)
 (9.502951413650320E-004,-2.423633851734046E-005)
 (-1.121728938618952E-003,2.861573719947162E-005)
 (6.279350900696587E-005,2.461732084418395E-003)
 (-1.280401552984130E-004,3.267971855404577E-006)
 (1.110131063536997E-008,-2.692870417249157E-009)
 (2.006484970201289E-009,1.452415071129357E-008)
 (-7.071183788571936E-006,-2.776512632514856E-004)
 (2.005164791714283E-004,-5.110050287296818E-006)
 (-2.199894910792192E-004,5.618739796568878E-006)
 (-8.033014258219058E-004,8.453566394118261E-004)
 (-2.515924951100726E-004,-2.390862868749088E-004)
 (2.968347116834678E-005,1.163461016700743E-003)
 (-2.967106580973855E-005,-1.163453295837253E-003)
 (-6.382101310063023E-004,6.716261656549980E-004)
 (-3.045421871283034E-004,3.204925494380125E-004)
 (3.045443815531248E-004,-3.204815704194244E-004)
 (4.484448791177943E-010,-1.332716001919391E-009)
 (-1.869175030450764E-005,-7.330707355049688E-004)
 (2.563393014445780E-004,-2.697517091944368E-004)
 (-2.914411351258633E-004,7.433957190951278E-006)
 (5.661741852387573E-005,5.379853796091299E-005)
 (-1.127589323763139E-005,-4.423413318156454E-004)
 (-1.570472966555245E-005,-6.158837448678573E-004)
 (-4.935326036113458E-004,5.193691540215399E-004)
 AAAAAA           6
 (0.753374067367292,0.548317211289614)
 (1.584466603426041E-002,0.100580919160546)
 (8.614605721693730E-002,-1.357061536937638E-002)
 (-3.603172063922779E-003,-2.287275151073347E-002)
 (7.807011178456301E-003,-1.072663543682951E-002)
 (-2.452651330781467E-003,3.369886724060443E-003)
 (-2.052678800592031E-003,-1.303033322627847E-002)
 (1.005001385869480E-003,-1.380873760249108E-003)
 (1.005049502589744E-003,-1.380886040173181E-003)
 (-1.977222820391790E-002,-1.439053379299641E-002)
 (-1.917574489567680E-003,-1.217269767512433E-002)
 (-1.101614271453970E-002,1.735388584288075E-003)
 (-4.718547436084926E-005,6.483456313289574E-005)
 (-1.351250840536112E-002,-9.834613236281035E-003)
 (-1.038384469185588E-002,1.635772999603563E-003)
 (-1.084733347494561E-002,-7.894857000643841E-003)
 (-7.729545061797651E-003,1.217648984429018E-003)
 (-7.526108101253605E-003,1.185595182968475E-003)
 (-6.875662439861542E-003,1.083131583130704E-003)
 (-9.048852939062203E-004,-5.744198033827735E-003)
 (-5.480209454187586E-003,-3.988576521879429E-003)
 (-5.187249699502640E-003,8.171520081723424E-004)
 (-4.983533098232425E-003,-3.627092199939171E-003)
 (-4.121596928570877E-003,6.492791626069292E-004)
 (-4.546516008353555E-003,-3.309022859368326E-003)
 (-5.273771005641578E-004,-3.347762367443731E-003)
 (-3.592013467086886E-003,5.658552742133880E-004)
 (-2.943095646395247E-003,-2.142026490004465E-003)
 (-3.197695212771883E-003,-2.327336213933745E-003)
 (-3.796737284329581E-004,-2.410144492683911E-003)
 (-1.937765220863964E-003,3.052564408871912E-004)
 (-1.565127975047266E-005,2.150331669087065E-005)
 (-1.565575269897333E-005,2.150816454532368E-005)
 (-2.032941727502961E-004,-1.290485677697399E-003)
 (-1.465627714029490E-004,2.013728652482747E-004)
 (-1.468422861639574E-004,2.017535637245692E-004)
 (-1.060128581514819E-004,-6.729713551748688E-004)
 (-1.130310282869401E-003,1.780584110299598E-004)
 (-3.002581670213399E-005,4.125772793071157E-005)
 (7.321205599556970E-005,-1.005928373254702E-004)
 (7.321489796807625E-005,-1.005920893686478E-004)
 (-1.115475447607060E-004,-7.081133281376351E-004)
 (-1.068783595846340E-003,-7.778795554976160E-004)
 (-1.068783008040795E-003,-7.778742830475993E-004)
 (0.000000000000000E+000,0.000000000000000E+000)
 (0.000000000000000E+000,0.000000000000000E+000)
 (0.000000000000000E+000,0.000000000000000E+000)
 (0.000000000000000E+000,0.000000000000000E+000)
 (-0.101426182668415,-7.943340674399282E-002)
 (-6.489567546689166E-003,-5.336541525605898E-002)
 (-6.168972951987417E-002,7.501445115218764E-003)
 (5.967386710595678E-004,4.907295433059164E-003)
 (2.614446991153752E-002,-3.338308593932889E-002)
 (-9.026637248217588E-003,1.152582169828599E-002)
 (1.229395371463616E-003,1.010987802090977E-002)
 (-1.326064176613654E-002,1.693212025232994E-002)
 (-1.326069202389262E-002,1.693214925463405E-002)
 (-8.356395368881488E-004,-6.544412719425635E-004)
 (8.500990188890219E-004,6.990890790118451E-003)
 (5.602989007031800E-003,-6.813441432347925E-004)
 (-6.028109671177232E-003,7.697144705997050E-003)
 (-2.050847423546954E-003,-1.606139802335382E-003)
 (-1.090588130996316E-002,1.326198787340272E-003)
 (-3.735470201621343E-003,-2.925487339795331E-003)
 (-6.029115129055853E-003,7.331428373108504E-004)
 (-7.166544799554976E-003,8.714615791969712E-004)
 (-6.586093298826223E-003,8.008920576961706E-004)
 (3.655653438058308E-004,3.006173030078478E-003)
 (3.786726946778291E-004,2.965703216770307E-004)
 (-2.815455565712880E-003,3.423594178595428E-004)
 (-1.721938398150476E-003,-1.348567147972793E-003)
 (-4.897721196647885E-003,5.955718240665108E-004)
 (-1.234658504285517E-003,-9.669630821345745E-004)
 (1.552701636091236E-004,1.276791971602135E-003)
 (-3.503947401869439E-003,4.260872314898873E-004)
 (-4.829796588566886E-004,-3.782467033006537E-004)
 (1.519908237246346E-003,1.190338476558879E-003)
 (1.944940586058134E-004,1.599430859043241E-003)
 (8.653656343869065E-004,-1.052293729472718E-004)
 (-9.564484141699827E-004,1.221247604986635E-003)
 (-9.564268026881592E-004,1.221241480937087E-003)
 (7.523883823935300E-005,6.187444290020631E-004)
 (-8.604765697742471E-004,1.098716127334667E-003)
 (-1.037729321753797E-003,1.325062263937654E-003)
 (1.554544091051446E-004,1.278395878521856E-003)
 (-3.048761791643238E-004,3.707448353911287E-005)
 (-1.323436382755047E-003,1.689856171830136E-003)
 (-3.542611892127910E-004,4.523504264900538E-004)
 (-3.542662243808462E-004,4.523500823707474E-004)
 (9.414750280149940E-005,7.742491901045770E-004)
 (-5.169750988464843E-004,-4.048779012228444E-004)
 (-5.169760386354614E-004,-4.048872328527728E-004)
 (0.000000000000000E+000,0.000000000000000E+000)
 (0.000000000000000E+000,0.000000000000000E+000)
 (0.000000000000000E+000,0.000000000000000E+000)
 (0.000000000000000E+000,0.000000000000000E+000)
 (4.286742695624264E-002,-0.133383352471332)
 (0.142017584038911,-7.293525651747138E-002)
 (-5.024976161288838E-002,-9.784479257595455E-002)
 (-1.452222828666052E-002,7.458068468273075E-003)
 (3.456366476184285E-002,1.110825479263162E-002)
 (1.955186491997133E-002,6.283642779844049E-003)
 (-8.160624912361103E-003,4.191012311543512E-003)
 (-2.655067667861196E-003,-8.533119561646477E-004)
 (-2.655042027740941E-003,-8.532484134399090E-004)
 (8.263908953416932E-004,-2.571316608282698E-003)
 (-1.312049955818948E-002,6.738202422426212E-003)
 (3.238189522267908E-003,6.305408383802912E-003)
 (2.475748772376412E-003,7.956848306510084E-004)
 (9.085820663108059E-005,-2.827001282756969E-004)
 (-2.221620649996829E-003,-4.325944734393215E-003)
 (-1.453062292915456E-003,4.521274636855113E-003)
 (1.740613707959622E-004,3.389876458304147E-004)
 (-8.213143041125852E-004,-1.599243198363639E-003)
 (-7.045955973381010E-004,-1.371951680969192E-003)
 (4.455081877594053E-003,-2.287969166066234E-003)
 (8.297590290692965E-004,-2.581865927865032E-003)
 (6.425497783473731E-004,1.251158248556023E-003)
 (1.336826330709785E-004,-4.159109548035883E-004)
 (5.175494135968618E-004,1.007756796039499E-003)
 (1.178087163294585E-003,-3.665714873705294E-003)
 (2.473507728866020E-003,-1.270304625389134E-003)
 (7.486770923102210E-004,1.457825961724367E-003)
 (7.426172877676887E-004,-2.310673388699256E-003)
 (3.833460199824400E-004,-1.192790162768762E-003)
 (1.774869126063784E-003,-9.115095770064499E-004)
 (3.943590752435517E-004,7.678693207623129E-004)
 (9.486516779726570E-004,3.048804891602423E-004)
 (9.486412293203273E-004,3.048735605210379E-004)
 (-1.655539743056422E-004,8.502155356778052E-005)
 (1.214704969885162E-003,3.903861001618978E-004)
 (-5.362591613729656E-004,-1.723504776973719E-004)
 (8.538017478992302E-004,-4.384844181288353E-004)
 (1.677631984256722E-004,3.266661225649525E-004)
 (1.108456713637548E-003,3.562439036664125E-004)
 (1.186356231227724E-003,3.812750046623924E-004)
 (1.186348249002153E-003,3.812784540197998E-004)
 (3.098756675222580E-004,-1.591352896864822E-004)
 (1.501362957361501E-004,-4.671476127147080E-004)
 (1.501320551389940E-004,-4.671537738635377E-004)
 (0.000000000000000E+000,0.000000000000000E+000)
 (0.000000000000000E+000,0.000000000000000E+000)
 (0.000000000000000E+000,0.000000000000000E+000)
 (0.000000000000000E+000,0.000000000000000E+000)
 (-2.202303118994496E-007,-1.871757053746895E-007)
 (-8.871169384467939E-002,0.365317925133482)
 (0.222631518291055,5.406229837282402E-002)
 (1.509666750346623E-002,-6.216844981690580E-002)
 (1.092440235830080E-007,-1.460809108302887E-007)
 (-2.877430793913896E-002,1.753003447604899E-002)
 (6.077160473306121E-004,-2.502757554259750E-003)
 (-2.012907301349569E-002,1.226316530091391E-002)
 (2.012912154595298E-002,-1.226320539992488E-002)
 (-2.992113815069551E-005,-4.911376270961163E-005)
 (4.159758328854495E-009,-6.667155395582170E-008)
 (1.056606793154424E-003,2.565677652919676E-004)
 (-1.013980505955099E-002,6.177429489547016E-003)
 (2.392635580005248E-009,-7.109225292844305E-009)
 (-5.158964496315307E-003,-1.252763115363407E-003)
 (1.717670228647124E-003,2.819447213954592E-003)
 (-2.511887802013401E-003,-6.099743008837313E-004)
 (3.859675972837962E-003,9.372728339136783E-004)
 (4.621042643447575E-003,1.122145550163831E-003)
 (-1.113434538155720E-003,4.585145406560296E-003)
 (1.700716515628561E-003,2.791599203177935E-003)
 (1.051306193598251E-003,2.552826080393430E-004)
 (-1.788644928481791E-003,-2.935942133910276E-003)
 (1.893163589237073E-003,4.597284828390147E-004)
 (-1.580953972371535E-004,-2.594972267971663E-004)
 (6.009670835415803E-004,-2.474744218113909E-003)
 (-7.503901550748465E-004,-1.822242464123211E-004)
 (3.742546030505505E-004,6.143204112524534E-004)
 (-1.064216591994813E-003,-1.746834249038753E-003)
 (6.366564681157559E-004,-2.621789012305303E-003)
 (-1.393303976949986E-004,-3.382919601286388E-005)
 (7.866832151590416E-004,-4.792607039167089E-004)
 (-7.867015042851664E-004,4.792765629772878E-004)
 (4.070205589598237E-005,-1.676252758522736E-004)
 (-3.925566092275702E-011,-1.384828753217068E-009)
 (-8.812845775883252E-004,5.368987715169116E-004)
 (-4.757216035773903E-009,-5.935726407220883E-009)
 (-2.921901069074971E-004,-7.095199236966998E-005)
 (-5.116201586818040E-005,3.116747975927955E-005)
 (7.158866508693285E-004,-4.361374171254431E-004)
 (-7.158879465522926E-004,4.361345302510207E-004)
 (-2.183271197142562E-005,8.989494162308256E-005)
 (5.550430822202440E-004,9.110551547799372E-004)
 (-5.550443531079077E-004,-9.110609888691393E-004)
 (0.000000000000000E+000,0.000000000000000E+000)
 (0.000000000000000E+000,0.000000000000000E+000)
 (0.000000000000000E+000,0.000000000000000E+000)
 (0.000000000000000E+000,0.000000000000000E+000)
 AAAAAA           7
 (0.498302482640593,0.749078340230732)
 (-2.207254378204616E-002,0.109790812178125)
 (6.948195866930175E-002,1.396878870989624E-002)
 (4.771894581014990E-003,-2.373580970781429E-002)
 (1.762687743779040E-002,-1.172577541596326E-002)
 (-5.534754577645949E-003,3.681822567078119E-003)
 (2.635579526256435E-003,-1.310958526441855E-002)
 (1.503759379758284E-003,-1.000339923890808E-003)
 (-1.357749403348954E-002,-2.041050930490373E-002)
 (2.437540116477343E-003,-1.212455306688350E-002)
 (-4.306437501986109E-004,2.864662485983414E-004)
 (-6.268905526593500E-004,4.170212493433698E-004)
 (-1.152752157240937E-002,-2.317522996171748E-003)
 (-9.213088384435530E-003,-1.384966357680698E-002)
 (-1.212709323130561E-002,-2.438059142318745E-003)
 (-7.970843136842268E-003,-1.198224160640251E-002)
 (-9.484303341698884E-003,-1.906748592767315E-003)
 (-7.886867826893854E-003,-1.585591042761993E-003)
 (-8.247385497245806E-003,-1.658076029318571E-003)
 (-4.219992189169218E-003,-6.343745222250194E-003)
 (-3.923317219555062E-003,-5.897762275888351E-003)
 (-5.110109692596457E-003,-1.027354693984817E-003)
 (9.917991665135853E-004,-4.933334077803328E-003)
 (-3.626200321121834E-003,-5.451120678504044E-003)
 (7.916317597606038E-004,-3.937639352086328E-003)
 (-4.639908260609633E-003,-9.328156800618676E-004)
 (-4.008703565961044E-003,-8.059208136881555E-004)
 (-2.400385262650167E-003,-3.608400737224255E-003)
 (-2.108071962636020E-003,-3.168987957405453E-003)
 (5.082538707063301E-004,-2.528109658616591E-003)
 (-2.245307670866997E-005,1.493473744010070E-005)
 (-1.639243304165246E-003,-3.295575244766894E-004)
 (1.284142620265236E-004,-6.387434303619506E-004)
 (-2.764562535808941E-004,1.839051195211428E-004)
 (-1.693421725577609E-004,1.126517690755709E-004)
 (-1.496043098272981E-004,9.951907430451031E-005)
 (-1.122397586734002E-003,-2.256512796699531E-004)
 (2.339329538595787E-004,-1.163600856753228E-003)
 (-2.536601946008371E-004,1.687403202801831E-004)
 (1.341190292804839E-004,-6.671215534298753E-004)
 (2.068531490465658E-004,-1.376020512627511E-004)
 (-8.373463903793401E-004,-1.258747257595764E-003)
 (6.196824119173735E-005,-4.122175857818489E-005)
 (1.642915847194458E-004,-1.092895447867735E-004)
 (0.000000000000000E+000,0.000000000000000E+000)
 (0.000000000000000E+000,0.000000000000000E+000)
 (0.000000000000000E+000,0.000000000000000E+000)
 (0.000000000000000E+000,0.000000000000000E+000)
 (-6.281087172278862E-002,-0.175791691392365)
 (4.023244290553499E-002,-8.496646576706290E-002)
 (-5.550208150579457E-002,-2.628085940939249E-002)
 (-7.102723444659518E-003,1.500011507099293E-002)
 (3.192267465942101E-002,-1.140604044782056E-002)
 (-1.332436182121059E-002,4.760827348329113E-003)
 (-4.985246615474156E-003,1.052829927574073E-002)
 (-1.880115319621774E-002,6.717705596350039E-003)
 (3.703525233782851E-004,1.036476856225426E-003)
 (-4.235661818615101E-003,8.945235911133984E-003)
 (-1.970865533968148E-002,7.041959324086302E-003)
 (-1.128080012405367E-002,4.030672231298025E-003)
 (2.483601011900299E-003,1.175998553993490E-003)
 (-4.168183345111126E-004,-1.166599831257918E-003)
 (-8.956655033651197E-003,-4.241044335631906E-003)
 (-1.333606383457837E-003,-3.732449960833398E-003)
 (-6.916447424498175E-003,-3.275013096647196E-003)
 (-5.969325299170882E-003,-2.826558947911268E-003)
 (-6.602776838148483E-003,-3.126503235898644E-003)
 (7.129200101479612E-005,1.995275487104282E-004)
 (-3.308951783221804E-004,-9.261452680428881E-004)
 (-2.649353154838881E-003,-1.254491411689537E-003)
 (-1.288418291005250E-003,2.721031675256114E-003)
 (-2.327936583969581E-004,-6.515714062336552E-004)
 (-1.156271660092881E-003,2.441872839337222E-003)
 (-4.496590249229756E-003,-2.129184126881652E-003)
 (-3.141804367742447E-003,-1.487675727579414E-003)
 (-2.498304855108835E-004,-6.992219178120774E-004)
 (7.632698489612505E-004,2.136196025102849E-003)
 (-1.048105972765964E-003,2.213503340021268E-003)
 (-1.993005653134633E-003,7.121083210619593E-004)
 (4.216360180763648E-004,1.996468720115919E-004)
 (-7.530256137406259E-004,1.590326497637427E-003)
 (-1.566820112919053E-003,5.598374263797501E-004)
 (-2.775564184788261E-003,9.917115773554904E-004)
 (-1.292071260186836E-003,4.616666222378098E-004)
 (-2.389667146272122E-004,-1.131530367214297E-004)
 (-2.559203355441202E-004,5.404819351606018E-004)
 (-1.226756195358955E-003,4.383220724068915E-004)
 (-4.407714084943356E-004,9.308564992325393E-004)
 (-8.786720831925683E-004,3.139554080816816E-004)
 (-2.152914406992807E-004,-6.025279669819250E-004)
 (-5.971228184167213E-004,2.133554265446607E-004)
 (-7.114941979209016E-004,2.542232578777424E-004)
 (0.000000000000000E+000,0.000000000000000E+000)
 (0.000000000000000E+000,0.000000000000000E+000)
 (0.000000000000000E+000,0.000000000000000E+000)
 (0.000000000000000E+000,0.000000000000000E+000)
 (-9.099219017944531E-002,-0.212653784074395)
 (3.839585131708295E-002,-9.582985485705132E-002)
 (-5.117566053365523E-002,-2.050447990477092E-002)
 (-1.316874000687065E-003,3.286761727128614E-003)
 (4.426403745551848E-002,-1.894009960775839E-002)
 (1.290709895499990E-002,-5.522827417177373E-003)
 (-1.795437249554653E-003,4.481098653705346E-003)
 (-7.608550007084431E-003,3.255628221628139E-003)
 (-5.210205646725511E-004,-1.217658318976400E-003)
 (-4.577645538738107E-003,1.142501779569986E-002)
 (1.471336320827585E-003,-6.295680969709604E-004)
 (1.026907941586809E-003,-4.394015528237065E-004)
 (9.316361152252105E-003,3.732763410775789E-003)
 (-1.859212649239229E-004,-4.345332288176214E-004)
 (-5.497109827859466E-003,-2.202514479419412E-003)
 (1.390500257617494E-003,3.249662926855970E-003)
 (-8.518231717649583E-004,-3.413002412579368E-004)
 (-9.852211826293557E-004,-3.947537355808512E-004)
 (-3.516208664300938E-004,-1.408822644696725E-004)
 (-8.066367681823939E-004,-1.885148277773260E-003)
 (-5.580046188408801E-004,-1.304092338757683E-003)
 (1.644115777858917E-003,6.587462016591633E-004)
 (1.158397623595519E-003,-2.891151291652144E-003)
 (-1.341486899315671E-003,-3.135124410723192E-003)
 (1.410120370521398E-003,-3.519427672764786E-003)
 (9.909549084886806E-004,3.970449993694224E-004)
 (1.639752711027707E-003,6.569983216562029E-004)
 (-1.077698461103948E-003,-2.518645909494917E-003)
 (-3.268445857508913E-004,-7.638474635399491E-004)
 (7.950979368548779E-004,-1.984418902133495E-003)
 (1.278280961360929E-003,-5.469628954846710E-004)
 (1.155224405985097E-003,4.628602141685409E-004)
 (5.814910907238512E-004,-1.451296224054335E-003)
 (1.350050990322792E-003,-5.776742650467769E-004)
 (1.219011717581306E-003,-5.216063576785066E-004)
 (4.942745732385336E-004,-2.114921474083335E-004)
 (7.179175274372705E-004,2.876475581574563E-004)
 (-3.668175370574874E-005,9.154329065425868E-005)
 (-5.361751551584928E-004,2.294209607046810E-004)
 (8.037448981669396E-005,-2.006074029737929E-004)
 (1.450709810484198E-003,-6.207452391820145E-004)
 (-5.253623750210888E-005,-1.227722221755805E-004)
 (7.876110303545337E-004,-3.370125666952325E-004)
 (8.964056602805202E-004,-3.835626485966502E-004)
 (0.000000000000000E+000,0.000000000000000E+000)
 (0.000000000000000E+000,0.000000000000000E+000)
 (0.000000000000000E+000,0.000000000000000E+000)
 (0.000000000000000E+000,0.000000000000000E+000)
 (1.857662715427701E-003,4.365846527136734E-003)
 (-0.159694602816711,0.396251144141180)
 (0.101916707516701,4.107385718657927E-002)
 (2.057858731269444E-002,-5.106175856904296E-002)
 (1.518790096657231E-002,-6.462494275946193E-003)
 (-3.187039989368030E-002,1.356094742195956E-002)
 (6.108807095959806E-003,-1.515778517969666E-002)
 (-1.862803069860728E-002,7.926262746824966E-003)
 (-7.467031529778528E-005,-1.755145203226014E-004)
 (4.128117065385574E-003,-1.024311530679866E-002)
 (1.543109058382000E-002,-6.565957257927649E-003)
 (-8.931027156001912E-003,3.800164915196045E-003)
 (7.894593147043199E-003,3.181630575794222E-003)
 (-9.188544459816985E-004,-2.159441617630627E-003)
 (-3.663708615936209E-003,-1.476521023323960E-003)
 (-1.727776446977278E-004,-4.060533840736206E-004)
 (-1.891969823614750E-003,-7.625001102017561E-004)
 (2.812252161768337E-003,1.133379838276202E-003)
 (4.205687434667948E-003,1.694935293707715E-003)
 (1.025408422107647E-003,2.409877755688671E-003)
 (-1.000651013005344E-003,-2.351698637661154E-003)
 (2.320713708148219E-003,9.352778001748536E-004)
 (-1.276848221341208E-003,3.168225918752832E-003)
 (2.294284216708971E-004,5.391838357278299E-004)
 (5.540098737119527E-004,-1.374670617158434E-003)
 (1.694023203240774E-003,6.827106596382640E-004)
 (4.930359184856880E-004,1.987006912091425E-004)
 (3.538858478398881E-004,8.316998161292040E-004)
 (-2.311027438319111E-004,-5.431396248920592E-004)
 (6.821376105868469E-004,-1.692594582124909E-003)
 (4.538549538490088E-004,-1.931165501020226E-004)
 (8.350304475278877E-004,3.365309918292776E-004)
 (-2.072504522341251E-005,5.142935282490362E-005)
 (5.830650235211421E-004,-2.480923751279930E-004)
 (-1.173188495378736E-004,4.992158421187636E-005)
 (-9.024343320003900E-004,3.839874513415300E-004)
 (3.743907521698576E-004,1.508833806080920E-004)
 (1.195699715199444E-004,-2.966817609751819E-004)
 (-2.398539178871095E-004,1.020565700134438E-004)
 (2.366073937681160E-004,-5.870915403451662E-004)
 (9.447985269477360E-004,-4.020118799339932E-004)
 (1.965025271337499E-004,4.618224454972238E-004)
 (-3.066589980739163E-004,1.304855288862080E-004)
 (1.223261143069946E-003,-5.204960229779557E-004)
 (0.000000000000000E+000,0.000000000000000E+000)
 (0.000000000000000E+000,0.000000000000000E+000)
 (0.000000000000000E+000,0.000000000000000E+000)
 (0.000000000000000E+000,0.000000000000000E+000)
 AAAAAA           8
 (0.732756335887268,0.295579035960074)
 (3.814682251053658E-002,8.972954412105133E-002)
 (4.216534560505463E-002,-1.792580042775927E-002)
 (1.331918033545595E-002,-3.301895571749724E-002)
 (-7.936077467182627E-003,-1.866737466074952E-002)
 (-4.224985488915882E-003,1.047397007289259E-002)
 (-3.178959816440830E-004,7.880975532155702E-004)
 (-4.228398536730819E-003,-9.946073727804606E-003)
 (-1.451876765333632E-003,3.599279710667543E-003)
 (-3.663163476199456E-003,-8.616549940455517E-003)
 (-1.121849667724240E-002,4.769325860857135E-003)
 (-2.160020450375717E-002,-8.713082421417714E-003)
 (-2.057414500570488E-003,5.100469487434090E-003)
 (-1.435505783118621E-002,6.102770719975807E-003)
 (-1.486125600131841E-002,-5.994729902251054E-003)
 (-1.248361169771886E-002,5.307150103289211E-003)
 (-1.434358312999614E-002,-5.785904767465797E-003)
 (-1.025009605198644E-002,4.357628515965809E-003)
 (-7.935506623914883E-003,-3.201028268476516E-003)
 (-8.380768476218253E-003,3.562920819333773E-003)
 (-7.309597000059784E-003,-2.948555917673316E-003)
 (-1.618404668048843E-003,-3.806793171339800E-003)
 (-6.932325351383456E-003,-2.796355364607064E-003)
 (-4.984653885994584E-003,-2.010694622039348E-003)
 (-5.068225675257860E-003,2.154657152231975E-003)
 (-4.559783952408350E-003,1.938491720824133E-003)
 (-5.507168530894988E-003,2.341261429986541E-003)
 (-1.475007689611613E-003,-3.469518584580525E-003)
 (-1.453865927619003E-004,3.604531665748178E-004)
 (-2.994542568079886E-003,-1.207933306816013E-003)
 (-8.744452879227622E-004,-2.056905684604763E-003)
 (-3.773607853783018E-004,9.354868525406910E-004)
 (-1.239882927337463E-004,-2.916523462058028E-004)
 (-1.244709400276890E-003,5.291654212296455E-004)
 (-2.582196814040362E-004,6.401473547917928E-004)
 (-1.031154941661760E-003,4.383737423368976E-004)
 (-1.519296193483401E-004,-3.573690952541587E-004)
 (-1.639613349819322E-003,-6.613867388755765E-004)
 (8.661620467355870E-005,-2.147210130058318E-004)
 (-1.703150860557757E-004,4.222193290742471E-004)
 (-7.971341582067379E-004,3.388830175487548E-004)
 (-1.766401711039384E-004,4.378970753943952E-004)
 (-3.904299268907368E-004,-9.183884314037962E-004)
 (-1.215311245649692E-003,-4.902315846398531E-004)
 (-7.941883650262781E-004,-3.203597652894980E-004)
 (-8.078922271541561E-004,-3.258878499689464E-004)
 (4.964145958584827E-005,-1.230695616936488E-004)
 (-2.443958496870923E-004,-5.748704924788615E-004)
 (-0.300147151806955,-6.731256008742145E-002)
 (-8.125721771634802E-002,-0.128240257717702)
 (-5.219028584576983E-002,3.306948430202966E-002)
 (1.853866886588466E-003,-8.266401946411676E-003)
 (1.623490824967527E-002,2.562195555569006E-002)
 (-2.363274303635791E-003,1.053787928515142E-002)
 (-3.572390189265084E-003,1.592929825688101E-002)
 (8.780671721077694E-003,1.385767771561458E-002)
 (-2.837287275707324E-003,1.265149396608970E-002)
 (7.907907222182113E-003,1.248027962500798E-002)
 (-1.040366165052717E-003,6.592238617006949E-004)
 (6.485020744021797E-003,1.454359107628484E-003)
 (-4.262556570297451E-003,1.900683640680863E-002)
 (-4.788461017233357E-003,3.034133869757912E-003)
 (2.550960970517371E-003,5.721070029348087E-004)
 (-5.748367929483162E-003,3.642352782518627E-003)
 (-1.518563193709076E-004,-3.405837503098641E-005)
 (-5.157024215976308E-003,3.267666435543316E-003)
 (1.508664317280514E-003,3.383250781495806E-004)
 (-3.555804260766496E-003,2.253073623667829E-003)
 (1.754352736599909E-003,3.934425900063331E-004)
 (2.965047094992481E-003,4.679446687139973E-003)
 (1.611621128405517E-003,3.614295239569236E-004)
 (3.137876157191867E-004,7.037593371614158E-005)
 (-2.164471321368440E-003,1.371466666065514E-003)
 (-2.627260908675541E-003,1.664716130469486E-003)
 (-3.318796854133533E-003,2.102896729307126E-003)
 (1.895886516146509E-003,2.992103982715703E-003)
 (-6.773701025074453E-004,3.020399726036954E-003)
 (2.688835189345097E-003,6.030115080719736E-004)
 (1.964912271241260E-003,3.101028619184547E-003)
 (-8.488304906073614E-004,3.784957829373004E-003)
 (1.382548189489871E-003,2.181952253686996E-003)
 (-5.918435071882832E-005,3.749071043352090E-005)
 (-4.619380966120223E-004,2.059770475827749E-003)
 (-3.739390143367006E-004,2.369327265492235E-004)
 (7.910102972632318E-004,1.248386022363679E-003)
 (-2.285214651914922E-004,-5.124838154852177E-005)
 (-3.652742143732442E-004,1.628773627004184E-003)
 (-2.274021666063691E-004,1.013988423380318E-003)
 (-1.533758440637148E-003,9.718423295921755E-004)
 (-1.971011194539368E-004,8.788641805499345E-004)
 (4.172813668625454E-004,6.585536056908697E-004)
 (9.614737032502935E-004,2.156274046225565E-004)
 (1.304912268444738E-004,2.926805780311199E-005)
 (-1.403202272381671E-004,-3.147291115628703E-005)
 (-2.986962391665178E-004,1.331902393518148E-003)
 (5.005694601770614E-004,7.899943975155857E-004)
 (0.340462368318129,0.136579958086134)
 (5.894658026414552E-003,1.379224516338987E-002)
 (3.317114603826976E-002,-1.417698892424531E-002)
 (-2.192287305071866E-002,5.464866140528191E-002)
 (1.273505141147870E-003,2.979750633957497E-003)
 (1.930147380418778E-004,-4.811350052597814E-004)
 (7.259152257239736E-003,-1.809537798020942E-002)
 (-7.107633685435207E-005,-1.663016900387139E-004)
 (2.466162192104336E-003,-6.147583909361467E-003)
 (-3.794880492324989E-003,-8.879240532941760E-003)
 (-1.437043773192464E-002,6.141758871605442E-003)
 (-2.788210610593160E-003,-1.118515705008540E-003)
 (-4.478735592851506E-004,1.116432803380583E-003)
 (6.282524298899329E-003,-2.685075344307761E-003)
 (7.428735975715992E-005,2.979777312672577E-005)
 (3.209141834153190E-003,-1.371557617015368E-003)
 (-2.285793993295942E-003,-9.169725018161513E-004)
 (-4.886099674223386E-004,2.088259313620674E-004)
 (3.659047304485690E-004,1.467842092355221E-004)
 (5.156741786089507E-004,-2.203965414987370E-004)
 (1.265269836201305E-003,5.075764848741606E-004)
 (1.223660357843884E-003,2.863113994935495E-003)
 (1.569937043217192E-003,6.297956319227088E-004)
 (2.239306279974377E-003,8.983204319591154E-004)
 (-1.931904164562356E-003,8.256758209391529E-004)
 (-1.857430123029528E-003,7.938453796104131E-004)
 (-6.508959010300186E-004,2.781857969409272E-004)
 (5.717525099226647E-005,1.337774336722147E-004)
 (-5.117454940388660E-004,1.275663880132108E-003)
 (-5.833094911340453E-004,-2.340002996810124E-004)
 (4.409272966260087E-004,1.031678963170388E-003)
 (-1.627754419625644E-004,4.057613964241556E-004)
 (4.939477408817605E-004,1.155733599145002E-003)
 (-1.552220044882917E-003,6.634024305477987E-004)
 (-5.373346519676630E-004,1.339456688851244E-003)
 (-1.320853553525280E-003,5.645206409927260E-004)
 (8.827844800280252E-005,2.065539853094433E-004)
 (1.083588101784480E-005,4.347546034507578E-006)
 (-6.099544088711548E-004,1.520476652078556E-003)
 (8.471926742451572E-005,-2.111842040352541E-004)
 (6.867004040977657E-004,-2.934889729812948E-004)
 (2.092486920405279E-004,-5.216065992416538E-004)
 (-5.180384549542655E-005,-1.212095168690515E-004)
 (2.668314342253159E-005,1.070552894746450E-005)
 (6.339542296852483E-004,2.543175775922850E-004)
 (5.517767181388471E-004,2.213511383971601E-004)
 (-4.282343668265370E-004,1.067489988008447E-003)
 (2.346578568860703E-004,5.490536646380309E-004)
 (-0.123479971219475,-5.796331680383886E-002)
 (-0.132547451699770,-0.367079629063067)
 (-6.812995550413946E-002,2.460079702878805E-002)
 (-3.608090003345734E-005,7.684469935113128E-005)
 (1.402043342074987E-002,3.882849070266829E-002)
 (1.495188065065529E-002,-3.185218444498161E-002)
 (5.505985332030077E-003,-1.172948138151377E-002)
 (6.003227723154866E-003,1.662548427263641E-002)
 (4.892831941593357E-003,-1.042325753217949E-002)
 (5.802927636838534E-003,1.607076527269342E-002)
 (-5.443799347911771E-003,1.965681340774897E-003)
 (9.061492448627339E-004,4.253592360213097E-004)
 (-4.018756624617657E-003,8.561217070778893E-003)
 (8.673818224516175E-004,-3.132038932559556E-004)
 (2.476080034039044E-003,1.162304421208999E-003)
 (1.733956924983946E-003,-6.261082462353805E-004)
 (3.097849798936720E-003,1.454183892252317E-003)
 (-2.612028022607410E-003,9.431658224237460E-004)
 (-2.117996468077137E-003,-9.942198821890167E-004)
 (-1.603137306063121E-003,5.788722097012503E-004)
 (8.318046579267092E-004,3.904541055365274E-004)
 (-4.345984098601877E-004,-1.203576223245651E-003)
 (-1.482084654569762E-003,-6.957120484816439E-004)
 (-1.720708002067550E-003,-8.077223750946116E-004)
 (-1.292793189730996E-003,4.668104464686782E-004)
 (7.983698875657819E-005,-2.882700542201716E-005)
 (-5.210284546733255E-004,1.881365478447768E-004)
 (-9.993092895062043E-004,-2.767507994519040E-003)
 (1.440852902322931E-004,-3.069373957395394E-004)
 (-2.896757268425034E-004,-1.359815191453310E-004)
 (8.008137924899121E-005,2.217699501668046E-004)
 (5.026268925701355E-004,-1.070750820324852E-003)
 (-4.645868840771272E-004,-1.286637497807236E-003)
 (-4.193216386598602E-004,1.514106191255293E-004)
 (1.329305935143135E-005,-2.831838864271374E-005)
 (-2.400818536453617E-004,8.669113384562211E-005)
 (3.486878109460386E-004,9.656700047711713E-004)
 (1.470030750996833E-004,6.900680474928061E-005)
 (-8.256499721480562E-005,1.758876265182377E-004)
 (4.049061539439009E-004,-8.625753585270803E-004)
 (-7.119071497076264E-005,2.570678128732396E-005)
 (-1.090467628710726E-005,2.322942940822279E-005)
 (6.436438372790856E-005,1.782431026753590E-004)
 (-1.831384890420453E-004,-8.596996220837770E-005)
 (-2.547125865762378E-004,-1.195651318706522E-004)
 (-5.175560657939160E-004,-2.429469807938088E-004)
 (-2.502710476343766E-004,5.331536151390116E-004)
 (1.764155519197767E-004,4.885688588304956E-004)
 AAAAAA           9
 (-0.297325587346784,0.745016248954348)
 (-6.975181044648811E-002,2.995874751060764E-002)
 (2.440465935439123E-002,5.682051935703138E-002)
 (2.410041298116063E-002,-1.035123675765020E-002)
 (3.323771976895233E-002,1.326470656851176E-002)
 (1.095463719270191E-002,-2.744930896473129E-002)
 (-5.516250419188845E-003,-2.201453722325426E-003)
 (8.617325320272984E-003,-3.701180229842480E-003)
 (9.106534528958692E-003,-3.911293383915979E-003)
 (-2.782803589800137E-003,-1.110585165933898E-003)
 (-2.782804812710418E-003,-1.110573198365990E-003)
 (-3.157055617942649E-003,-1.259948773752445E-003)
 (-4.061464295213654E-003,-9.456163645179138E-003)
 (6.005310813462038E-003,-1.504765299551870E-002)
 (6.134074410094330E-003,-1.537030669273391E-002)
 (-5.067895028955075E-003,-1.179940425723093E-002)
 (-4.486959360099102E-003,-1.044680451133116E-002)
 (-4.215967491927637E-003,-9.815891384085637E-003)
 (2.876632664900179E-003,-7.208058295140855E-003)
 (-3.300723294030263E-003,-7.684953702478649E-003)
 (4.965200277909330E-003,-2.132574489918609E-003)
 (2.662611574016453E-003,-6.671779198535798E-003)
 (-2.111799893934710E-003,-4.916820050022757E-003)
 (-2.395870663037328E-003,-5.578228561801625E-003)
 (3.319947994187039E-003,-1.425929348774915E-003)
 (-1.800598665697342E-003,-4.192263945602249E-003)
 (2.263822563333590E-003,-5.672520509579572E-003)
 (1.771492130680743E-003,-4.438871105388150E-003)
 (1.077158847305990E-003,-2.699073723537845E-003)
 (4.181391904324194E-004,-1.795898392007044E-004)
 (-2.921235596450806E-004,-1.165880293267354E-004)
 (-2.921238690196975E-004,-1.165814360570867E-004)
 (-6.822051395864221E-004,-2.722605160793849E-004)
 (-4.284036042156020E-004,-1.709691196846915E-004)
 (1.682032502814918E-003,-7.224371047506355E-004)
 (-5.059311599821089E-004,-1.177944646621241E-003)
 (9.158806254433696E-004,-3.933744793774237E-004)
 (-7.221465444250865E-004,-2.881967180443303E-004)
 (3.170586229234916E-004,-7.944611854300632E-004)
 (-4.205954948889951E-004,-9.792647069943876E-004)
 (5.544059713515029E-004,-2.381178141305376E-004)
 (1.548032214392614E-004,6.177946291091577E-005)
 (1.548038741073021E-004,6.177980811340535E-005)
 (-2.416490956329325E-004,-9.643814709002896E-005)
 (-2.767325975193646E-004,-6.443051437312658E-004)
 (0.000000000000000E+000,0.000000000000000E+000)
 (0.000000000000000E+000,0.000000000000000E+000)
 (0.000000000000000E+000,0.000000000000000E+000)
 (9.677843213255521E-002,-0.327863334924603)
 (4.511780686045234E-002,-2.455252043370276E-002)
 (-2.784070697710103E-002,-5.116011116347175E-002)
 (-1.341880332252856E-002,7.302344709965840E-003)
 (2.570445689916524E-002,7.587427111149564E-003)
 (-1.854901067628479E-003,6.283983113897345E-003)
 (-1.467544848587006E-002,-4.331879924948621E-003)
 (-9.443041077465063E-003,5.138789554381119E-003)
 (-1.185460042824581E-002,6.451131839523494E-003)
 (-1.853397070428625E-002,-5.470844100315507E-003)
 (-1.853397466443946E-002,-5.470844335876961E-003)
 (-1.599510348734437E-002,-4.721423613508237E-003)
 (1.642018493541361E-003,3.017376727440969E-003)
 (-4.175103050629443E-004,1.414421615748913E-003)
 (2.660692122026326E-004,-9.013699078085385E-004)
 (-3.180219357715269E-003,-5.843974773064499E-003)
 (-3.306586255771251E-003,-6.076185225326988E-003)
 (-2.495469445474282E-003,-4.585674902172132E-003)
 (-4.809457523810578E-004,1.629354888593953E-003)
 (-1.929790334552572E-003,-3.546184419094630E-003)
 (-4.508467248866400E-003,2.453455730282664E-003)
 (-1.054428784874196E-004,3.572097525622288E-004)
 (-8.517909921147447E-004,-1.565254191590135E-003)
 (-2.052200396310892E-003,-3.771124340693837E-003)
 (-2.865373625620141E-003,1.559298309131552E-003)
 (-1.183795916176170E-003,-2.175340985546147E-003)
 (-1.807519989630032E-004,6.123373058686183E-004)
 (-5.632200674197896E-005,1.908090218109595E-004)
 (-5.940915272828220E-004,2.012642798409217E-003)
 (-2.005105593229114E-003,1.091155559733970E-003)
 (-1.729526456780143E-003,-5.105211134921750E-004)
 (-1.729526698443427E-003,-5.105198265621900E-004)
 (-3.346365881950315E-003,-9.877764623259632E-004)
 (-1.557103320337115E-003,-4.596252698323298E-004)
 (-1.861487638172940E-003,1.012997259682145E-003)
 (1.904352369469934E-004,3.499449007565478E-004)
 (-7.781609111407122E-004,4.234657107446141E-004)
 (-1.339136034229600E-003,-3.952847732192508E-004)
 (9.202470493523174E-005,-3.117570213879233E-004)
 (-2.859402007441732E-005,-5.254479784538793E-005)
 (-8.077999577208621E-004,4.395951548279674E-004)
 (-7.854610869961866E-004,-2.318508245233805E-004)
 (-7.854608832741901E-004,-2.318510747156945E-004)
 (-1.056455094154060E-003,-3.118415667085488E-004)
 (-7.473126306879180E-004,-1.373262862464279E-003)
 (0.000000000000000E+000,0.000000000000000E+000)
 (0.000000000000000E+000,0.000000000000000E+000)
 (0.000000000000000E+000,0.000000000000000E+000)
 (-0.215673617478756,0.303012200252514)
 (-0.125438441726805,2.112187485486467E-002)
 (1.752785105977508E-002,0.104094166677277)
 (2.294514033406937E-002,-3.863616457573812E-003)
 (-3.820915505596635E-002,-2.719594461802286E-002)
 (-1.034144396243330E-004,1.452892273436216E-004)
 (-1.263104207838693E-002,-8.990338106427789E-003)
 (6.531296533990239E-003,-1.099758924383524E-003)
 (1.485958957697639E-002,-2.502121229462926E-003)
 (1.699827003941733E-003,1.209872522765195E-003)
 (1.699825963434091E-003,1.209872603255411E-003)
 (-4.785222070157320E-003,-3.405964806827372E-003)
 (-1.656659185531864E-003,-9.838522523683247E-003)
 (6.704765804187646E-004,-9.419922913698731E-004)
 (2.158426474648519E-003,-3.032497525191533E-003)
 (5.248638452356510E-004,3.117055962661613E-003)
 (-8.857601780189037E-005,-5.260281863709785E-004)
 (2.254836234942100E-004,1.339093370201773E-003)
 (-1.115830110731348E-003,1.567703709367630E-003)
 (9.308733856855755E-005,5.528215068589035E-004)
 (-3.425846525693010E-003,5.768625423311846E-004)
 (-3.566060583632985E-004,5.010183734220289E-004)
 (-3.150026781654579E-004,-1.870735696039362E-003)
 (-1.704984964919565E-004,-1.012552365392324E-003)
 (-2.876417261801014E-003,4.843438531645587E-004)
 (-2.892610393218645E-004,-1.717856237816648E-003)
 (-1.464388738668623E-003,2.057405244784355E-003)
 (-1.571535423291195E-003,2.207943641213507E-003)
 (-2.236821291332468E-004,3.142637592480090E-004)
 (-2.184760751830063E-003,3.678798869476202E-004)
 (-8.187205451635411E-004,-5.827393633044580E-004)
 (-8.187198564017177E-004,-5.827364628662662E-004)
 (-1.259270000370248E-003,-8.963046518303790E-004)
 (-1.158069458661841E-003,-8.242731334708891E-004)
 (-1.126898743274089E-003,1.897509233690083E-004)
 (-1.569055386026893E-004,-9.318231706519689E-004)
 (4.236180654921263E-004,-7.133084610725694E-005)
 (4.031193520337131E-004,2.869280555503953E-004)
 (-5.409558444393946E-004,7.600211147178849E-004)
 (-8.621409184336399E-005,-5.120076044072048E-004)
 (-7.133401946009078E-005,1.201161239107597E-005)
 (-8.101186442151003E-004,-5.766127530990482E-004)
 (-8.101188047453088E-004,-5.766133626121309E-004)
 (-7.691419758575298E-004,-5.474462948674965E-004)
 (4.225094878682675E-005,2.509146554968879E-004)
 (0.000000000000000E+000,0.000000000000000E+000)
 (0.000000000000000E+000,0.000000000000000E+000)
 (0.000000000000000E+000,0.000000000000000E+000)
 (2.637046328260166E-008,-6.328892330401388E-008)
 (-3.193637657375097E-002,0.218674787693303)
 (0.165970164917473,2.423746510591440E-002)
 (1.232520676588769E-002,-8.439741042595171E-002)
 (2.854385681104016E-007,1.704266360434759E-007)
 (-1.009005523610131E-004,-1.354097373931831E-004)
 (-1.798330880628683E-002,1.340000971417714E-002)
 (-5.217531800898568E-005,3.585612940638602E-004)
 (1.205763085031564E-007,-1.920182207365735E-008)
 (-1.611716588191666E-002,1.200955915517057E-002)
 (1.611713001227006E-002,-1.200957723899682E-002)
 (-1.442368252662543E-002,1.074777708235843E-002)
 (-4.851999300122535E-004,-7.069420944543480E-005)
 (2.030240524859208E-008,-1.794941512401731E-008)
 (1.876464089026284E-003,2.518205108024185E-003)
 (-3.883746509593645E-003,-5.672042510818213E-004)
 (-3.607900099201650E-003,-5.268913531804841E-004)
 (4.163663777084499E-003,6.080396405561748E-004)
 (1.473916032226074E-003,1.978022131947486E-003)
 (3.854874697865623E-003,5.629494958576563E-004)
 (-4.400340912038399E-004,3.013134976939860E-003)
 (-1.454755153074988E-003,-1.952348562238957E-003)
 (4.779311377942721E-004,6.984257853629770E-005)
 (1.831174469034470E-003,2.674461655723840E-004)
 (2.326622473780643E-004,-1.593100680776038E-003)
 (-5.072072806197905E-004,-7.403625558994162E-005)
 (-9.155148547695537E-005,-1.228681000597688E-004)
 (4.527267757433842E-004,6.075788107911436E-004)
 (-6.382293730168274E-004,-8.565232276056221E-004)
 (1.343131223208845E-008,-7.053649340171140E-009)
 (6.641246092883252E-004,-4.948587896909042E-004)
 (-6.641246166088941E-004,4.948508878790190E-004)
 (-3.424972632869575E-005,2.554230109491765E-005)
 (2.107781857700978E-008,1.106941981307366E-008)
 (2.650051937923354E-004,-1.814596893489230E-003)
 (6.314486599020887E-005,9.237324242880980E-006)
 (-7.320403770245663E-005,5.013997192099681E-004)
 (-9.826432386333755E-004,7.322290664445297E-004)
 (1.177292855662295E-004,1.579899130441230E-004)
 (6.688848708673884E-005,9.778488761475000E-006)
 (4.443952830086877E-005,-3.042525279298329E-004)
 (5.772938961412557E-004,-4.301451387310822E-004)
 (-5.772691445227122E-004,4.301618074788619E-004)
 (-3.280230160310144E-004,2.444253978708720E-004)
 (1.037726760407795E-004,1.515699775235598E-005)
 (0.000000000000000E+000,0.000000000000000E+000)
 (0.000000000000000E+000,0.000000000000000E+000)
 (0.000000000000000E+000,0.000000000000000E+000)
 AAAAAA          10
 (0.901175992252834,9.462283636934393E-002)
 (7.270267777253252E-002,8.976132679195889E-002)
 (5.581873072919137E-002,-4.521072701452036E-002)
 (-1.527717979325512E-002,-1.886173995401312E-002)
 (2.160104852934988E-003,-2.057245774169352E-002)
 (-7.837004197551989E-004,7.463905618322860E-003)
 (-2.433466640244637E-002,-2.555125877876124E-003)
 (-6.480247464052184E-003,-8.000733097469521E-003)
 (-9.416127070927514E-005,8.969333297282106E-004)
 (-9.416567556966494E-005,8.969345646874209E-004)
 (-9.227812499156864E-003,7.474134780745365E-003)
 (-7.576556669942482E-003,-9.354290139246961E-003)
 (-4.934535255361880E-005,4.700242337908534E-004)
 (-1.391578062855855E-002,-1.461147244735431E-003)
 (-8.819595186692982E-003,7.143484789477827E-003)
 (-1.309585648932739E-002,-1.375052727333977E-003)
 (-6.746633824999728E-003,5.464486331523753E-003)
 (-6.376665184349761E-003,5.164817819539974E-003)
 (-6.585385964937313E-003,5.333868830150518E-003)
 (-7.487659497399379E-003,-7.862013814502839E-004)
 (-3.035318684778416E-003,-3.747508580204687E-003)
 (-3.570511039057791E-003,2.891959576518880E-003)
 (-5.663260214261509E-003,-5.946356416153225E-004)
 (-5.663260328681813E-003,-5.946397958350022E-004)
 (-3.349597952350410E-003,2.713028042454491E-003)
 (-3.859104979256330E-003,-4.052058828962330E-004)
 (-1.855637770547606E-003,-2.291036637198823E-003)
 (-2.670364705219782E-003,2.162877288069710E-003)
 (-3.194714115915605E-003,-3.354410942189767E-004)
 (-8.647737169338064E-004,-1.067684228282162E-003)
 (-5.673084535831889E-005,5.403052174276681E-004)
 (-1.266402394882440E-003,-1.563550343122366E-003)
 (-1.181724707369934E-003,9.571443839619764E-004)
 (-2.872544540816050E-005,2.736024660322050E-004)
 (-2.872666704223840E-005,2.736031546038316E-004)
 (-4.203769008980412E-004,-5.190128008193122E-004)
 (-4.203789517591594E-004,-5.190146151374437E-004)
 (-2.011256376703257E-005,1.915493313369665E-004)
 (-1.513745817405437E-003,-1.589399918405686E-004)
 (-1.513748218006845E-003,-1.589447394678203E-004)
 (-3.355704650822170E-005,3.195782208785584E-004)
 (-8.793862711519482E-004,7.122665805022788E-004)
 (-7.973943902173376E-004,6.458566692401903E-004)
 (0.000000000000000E+000,0.000000000000000E+000)
 (0.000000000000000E+000,0.000000000000000E+000)
 (0.000000000000000E+000,0.000000000000000E+000)
 (0.000000000000000E+000,0.000000000000000E+000)
 (0.000000000000000E+000,0.000000000000000E+000)
 (0.190592795795520,-0.181303316268594)
 (9.979855837290011E-002,2.492856811809250E-003)
 (1.745572174861222E-003,-6.988238876792395E-002)
 (-1.369903345257570E-002,-3.421850211929121E-004)
 (3.154184852185861E-002,3.315796131700198E-002)
 (-8.377437678837019E-003,-8.806678641167739E-003)
 (-5.580420926398728E-004,5.308411614795651E-004)
 (-9.587682073326963E-003,-2.394922858533668E-004)
 (-1.320998739430896E-002,-1.388682126973942E-002)
 (-1.320998190542126E-002,-1.388682524047892E-002)
 (-1.390834187411092E-004,5.567992307021980E-003)
 (-9.637556031938419E-003,-2.407353289005469E-004)
 (-6.784889584599675E-003,-7.132529892425863E-003)
 (1.314447800231138E-003,-1.250384766081800E-003)
 (2.524867778878398E-004,-1.010803686691526E-002)
 (1.722953807790397E-003,-1.638981694068097E-003)
 (1.532116646538551E-004,-6.133752598690861E-003)
 (1.614323345663451E-004,-6.462871021929903E-003)
 (1.722015846255854E-004,-6.893919651061137E-003)
 (1.198618771974029E-004,-1.140181211924368E-004)
 (-2.456678385790638E-003,-6.136759471767690E-005)
 (5.563322638778582E-005,-2.227122854912930E-003)
 (1.047200339121577E-003,-9.961647272016942E-004)
 (1.047204137964245E-003,-9.961620190154969E-004)
 (9.131246351468168E-005,-3.655552185510729E-003)
 (7.088296886224216E-004,-6.742838468798172E-004)
 (-1.026569153084928E-003,-2.563961658462349E-005)
 (5.942342186780454E-005,-2.378871244872215E-003)
 (-1.029692196811870E-003,9.795043214794355E-004)
 (-9.636545199646455E-004,-2.407100245623283E-005)
 (-1.564831575476254E-003,-1.645011811736027E-003)
 (-1.374926054497646E-003,-3.434168658662752E-005)
 (-1.305217870039446E-005,5.225101724936246E-004)
 (-8.779541923499392E-004,-9.229371174316244E-004)
 (-8.779538278569356E-004,-9.229373592060131E-004)
 (-9.090603036004444E-004,-2.270628970134302E-005)
 (-9.090612799031741E-004,-2.270776754894935E-005)
 (-1.205282493340003E-003,-1.267038184941924E-003)
 (4.541575597775487E-004,-4.320208084596435E-004)
 (4.541580798089367E-004,-4.320238829970977E-004)
 (-5.886164223000745E-004,-6.187756223840732E-004)
 (3.410602250038621E-005,-1.365395428116144E-003)
 (6.028705439931025E-006,-2.413191336111358E-004)
 (0.000000000000000E+000,0.000000000000000E+000)
 (0.000000000000000E+000,0.000000000000000E+000)
 (0.000000000000000E+000,0.000000000000000E+000)
 (0.000000000000000E+000,0.000000000000000E+000)
 (0.000000000000000E+000,0.000000000000000E+000)
 (8.465264818248619E-008,-9.142865877754106E-008)
 (-0.380475444154087,0.388432814351105)
 (9.122828878283396E-002,8.935934295397287E-002)
 (4.490037300729754E-002,-4.583942787882623E-002)
 (3.933640893723595E-008,4.009842859892300E-008)
 (-4.552430206414636E-002,4.711712671507801E-004)
 (-3.544476218574664E-006,-3.438843457060058E-004)
 (3.931641228832253E-003,-1.075948672294848E-002)
 (-5.221287571088402E-003,-5.985170491598272E-003)
 (1.644034959138194E-002,-1.701348875919064E-004)
 (2.185585832748163E-003,2.140809256355432E-003)
 (3.890896288934535E-003,-1.334997345160660E-002)
 (-1.404664017147869E-003,-3.933403005667779E-003)
 (-1.090231662989646E-003,-1.987208999754491E-003)
 (2.913224154577140E-003,-1.162506476651021E-003)
 (-3.183363264358264E-003,-2.232951847325637E-003)
 (7.511421196401355E-005,-1.102117207357592E-003)
 (2.728772127628268E-003,2.672888899323168E-003)
 (3.186352493813624E-003,3.121106649913549E-003)
 (3.132697690888493E-005,3.027830200571279E-003)
 (-3.116704545537074E-003,3.181876552800717E-003)
 (-4.782325278943926E-004,3.404670137958874E-004)
 (3.022725917273005E-004,-2.894643292522987E-003)
 (1.305466883691649E-003,1.492111100486325E-003)
 (-7.757308115004007E-004,7.213443493886403E-004)
 (5.027835171678811E-004,5.893282927797259E-004)
 (1.571262356783183E-003,-1.532034475855699E-004)
 (-1.845603880528910E-003,-9.124951581162336E-004)
 (6.579680403327503E-004,-5.739886125783511E-004)
 (1.494524373521721E-004,-5.513691113585034E-004)
 (-2.387610642320774E-004,-5.334162341776330E-004)
 (1.117060248423883E-003,-5.158851921997234E-005)
 (-1.093588130495858E-004,-1.371019460157589E-004)
 (3.276155409453139E-004,3.755507633959944E-004)
 (-1.031589658253661E-003,1.067006612221876E-005)
 (-8.372666088011543E-005,2.872634239107385E-004)
 (2.690058799802911E-004,-2.746354821329906E-004)
 (-5.903831956622077E-004,3.804932692396018E-004)
 (8.377689462688294E-006,8.100009393649710E-004)
 (2.948844376194389E-004,-2.572533564990663E-004)
 (-8.915442507302243E-004,4.891310679751135E-004)
 (-3.439769273484416E-004,-4.062505881414309E-004)
 (-2.934354983290159E-004,-3.156433845431805E-004)
 (0.000000000000000E+000,0.000000000000000E+000)
 (0.000000000000000E+000,0.000000000000000E+000)
 (0.000000000000000E+000,0.000000000000000E+000)
 (0.000000000000000E+000,0.000000000000000E+000)
 (0.000000000000000E+000,0.000000000000000E+000)
 (3.593916102789860E-007,6.400404704492378E-008)
 (0.258328326615902,1.070296823982508E-002)
 (2.514018597992126E-003,-6.067221441957132E-002)
 (-3.048571927543391E-002,-1.263233085085123E-003)
 (-9.692908162990517E-009,1.584313308541673E-007)
 (1.466099225227192E-002,1.592856139079800E-002)
 (-1.203145223691063E-004,1.107507449195090E-004)
 (1.617327599828909E-003,-9.868083786351794E-003)
 (1.635167042126711E-002,-9.871139098624289E-004)
 (-5.294634457328220E-003,-5.752219427697079E-003)
 (6.010904428296020E-005,-1.453471067491306E-003)
 (3.317617920670392E-003,-1.367422669338593E-002)
 (1.004275556362790E-002,-1.347880475766975E-003)
 (-1.193678070435512E-003,-1.958501516902549E-003)
 (5.897994074793052E-003,3.394745322395669E-003)
 (-2.253842917683802E-003,-6.957622386984963E-003)
 (1.705203072251599E-003,1.511168393788166E-003)
 (7.519554499256129E-005,-1.814766590121317E-003)
 (8.777599936301487E-005,-2.119076729902741E-003)
 (1.059375587839972E-003,-9.751121952083664E-004)
 (2.116135225009247E-003,8.768066408534192E-005)
 (-1.184991272027859E-003,-7.559777002141062E-004)
 (-8.579939745947790E-004,1.739232325410617E-003)
 (1.123168232933185E-003,2.653139270235026E-003)
 (-2.167033981735259E-003,-1.450677605274115E-003)
 (4.376054964055522E-004,1.016740901986089E-003)
 (-1.988867557654947E-003,2.054575514386123E-003)
 (-1.347810151979092E-003,3.870905984802297E-005)
 (1.085125476183136E-004,1.797566764230442E-003)
 (1.519433471157482E-004,-5.810348051306348E-004)
 (1.378634424629284E-003,-1.661649735596446E-004)
 (-1.450388288729857E-003,1.543575729593163E-003)
 (4.038508963412746E-005,1.124998181966854E-004)
 (-1.026019985274896E-003,6.195099397151882E-005)
 (3.322263205290851E-004,3.609472711847969E-004)
 (-7.139926275518859E-005,2.942525731825263E-004)
 (-1.826508802900131E-004,-7.571508486273289E-006)
 (-7.193035202178347E-004,3.810289433018074E-004)
 (2.833990285559637E-004,-2.608690584904353E-004)
 (4.863720106597195E-005,8.056118234227346E-004)
 (-8.786633422604614E-004,5.355507194399576E-004)
 (9.092588251925558E-005,3.207819704162869E-004)
 (3.278539695075856E-005,2.325995428558144E-004)
 (0.000000000000000E+000,0.000000000000000E+000)
 (0.000000000000000E+000,0.000000000000000E+000)
 (0.000000000000000E+000,0.000000000000000E+000)
 (0.000000000000000E+000,0.000000000000000E+000)
 (0.000000000000000E+000,0.000000000000000E+000)
 AAAAAA          11
 (0.791009952795549,0.137598556333632)
 (6.516758315572488E-002,9.261410657682748E-002)
 (4.023780982023809E-002,-2.831312080253838E-002)
 (6.034209928982647E-003,-3.468879284194398E-002)
 (-1.271780327443044E-002,-1.807417729125053E-002)
 (-2.200591541696105E-003,1.265053860963128E-002)
 (-9.668867986281740E-003,6.803457200807456E-003)
 (-6.756285181351430E-004,3.883929495804442E-003)
 (-5.088279439755404E-003,-7.231308561757669E-003)
 (-2.310277876708502E-002,-4.018786879001002E-003)
 (-5.477412321189754E-004,3.148735761065532E-003)
 (-5.868367537278518E-003,-8.339935518070123E-003)
 (-8.682418808069344E-004,4.991240127236009E-003)
 (-1.169049517717725E-002,8.225960046542169E-003)
 (-1.344755768149006E-002,-2.339240543687677E-003)
 (-9.597442942827713E-003,6.753207836181037E-003)
 (-1.380920719243309E-002,-2.402149579331683E-003)
 (-8.859223077832904E-003,6.233762070344969E-003)
 (-8.131810926146961E-003,-1.414561689443360E-003)
 (-7.504200582504843E-003,5.280295017860384E-003)
 (-6.429211582414914E-003,-1.118382098448240E-003)
 (-6.429228543193500E-003,-1.118390823321320E-003)
 (-2.026743507923336E-003,-2.880346682061200E-003)
 (-4.603274679949163E-003,-8.007577650538797E-004)
 (-3.831872569404429E-003,2.696278658784652E-003)
 (-1.838061782121349E-003,-2.612198564803219E-003)
 (-4.284818936281441E-003,3.014991914021554E-003)
 (-3.370965725159443E-003,2.371966178602360E-003)
 (-2.722827551636546E-003,-4.736397182064116E-004)
 (-8.707633938720270E-005,5.005901601813667E-004)
 (-1.043345318129724E-003,-1.482774422583568E-003)
 (-1.495439459260827E-004,8.596797907834423E-004)
 (-6.561560935664479E-004,-9.325059703778414E-004)
 (-1.292101705072734E-004,7.427812260590370E-004)
 (-2.342976725528442E-004,-3.329748714556730E-004)
 (-2.343021993524020E-004,-3.329772888667023E-004)
 (-9.798249661921216E-004,6.894486797101990E-004)
 (-1.709657203725989E-003,-2.973981853010687E-004)
 (-9.928641448791762E-005,5.707607183804086E-004)
 (-9.517387753071624E-005,5.471141390392120E-004)
 (-8.435119822484039E-004,5.935311009621413E-004)
 (-1.119128858837100E-003,7.874680556278423E-004)
 (0.000000000000000E+000,0.000000000000000E+000)
 (0.000000000000000E+000,0.000000000000000E+000)
 (0.000000000000000E+000,0.000000000000000E+000)
 (0.000000000000000E+000,0.000000000000000E+000)
 (0.000000000000000E+000,0.000000000000000E+000)
 (0.000000000000000E+000,0.000000000000000E+000)
 (0.291451639162936,-0.370977530484871)
 (0.160177887228105,-1.922968609539847E-002)
 (-9.041853087910532E-003,-7.531630650377064E-002)
 (2.851551781681304E-002,2.240269206204736E-002)
 (-2.500598721841607E-002,3.002014710624267E-003)
 (-7.184195599473810E-003,-5.644130345852645E-003)
 (6.989576089001118E-004,5.822134462541682E-003)
 (-1.419615977803074E-002,-1.115295144359851E-002)
 (-1.172992269160128E-002,1.408200913049442E-003)
 (-4.197576641048536E-003,5.342935055080518E-003)
 (-9.058297986891553E-003,-7.116481089969214E-003)
 (-1.360092284015195E-002,1.632816383560179E-003)
 (-1.353287907361227E-002,-1.063185823408415E-002)
 (-8.157141534549698E-004,-6.794685079555433E-003)
 (-8.320330812960533E-004,1.059071243925510E-003)
 (-7.051253752972388E-004,-5.873512752166649E-003)
 (-3.665403799178652E-004,4.665616689135578E-004)
 (-6.419312705360936E-004,-5.347140015501667E-003)
 (-6.083272584379556E-004,7.743119422069105E-004)
 (-4.959871130445350E-004,-4.131418657112391E-003)
 (-2.785448323081732E-004,3.545466057273342E-004)
 (-2.785468805137569E-004,3.545494746462110E-004)
 (-3.044688747669480E-003,3.655198649170159E-004)
 (3.024927216790444E-004,-3.850341687916153E-004)
 (-1.733172114958882E-004,-1.443673596071136E-003)
 (-2.397695012361915E-003,2.878493362899522E-004)
 (-3.272986772052688E-004,-2.726277049362587E-003)
 (-1.836785058854764E-004,-1.529990967491234E-003)
 (-1.345910115577171E-003,1.713159383666701E-003)
 (-1.191972103078682E-003,-9.364530674951082E-004)
 (-2.174780270749855E-003,2.610872451311893E-004)
 (-1.327478399103913E-003,-1.042911641214080E-003)
 (-1.051897859116145E-003,1.262836016052118E-004)
 (-1.781393302333834E-003,-1.399518711245535E-003)
 (-1.211550703108494E-003,1.454493542045081E-004)
 (-1.211550484710827E-003,1.454499605042140E-004)
 (6.427455834565654E-005,5.353826539514337E-004)
 (1.515657205876307E-004,-1.929212126579362E-004)
 (-8.143279208319390E-004,-6.397610176332418E-004)
 (-6.955600643870117E-004,-5.464529136982332E-004)
 (1.081961738368605E-005,9.012511168968091E-005)
 (-1.059180429737326E-004,-8.822566950044239E-004)
 (0.000000000000000E+000,0.000000000000000E+000)
 (0.000000000000000E+000,0.000000000000000E+000)
 (0.000000000000000E+000,0.000000000000000E+000)
 (0.000000000000000E+000,0.000000000000000E+000)
 (0.000000000000000E+000,0.000000000000000E+000)
 (0.000000000000000E+000,0.000000000000000E+000)
 (0.107150371244683,9.193149784013133E-002)
 (-2.344925560897285E-002,-0.306745647490550)
 (-2.267950906666927E-002,1.733754695917201E-003)
 (-2.709569477088852E-002,3.158125693786021E-002)
 (2.827648033392544E-003,3.698924942068862E-002)
 (1.030868955257300E-002,-1.201525366348371E-002)
 (-1.371484047466343E-002,1.048433859418095E-003)
 (9.061727725212866E-003,-1.056186690890964E-002)
 (5.411820362992152E-004,7.079386535379584E-003)
 (1.031912051041967E-003,8.853567738502331E-004)
 (2.809819370378070E-003,-3.274976790727620E-003)
 (-6.654071990375621E-005,-8.704010003893780E-004)
 (-8.815389902380073E-003,1.027474616274023E-002)
 (5.371117955301853E-003,-4.105919883722708E-004)
 (1.257875051845374E-003,1.079231084879109E-003)
 (1.147940064744045E-003,-8.774779283887371E-005)
 (-2.662985433416165E-003,-2.284739291108775E-003)
 (-4.071262274008457E-003,3.112353670541334E-004)
 (3.491586765351952E-004,2.995600261890004E-004)
 (-2.427792624920986E-003,1.855896065292066E-004)
 (1.697045232777189E-003,1.456002819865217E-003)
 (1.697042038560316E-003,1.456004109553297E-003)
 (3.224848275180391E-005,4.218239042373094E-004)
 (1.442281501987380E-003,1.237424261076115E-003)
 (-2.824013012145295E-003,2.158810248786382E-004)
 (2.603432865882426E-004,3.405724825660113E-003)
 (-2.940362996836929E-003,2.247713660212161E-004)
 (-1.596642813011124E-003,1.220556479557347E-004)
 (1.115232958460069E-003,9.568347830920873E-004)
 (-7.948493079736817E-004,9.264347910155654E-004)
 (2.101050225498376E-004,2.748483314222511E-003)
 (5.251183598525970E-004,-6.120392364870360E-004)
 (-7.381678675043189E-006,-9.649056107196715E-005)
 (-9.911418910288686E-004,1.155223857126746E-003)
 (9.613698374417122E-005,1.257628216055931E-003)
 (9.613945567757171E-005,1.257627998003267E-003)
 (-9.542112869866989E-004,7.294465310887072E-005)
 (-1.557959351734699E-004,-1.336684620962558E-004)
 (5.219978545676863E-005,-6.083986084816079E-005)
 (-8.466150736865584E-004,9.867653877599584E-004)
 (-3.624121170964983E-004,2.770567105941758E-005)
 (4.720898846661996E-004,-3.609331015669696E-005)
 (0.000000000000000E+000,0.000000000000000E+000)
 (0.000000000000000E+000,0.000000000000000E+000)
 (0.000000000000000E+000,0.000000000000000E+000)
 (0.000000000000000E+000,0.000000000000000E+000)
 (0.000000000000000E+000,0.000000000000000E+000)
 (0.000000000000000E+000,0.000000000000000E+000)
 (3.524184867966860E-007,5.449974474595539E-008)
 (0.229538416101266,0.556939482457897)
 (5.834236958404136E-002,-2.404546651604963E-002)
 (3.510582712569293E-008,4.852167440474834E-008)
 (-2.061425265065673E-002,-5.001724899077949E-002)
 (-1.896152366820952E-002,4.554913757965565E-002)
 (5.250849516483551E-003,-2.164094983827361E-003)
 (-5.390983594479608E-010,2.462996073429571E-008)
 (-6.447659063741535E-003,-1.564423880117408E-002)
 (-8.070155620084902E-004,-3.359646916203460E-004)
 (6.055061143260129E-004,-1.454511718701845E-003)
 (-7.182123063704436E-003,-1.742628167931003E-002)
 (4.328981933088455E-003,-1.039903047726784E-002)
 (3.024529791884934E-003,-1.246537951209017E-003)
 (-3.311828594985239E-003,-1.378675411395618E-003)
 (-4.663242030000058E-008,1.898716244691869E-008)
 (-3.961167319519021E-003,-1.648995373310403E-003)
 (3.353721862350368E-003,-1.382217192169108E-003)
 (2.200326221873283E-003,9.159621452255148E-004)
 (2.699422819336654E-003,-1.112558645911887E-003)
 (-2.136711097008288E-003,-8.894928227566028E-004)
 (2.136717702676809E-003,8.894866902652797E-004)
 (1.262799253772947E-003,3.063975903000480E-003)
 (7.178940736553280E-004,2.988451138827690E-004)
 (1.647211719375696E-004,-6.788487815880711E-005)
 (-1.247622968809037E-004,-3.027176819747986E-004)
 (-4.455405464165279E-004,1.836310441959078E-004)
 (-1.618763627107914E-003,6.671628132876039E-004)
 (6.559374188860964E-009,-3.147944712078372E-009)
 (7.043898444213428E-010,1.281606618814221E-009)
 (-5.699034337183874E-006,-1.382701749779952E-005)
 (1.850977737288607E-004,-4.446465492190033E-004)
 (-2.911429012266888E-004,-7.064025202919533E-004)
 (-4.645411923779427E-004,1.115919531238128E-003)
 (3.598529232425055E-004,8.731433054077811E-004)
 (-3.598601591843816E-004,-8.731493860154347E-004)
 (1.023359207533720E-005,-4.219449430389611E-006)
 (3.209424758928834E-004,1.336098659535318E-004)
 (-3.724884848573551E-004,8.948022586686447E-004)
 (-3.294880437291947E-004,7.914964274140311E-004)
 (-2.645864302995211E-004,1.090513507423651E-004)
 (-3.980920936135942E-004,1.640750258476281E-004)
 (0.000000000000000E+000,0.000000000000000E+000)
 (0.000000000000000E+000,0.000000000000000E+000)
 (0.000000000000000E+000,0.000000000000000E+000)
 (0.000000000000000E+000,0.000000000000000E+000)
 (0.000000000000000E+000,0.000000000000000E+000)
 (0.000000000000000E+000,0.000000000000000E+000)
