 AAAAAA
 (7.205643051029015E-002,5.314937922580053E-003)
 (-4.481055794644008E-004,4.918448028601136E-004)
 (-3.269779676184192E-003,-4.138341449654452E-003)
 (-6.015823587496510E-003,-6.953861655464473E-003)
 (6.470114345111678E-004,-9.262422926528647E-003)
 (5.784767962760413E-004,-9.301184083132056E-003)
 (-9.333601263369512E-003,-6.899153987511658E-004)
 (4.843846081051414E-004,-7.238469834105869E-003)
 (7.686057651759325E-004,-7.296461361240168E-003)
 (1.540960468261431E-004,-9.037338811276603E-005)
 (-6.690079120110014E-003,-5.355204286114848E-004)
 (1.313407631752003E-004,8.835663217504641E-005)
 (-4.506459168291191E-005,-7.020297342579418E-005)
 (7.773229729610360E-005,1.358882993422005E-004)
 (-4.317778703487050E-003,-5.317266170018012E-003)
 (-4.204388259332261E-003,-4.790448751082912E-003)
 (-4.095400962995835E-003,-4.798629568890455E-003)
 (-3.873583500016473E-003,-3.129096586199386E-004)
 (2.759283702270250E-004,-3.255502911016590E-003)
 (2.239514627272506E-004,-2.415964778509258E-003)
 (2.560014610187601E-006,5.725622891394774E-005)
 (-2.000772065741556E-003,-2.318895279980598E-003)
 (-1.876038212095911E-003,-1.771405733334544E-004)
 (-1.925703823868802E-003,-1.549896227987638E-004)
 (-3.385990074778085E-006,1.209303040928340E-005)
 (1.026587120308757E-004,-1.691231418396992E-003)
 (1.913416287387971E-004,-1.771201931729063E-003)
 (2.258302614666552E-005,-3.046602691397451E-006)
 (1.836308582139830E-004,-1.608013670955077E-003)
 (8.005044082995785E-005,-1.630509165272506E-003)
 (-1.546074983584449E-003,-1.479043203831370E-004)
 (-1.285111065749352E-003,-1.597619594766709E-003)
 (-1.221602779812148E-003,-1.399101910480582E-003)
 (-1.144003144181447E-003,-9.227460387615091E-005)
 (-1.144954476781573E-003,-1.215693542148880E-004)
 (-1.035567870724485E-003,-1.199702467246942E-003)
 (1.378558932449100E-005,-4.946407505757345E-006)
 (-9.191137690684923E-004,-1.064388803131644E-003)
 (-8.581677826010382E-004,-6.085198096372408E-005)
 (-7.532076739109178E-004,-6.871658000695273E-005)
 (-6.139303887308894E-004,-7.660911723873455E-004)
 (-5.065127088588412E-006,2.770637375554329E-005)
 (1.234796095939305E-005,1.177883181027844E-005)
 (0.000000000000000E+000,0.000000000000000E+000)
 (-5.850989609821321E-002,6.913935224016170E-002)
 (1.706461791516331E-002,0.121631851580295)
 (-5.854573281045672E-003,-3.304123457345849E-004)
 (-3.295845728755922E-002,3.929947294972268E-003)
 (1.082639253618951E-002,8.931206479466186E-003)
 (1.033513259752238E-002,8.007867192274963E-003)
 (-2.428811976037656E-002,3.226643297956453E-002)
 (3.666194962717595E-003,3.510553096793452E-003)
 (3.834762483953859E-003,3.039122156931815E-003)
 (1.072992196939474E-003,8.873543233548369E-003)
 (-6.198601350425694E-003,8.112288553702529E-003)
 (1.190397533806138E-003,9.632264036846454E-003)
 (1.253166709363847E-003,1.006248920562102E-002)
 (1.017650680248988E-003,1.036880391790512E-002)
 (-2.056834270816109E-003,8.400239064379098E-005)
 (-1.675758738497701E-003,2.293215852766065E-004)
 (-1.877226682869573E-003,8.499343247418001E-005)
 (-3.408427151192597E-003,4.399885514237265E-003)
 (1.413789184523812E-003,1.110587905114773E-003)
 (1.616832259332743E-003,1.142157554678583E-003)
 (6.433124236587567E-004,4.089176965776648E-003)
 (-4.599832749084061E-004,1.130277436654313E-004)
 (-1.375933948830651E-003,1.779322363602035E-003)
 (-1.380160290006740E-003,1.890736032732996E-003)
 (3.634888322203278E-004,2.744487040630352E-003)
 (9.261528444667347E-004,7.651433799511914E-004)
 (8.972200626550584E-004,6.156451698657696E-004)
 (2.333957576244614E-004,2.075537776088728E-003)
 (5.610847451149219E-004,4.833757310872806E-004)
 (5.301310276081497E-004,5.286007361728959E-004)
 (-3.371328678783925E-004,3.296524103640738E-004)
 (-1.268361102757852E-003,8.676892680499281E-005)
 (-9.070761074878144E-004,1.844423138052175E-004)
 (-2.150321214254247E-003,2.830489240610892E-003)
 (-2.175679753716517E-003,2.727490431755960E-003)
 (-8.148163194566491E-005,1.211302055789319E-005)
 (3.511844070609764E-004,2.985246169030484E-003)
 (1.540703113993602E-004,-9.035451216872498E-006)
 (-5.894487335538251E-004,7.549747636378043E-004)
 (-2.675447717917071E-004,3.370589353016158E-004)
 (-7.305036075067685E-004,7.424920915630875E-005)
 (7.387458474534197E-005,5.387786761738776E-004)
 (4.819061599534552E-005,2.410216606838313E-004)
 (0.000000000000000E+000,0.000000000000000E+000)
 (-0.128069244695408,5.867187989743322E-002)
 (-0.200967547502747,2.932522224535596E-002)
 (2.064738563724496E-002,-7.877655549282351E-003)
 (-1.988693199077732E-003,-1.104135096209501E-002)
 (-2.381561150995190E-002,1.374498202753833E-002)
 (2.330941438326324E-002,-1.359064418503970E-002)
 (4.834747474420913E-003,-2.517938561147692E-003)
 (-1.487908800252207E-003,3.603335666180979E-003)
 (3.313223060971763E-003,8.198735658241939E-004)
 (-2.196386640506682E-003,2.016570118654657E-003)
 (-8.423768749893079E-004,2.136882610798916E-004)
 (2.249357369967864E-003,9.980303540379550E-004)
 (-1.215232320497275E-003,7.052131047504837E-004)
 (-5.751696762160744E-004,-1.145805407762197E-003)
 (9.158160810002111E-005,2.715666803686498E-004)
 (4.485725714687869E-005,-3.389220722122565E-005)
 (1.866012032834591E-005,-8.652111397160410E-006)
 (2.814380897538908E-004,-2.525661196528372E-004)
 (6.808644535942605E-004,-8.324365986418053E-004)
 (4.653392024161638E-004,-2.742998794181968E-004)
 (2.411460993061170E-004,-4.433785293245595E-005)
 (3.814442010382119E-005,1.932471356642331E-004)
 (3.929948716746354E-004,4.353251504153072E-004)
 (-2.127944822840289E-004,-5.857322359773306E-004)
 (-6.914388260804906E-004,-8.780470869314185E-004)
 (-8.558953976907980E-004,-3.677860373102622E-004)
 (-2.235728329216755E-004,1.020183488391659E-003)
 (-1.398914443795754E-003,4.317564956900348E-004)
 (8.567865287543977E-004,2.343902506690061E-004)
 (-8.642275947365655E-004,7.305769885445142E-004)
 (-3.537198942742508E-004,-1.071164660853227E-004)
 (1.362043091973906E-004,-4.090485710316494E-004)
 (-4.375453857367486E-004,-1.973580662606819E-005)
 (1.406919269090998E-004,-1.751104889444254E-004)
 (-8.348529901197556E-006,1.834698266613741E-004)
 (3.429135962931290E-004,2.546632681761410E-004)
 (6.373541015297917E-004,5.370625087893841E-004)
 (4.143397460694323E-005,-4.080016125177544E-004)
 (-5.294307165559801E-004,-4.085929737700115E-004)
 (1.076017883930481E-004,4.413600274760771E-004)
 (-2.039819968733756E-005,8.254245573997138E-008)
 (-7.329710895143959E-004,-1.846801903238422E-004)
 (-1.149103844351846E-004,2.526198820484295E-004)
 (0.000000000000000E+000,0.000000000000000E+000)
 (-0.159053381934114,-0.109075343199971)
 (-6.606671040331337E-002,0.145923930814252)
 (-5.314728016053840E-003,2.709756294866744E-002)
 (-9.213177734439654E-003,-3.846740593479973E-003)
 (1.749563583074627E-002,9.833312931470373E-003)
 (-1.717261913367309E-002,-1.007651022888496E-002)
 (6.247105351655940E-003,4.948732796001869E-003)
 (3.916904656784412E-005,3.686647706640688E-003)
 (-3.505275219940369E-003,1.541187143682761E-003)
 (-2.969946124367825E-003,1.440180227273093E-003)
 (-8.257252419551826E-004,-6.193927285560120E-004)
 (-8.708404869459424E-004,-1.879736398380736E-003)
 (-1.071766885949625E-003,6.823855363554091E-004)
 (1.547396116881079E-003,3.229884344212082E-004)
 (2.511972086329510E-004,4.367025512874543E-005)
 (1.840517128598606E-005,-1.389475059507805E-005)
 (3.572753140182306E-005,-5.003820399554282E-005)
 (4.256896814402322E-004,3.068360732656260E-004)
 (-2.556997467745480E-004,-8.707841422274719E-004)
 (-3.206576277014740E-004,-2.085090096522106E-004)
 (1.298146815577017E-004,-2.275003585964969E-004)
 (1.283684852121510E-004,5.602450269293698E-005)
 (3.865386706197996E-004,-2.723735935912816E-004)
 (-7.766227835660945E-005,4.664130693768936E-004)
 (1.085137844580007E-003,5.168021398843257E-004)
 (9.919390453986402E-004,-6.618740559102853E-004)
 (-1.969849366441379E-004,1.022644202381798E-003)
 (-8.094226136746633E-004,9.537606386335986E-004)
 (-9.172938191878632E-004,4.107713924847339E-004)
 (5.814326369880352E-004,4.838030793749458E-004)
 (-3.323951609017142E-004,-8.183050797340441E-005)
 (-2.269547949004427E-004,1.579841983245325E-004)
 (-1.804543504155785E-005,-5.977219557190621E-004)
 (2.541980705677491E-004,1.335432781487050E-004)
 (1.298960850662520E-005,-1.811141823542898E-004)
 (2.414446505553934E-004,4.799795730872210E-004)
 (-5.958634608528614E-004,-5.198994249416726E-004)
 (-2.995341680932349E-004,-1.812692821999098E-005)
 (-5.137256993986393E-004,1.764907048082929E-004)
 (8.134811501928942E-005,-3.769419597059822E-004)
 (2.026812182160072E-005,1.123120176947453E-005)
 (1.603565811272045E-004,5.147827057158178E-004)
 (-3.533010914134499E-004,6.381292948792384E-005)
 (0.000000000000000E+000,0.000000000000000E+000)
 AAAAAA
 (8.874440517472174E-002,3.169336463836352E-002)
 (-7.773024872825742E-004,1.246708179254673E-003)
 (-5.197946957242499E-004,-2.002598720154261E-003)
 (-4.379538799162602E-003,-9.931885509881770E-003)
 (3.085080833882312E-003,-8.300254237399791E-003)
 (3.398044821776395E-003,-8.560608509622501E-003)
 (-8.427625407494071E-003,-3.335088307073515E-003)
 (2.859126005335626E-003,-7.535648506450134E-003)
 (3.628157920233896E-003,-7.851166460098853E-003)
 (8.673043368932591E-005,1.479347166254939E-004)
 (-6.739692134099437E-003,-2.739044162438263E-003)
 (1.572184877696265E-004,-3.170091973530914E-005)
 (-4.148297825335833E-005,1.133918690936907E-004)
 (-3.546295627163350E-003,-7.160680631023058E-003)
 (-1.680924142133692E-005,9.616355082011155E-005)
 (-4.912443846849652E-003,-2.012610302394667E-003)
 (-2.961260356669903E-003,-6.649114042576597E-003)
 (-2.717915463591952E-003,-5.786441117822790E-003)
 (1.210897332185531E-003,-3.139528016809454E-003)
 (9.896401454002248E-004,-2.465553241127991E-003)
 (-2.182359958500884E-005,1.159237764529498E-004)
 (-5.449101796744312E-005,9.821679904628425E-005)
 (8.616981757874978E-004,-1.921932783354752E-003)
 (-1.998489732743151E-003,-6.959531168367475E-004)
 (-1.927435301868910E-003,-6.864898613703474E-004)
 (-1.107815418788599E-003,-2.443652541001267E-003)
 (-1.069824255404099E-003,-2.290907479853358E-003)
 (-9.711838552865797E-004,-2.146199407934969E-003)
 (-1.422237836074194E-003,-5.170854292265129E-004)
 (5.658099862542450E-004,-1.449680319514193E-003)
 (5.166786364637389E-004,-1.390990432825135E-003)
 (2.752813748597516E-005,4.161881322240407E-005)
 (-1.302682282050315E-003,-4.817924544226575E-004)
 (5.401330249553411E-004,-1.343994572257380E-003)
 (-1.247223738703820E-003,-4.787821912641068E-004)
 (1.204258640085266E-005,1.594662931234754E-005)
 (-5.489855968885006E-004,-1.209785941703325E-003)
 (-5.250468503087615E-004,-1.133515953420519E-003)
 (-4.790114956070180E-004,-1.075020137812646E-003)
 (-7.410376430372430E-004,-2.416304334921664E-004)
 (-6.707788696126025E-004,-2.485402347107272E-004)
 (1.238601961032961E-005,1.359461611815911E-005)
 (0.000000000000000E+000,0.000000000000000E+000)
 (0.000000000000000E+000,0.000000000000000E+000)
 (2.616541396721945E-002,-4.346881740761700E-002)
 (-1.948160550157121E-002,-5.862574632997761E-002)
 (1.854407217843075E-002,-6.864280463934643E-003)
 (1.592083757290853E-002,-4.967872385718737E-003)
 (-1.174755838464787E-002,-6.495255714919850E-003)
 (-1.203881120989743E-002,-6.587787991137056E-003)
 (1.360154987956637E-002,-2.580541690320798E-002)
 (-5.225388000863551E-003,-2.543474053892747E-003)
 (-5.371613177064093E-003,-2.570217435778885E-003)
 (-2.885561872291202E-003,-1.035504029718520E-002)
 (5.598620334671978E-003,-1.014429761319213E-002)
 (-3.030256525237917E-003,-1.051294605033647E-002)
 (-3.244968338149374E-003,-1.067816325658742E-002)
 (2.181440260832162E-003,-7.542052734286697E-004)
 (-2.980003250099790E-003,-9.069856118830315E-003)
 (3.602406563966546E-003,-6.260243468558512E-003)
 (2.027107312899391E-003,-5.805313691166398E-004)
 (1.295405659948263E-003,-3.606996183343814E-004)
 (-2.413817570405121E-003,-1.295081528265319E-003)
 (-2.378201700754830E-003,-1.287382288871269E-003)
 (-1.540450699341653E-003,-5.273424279107619E-003)
 (-1.192934323193788E-003,-3.773448798067685E-003)
 (-1.846817516911323E-003,-8.882993272402558E-004)
 (1.224450085399655E-003,-2.389459309004566E-003)
 (1.274775891353243E-003,-2.449142027754354E-003)
 (2.993576169031814E-004,-1.746101721745065E-004)
 (5.708962652954048E-004,-1.241531738613512E-004)
 (1.040055805161755E-003,-2.568594377525609E-004)
 (1.705841966441104E-003,-3.128113562779162E-003)
 (-7.192606727994240E-004,-3.862798668366212E-004)
 (-6.652101564506624E-004,-2.702852521853504E-004)
 (-4.775782673926990E-004,-1.628565445344272E-003)
 (1.642179105521525E-003,-3.009686709139738E-003)
 (-5.006123690619228E-004,-3.033588915949448E-004)
 (1.879599258618812E-004,-3.540841397971207E-004)
 (-8.590659650132993E-004,-2.855274690975547E-003)
 (-9.136253561368643E-005,4.579371124988259E-005)
 (8.367418022130128E-004,-2.429527990080904E-004)
 (2.409335718322133E-004,-8.781078267352285E-005)
 (4.216004990031684E-004,-8.139295559843722E-004)
 (2.996489682095250E-004,-5.927467362221159E-004)
 (-2.262664958678863E-004,-6.549806716850817E-004)
 (0.000000000000000E+000,0.000000000000000E+000)
 (0.000000000000000E+000,0.000000000000000E+000)
 (-5.064352550588071E-003,1.672218582274002E-002)
 (-0.158446327939294,5.496343029471877E-003)
 (-2.439502742670116E-004,-4.088484577293217E-002)
 (-7.305020228145116E-004,-1.370892325861702E-002)
 (-2.085774388766913E-002,1.982920317552984E-002)
 (1.947036713593190E-002,-1.916438546312678E-002)
 (7.202282411635098E-004,1.211074024829086E-004)
 (-4.542563411945410E-003,4.468321136412625E-003)
 (4.183232620286417E-003,-4.061074987128318E-003)
 (-2.438542787297728E-003,-2.287186762617883E-005)
 (1.135077415073422E-004,6.988144072445383E-005)
 (2.439195169983956E-003,-1.300154820012811E-004)
 (-8.144526627852563E-004,-1.304415854622346E-004)
 (5.534422214932284E-005,1.221025420727313E-003)
 (-5.200326005482251E-004,-1.499588076647771E-004)
 (1.067471774068642E-004,-6.771932712875013E-006)
 (9.941130531725096E-006,6.416389337190703E-005)
 (2.249167028879216E-005,-2.998319559620580E-004)
 (7.744009996545101E-004,-7.682195631442850E-004)
 (4.997834546960706E-004,-5.418788823268708E-004)
 (2.716775486724305E-004,-6.227486648805879E-005)
 (-8.605766088805636E-004,-7.850240129797295E-005)
 (-5.694884783700145E-004,4.479508909742766E-004)
 (2.532887700470105E-004,1.786090102792089E-004)
 (-1.403295319882757E-004,-2.290362610132792E-004)
 (2.475842605020493E-005,5.007308809254902E-004)
 (1.150099153734169E-005,3.251770651571497E-004)
 (-1.255460457120995E-005,-6.943500764416980E-004)
 (4.108494333508791E-005,-5.212089107711495E-007)
 (-1.159091538171391E-003,1.114044153516461E-003)
 (-7.715977917442361E-004,7.827687842778875E-004)
 (-1.344387853504683E-003,2.861613673990664E-006)
 (1.356013246324343E-004,7.218630325776641E-005)
 (7.443448205490620E-004,-7.327285361260399E-004)
 (-7.792866226268897E-005,-7.119705056512446E-005)
 (8.707978416562061E-004,2.788220699643827E-005)
 (9.966993690804587E-006,-5.790442042720319E-004)
 (5.243970056822423E-006,7.883849626064558E-005)
 (-4.785382527831258E-006,1.702529173568673E-004)
 (-1.301824083311152E-004,-1.379798838521712E-004)
 (1.072413786955686E-004,1.203533338603050E-004)
 (-5.949908316437625E-004,-8.620781915358106E-006)
 (0.000000000000000E+000,0.000000000000000E+000)
 (0.000000000000000E+000,0.000000000000000E+000)
 (9.529580430069484E-002,-0.417982267673354)
 (-8.081656281941511E-002,-0.112609261828515)
 (3.887470383136263E-003,-4.820239216038025E-003)
 (2.021696798189046E-002,-1.339642500741395E-002)
 (1.279823768426632E-002,4.505525764068859E-003)
 (1.417162869956735E-002,2.401493286700891E-003)
 (-1.403671843624435E-005,1.304447779778995E-003)
 (3.653768510971358E-003,1.034273630535792E-003)
 (4.067225311335462E-003,1.220370899692880E-003)
 (-3.480573675089353E-006,5.308922095259383E-004)
 (3.629754391707800E-004,-1.282509825997760E-003)
 (2.630356554261751E-003,4.252917413767416E-003)
 (1.858768838827521E-003,3.128875586760442E-003)
 (2.703622914139220E-003,-1.675181209220284E-003)
 (2.766553155807630E-003,4.256728846298097E-003)
 (-7.866108185161918E-005,4.920210320283336E-004)
 (2.706200922368630E-003,-1.616995271773922E-003)
 (2.071531753298354E-003,-1.316852962393128E-003)
 (3.441934613670948E-003,7.654775875354562E-004)
 (2.803248061087668E-003,6.844284935267995E-004)
 (1.125638136029443E-003,1.904867248579431E-003)
 (1.388256186626693E-003,2.231526070446981E-003)
 (2.660101704624069E-003,6.679760254011158E-004)
 (-1.159719553907225E-004,6.489971309704313E-004)
 (-1.619388236396022E-004,7.109128013862515E-004)
 (4.780831290029638E-004,-2.009893774202599E-004)
 (1.097181944630364E-003,-6.987431606041056E-004)
 (1.213214878057520E-003,-7.680274350828149E-004)
 (3.534490839900666E-005,-1.723240242968044E-004)
 (9.367972823852691E-004,3.235370820142105E-004)
 (1.067662892046403E-004,4.569227587407641E-005)
 (-1.254187884246600E-004,-6.931576727241994E-005)
 (1.344554250023544E-004,-8.011561800340678E-004)
 (3.003712159376837E-004,4.729032793598405E-005)
 (-7.137937803865371E-005,4.409313016001310E-004)
 (3.371957657094608E-005,3.461641639573106E-005)
 (4.127743043122061E-005,-2.766078754422687E-005)
 (9.362086592075715E-004,-6.139564516628994E-004)
 (2.179394201678421E-004,-1.062638080990141E-004)
 (2.893670378276581E-005,-1.647420208489483E-004)
 (-1.606248268385840E-005,1.263848972917223E-004)
 (2.931079568151311E-004,4.813286473982169E-004)
 (0.000000000000000E+000,0.000000000000000E+000)
 (0.000000000000000E+000,0.000000000000000E+000)
 AAAAAA
 (0.102557239101863,3.696047644286485E-002)
 (-4.428121852362345E-003,1.330133953110026E-003)
 (6.867775703072371E-004,1.805006728719537E-003)
 (-4.907636763228983E-003,-1.037164116024514E-002)
 (2.747029147683026E-003,-8.405006380522294E-003)
 (2.542155924362361E-003,-8.379093939976056E-003)
 (-8.921226760435297E-003,-2.947294350148990E-003)
 (-2.941846942614563E-004,3.840303143995503E-004)
 (2.929622903871176E-003,-9.209082532903246E-003)
 (3.155263624367740E-003,-9.327761826700807E-003)
 (-7.371372735814403E-003,-2.624539987760852E-003)
 (-3.731380998831064E-004,6.633202215556569E-005)
 (-6.330276119841474E-003,-2.193795307411238E-003)
 (-2.378122249327990E-004,1.417394118070872E-004)
 (-4.304866204869180E-003,-7.937138683223186E-003)
 (-3.970172864683839E-003,-7.482633895047571E-003)
 (-1.044529115588324E-004,2.169930648128265E-005)
 (-2.677920161781985E-003,-5.441357941005318E-003)
 (-2.788305323792204E-004,9.166261782261680E-005)
 (1.027736621117349E-003,-3.286584388179111E-003)
 (1.041569915907036E-003,-2.893594145106192E-003)
 (-7.226407176086531E-005,5.143299174190964E-005)
 (6.656874442218140E-004,-2.312914771876249E-003)
 (-1.426466873998364E-003,-3.123342846217316E-003)
 (-2.165303985169329E-003,-7.904284101231914E-004)
 (-2.188373242690063E-003,-7.952329727488920E-004)
 (-1.957012622388173E-003,-6.352056541301747E-004)
 (-1.181993062531422E-003,-2.359813851273691E-003)
 (-1.590851189574834E-003,-4.907858265646799E-004)
 (-1.044216365915210E-003,-2.176169732756231E-003)
 (-7.673249923471751E-005,2.287816401468437E-005)
 (4.309516710098758E-004,-1.346389663131825E-003)
 (-3.991837117285347E-005,2.609036620438430E-005)
 (4.426028934025151E-004,-1.210015811029748E-003)
 (-7.219169661359358E-004,-1.340325061660873E-003)
 (4.109358664155298E-004,-1.131497318383260E-003)
 (-1.046530845832299E-003,-3.622884389317182E-004)
 (-5.472427342916026E-004,-1.171654970835199E-003)
 (-1.867240101939913E-005,1.113679394641569E-005)
 (1.952650191221136E-004,-6.267170140397494E-004)
 (-6.631686584693377E-004,-2.307436747057071E-004)
 (-4.279073160287670E-004,-8.336758086767245E-004)
 (-3.451328258003271E-004,-6.816458426744230E-004)
 (0.000000000000000E+000,0.000000000000000E+000)
 (-1.389961701643600E-002,4.203127053610303E-002)
 (-9.925566733099845E-003,-1.753801944182035E-002)
 (1.490510650166375E-002,-7.267778171505075E-003)
 (5.255487068086399E-003,-2.677432816991163E-003)
 (-1.448799235213397E-002,-4.880445870567532E-003)
 (-1.441591541989742E-002,-5.055256201203872E-003)
 (5.904831210220510E-003,-1.848484230226798E-002)
 (-4.945391930953573E-003,-9.582912232639807E-003)
 (-7.340699231799912E-003,-2.357328397453592E-003)
 (-7.753809732232255E-003,-2.581347026853554E-003)
 (3.058343671321702E-003,-1.011207195540685E-002)
 (-5.380911595407615E-003,-1.127086286866318E-002)
 (2.209783056944114E-003,-7.291293403129135E-003)
 (-5.392079689284989E-003,-1.042634457703382E-002)
 (5.678277538730936E-004,-6.298756411139226E-004)
 (8.398240595347316E-004,-3.521924971686742E-004)
 (-3.487211814904284E-003,-6.881056365815302E-003)
 (2.849040178806170E-004,-1.456990003762047E-004)
 (-2.961171553618660E-003,-5.997037819156472E-003)
 (-3.488410858002599E-003,-1.130891104283681E-003)
 (-3.637962971828754E-003,-1.315966913867120E-003)
 (-2.316197495712057E-003,-4.629263464304903E-003)
 (-2.856871402105106E-003,-1.006373462990191E-003)
 (1.667533922948868E-004,-1.292296576150269E-004)
 (9.219161564165519E-004,-2.672923115978340E-003)
 (8.590245109824147E-004,-2.578009521970039E-003)
 (8.434081099403703E-004,-3.160654906541087E-003)
 (3.619617465210759E-004,-2.364368366020648E-004)
 (9.027015327870262E-004,-2.863609504886492E-003)
 (-1.695674804719099E-004,4.310546683160645E-005)
 (-1.345278368227359E-003,-2.554247583417739E-003)
 (-1.039388271378434E-003,-3.488354882183614E-004)
 (-6.058142871500229E-004,-1.232206059573963E-003)
 (-7.252512978692973E-004,-2.030190361841671E-004)
 (5.314312050173577E-004,-3.160931251153804E-004)
 (-6.444793525813607E-004,-2.228478435090587E-004)
 (1.450136967563231E-004,-4.801833817269828E-004)
 (-8.162252230975377E-005,5.793503659447794E-005)
 (-6.817559755997781E-004,-1.286027066093108E-003)
 (-9.349619935800473E-004,-3.249637070914167E-004)
 (2.179284903367386E-004,-6.675419383059765E-004)
 (8.584588732435974E-005,-2.371650186906195E-006)
 (1.411406748668810E-004,-9.381017922482516E-005)
 (0.000000000000000E+000,0.000000000000000E+000)
 (1.373920192034297E-002,0.452831095332472)
 (7.059763454751534E-002,6.645061184883146E-002)
 (-1.829296248065956E-002,1.852682181671158E-002)
 (-1.235840536629945E-002,1.407256715592862E-002)
 (-1.067550432784292E-002,6.158773160683912E-004)
 (-9.480350896167283E-003,3.196077205942553E-004)
 (2.192490797513252E-004,3.227641331174549E-003)
 (2.893400081311926E-003,3.097120013206783E-003)
 (-2.919755182039344E-003,3.605443615611334E-004)
 (-2.288021511263520E-003,5.250856780664426E-004)
 (6.787977051924988E-005,3.279055107146357E-003)
 (-1.986159667700947E-003,-1.685759796742640E-003)
 (-3.750425093787670E-005,1.326863846972090E-003)
 (-1.212953633020229E-003,-9.505711481222842E-004)
 (-2.302998066874277E-003,2.722377132205815E-003)
 (-2.318936664974609E-003,2.849844569152959E-003)
 (-1.544992145583069E-003,-1.307794759390702E-003)
 (-1.098299181605292E-003,1.292847328386979E-003)
 (-7.597866690940405E-004,-6.169687604736852E-004)
 (-2.269468379962937E-003,2.310826422169380E-004)
 (-2.291335289994078E-003,9.914795745421379E-005)
 (-1.416595093597009E-003,-1.279527862500748E-003)
 (-2.004996455018602E-003,1.715325306539682E-004)
 (-8.955189592669401E-004,9.758621100567608E-004)
 (3.726337175343165E-006,-1.746967761874521E-004)
 (-7.109098050013508E-006,-1.314572387655399E-004)
 (-2.140522348484890E-005,6.978193771883898E-004)
 (-1.008294417303956E-003,1.111995878656389E-003)
 (7.331376593083082E-005,1.259981462272955E-003)
 (-8.134351970783904E-005,9.342037686085720E-005)
 (3.082663159208200E-004,3.613975843365803E-004)
 (-5.719781149161440E-004,1.035224225277298E-005)
 (2.105733710810669E-004,2.164408315605946E-004)
 (-9.446153248999741E-005,1.396972654143483E-005)
 (-1.063717821437187E-003,1.164457296866583E-003)
 (-1.523420754603740E-004,3.495119398000906E-005)
 (-2.278941190607674E-005,-3.448760760498498E-004)
 (2.229593047391623E-005,1.107465785885048E-005)
 (-5.932928380147063E-004,-5.361622830723942E-004)
 (-7.213008059901949E-004,4.400618217703038E-005)
 (5.071748802355424E-006,2.016482458017649E-004)
 (-1.580727252144130E-004,2.052661388622049E-004)
 (-4.102668593816357E-004,4.578366413741375E-004)
 (0.000000000000000E+000,0.000000000000000E+000)
 (-8.610995619473965E-003,4.664462025681318E-003)
 (-0.107298992868922,5.774495395144972E-002)
 (-2.346004819514828E-002,-4.857712934844279E-002)
 (-5.562842403208541E-003,-9.614540058405445E-003)
 (-5.654445531199971E-003,2.027299705796211E-002)
 (5.849353334980222E-003,-2.038805636725322E-002)
 (-1.089023882991341E-004,-5.375731736756140E-005)
 (-3.151706648735679E-003,1.862394508685894E-003)
 (-2.246272164483577E-003,8.627793059555943E-003)
 (2.741387826639591E-003,-9.006652502193563E-003)
 (-4.879857618633245E-005,4.159932032875741E-005)
 (1.949699184968440E-003,-1.034344940047956E-003)
 (2.828082888018936E-005,4.874652409326691E-005)
 (-3.234894362117545E-004,1.957752472724606E-004)
 (5.087582127612379E-004,1.006653451359449E-003)
 (-1.971995474155661E-004,-3.126485625203949E-004)
 (2.473775896274099E-004,-1.178990324163690E-004)
 (-4.873868315193268E-004,-8.021822318142745E-004)
 (4.161328790091130E-004,-2.278007880827493E-004)
 (3.054158772021692E-004,-1.067611653898919E-003)
 (2.643014812401200E-004,-1.089779756471353E-003)
 (-6.769227811633670E-004,3.641742289449578E-004)
 (-1.385521114566797E-004,4.941992348165387E-004)
 (5.808083661444629E-005,1.437928153630929E-004)
 (1.497746127466901E-004,4.751175898474402E-005)
 (-1.102889494019514E-004,-5.171102670600176E-006)
 (-9.352667276950255E-007,-8.611818469265030E-006)
 (-3.772572530062543E-004,-6.435216060620656E-004)
 (5.081251490178021E-005,-3.624642245201512E-006)
 (2.965838963515238E-004,5.348342767883011E-004)
 (6.616944650749494E-004,-3.620782197909995E-004)
 (-3.752539129549862E-004,1.367064738948774E-003)
 (-9.401484073266317E-004,5.358106213051743E-004)
 (-2.298753862050915E-004,8.339859544909658E-004)
 (-3.896350845993755E-005,9.306415268758510E-006)
 (2.353280390646689E-004,-7.498345317014162E-004)
 (1.834364446961789E-006,-5.975475739279706E-007)
 (-2.274743804420539E-004,-3.942997971963404E-004)
 (2.545323631105192E-004,-1.434470671821365E-004)
 (1.343136709782781E-004,-4.816407001690031E-004)
 (-5.141269201787387E-005,-2.319471846298713E-005)
 (4.406477703358335E-005,7.375305167864343E-005)
 (3.453267702508946E-005,6.663718241465672E-005)
 (0.000000000000000E+000,0.000000000000000E+000)
 AAAAAA
 (0.108101184531747,4.690042907492525E-002)
 (-9.180748655350448E-003,2.657902861167832E-003)
 (1.409555083257344E-003,2.850089233409217E-003)
 (-3.745733161938440E-003,-1.055075044162509E-002)
 (3.469512513187911E-003,-7.466715970007596E-003)
 (3.515750509839106E-003,-7.171712659672057E-003)
 (-1.260434501625333E-003,1.034128652156627E-003)
 (4.991789684125119E-003,-1.022905638550431E-002)
 (4.570672073469393E-003,-1.042478693890968E-002)
 (-8.771654391945554E-003,-3.377528688139818E-003)
 (-8.577698972836464E-003,-3.629044439412838E-003)
 (-8.903601774897555E-003,-3.759090896792974E-003)
 (-5.832065681338821E-004,2.353396346325047E-004)
 (-3.750894488858628E-003,-9.596884359714392E-003)
 (-1.000900202229457E-003,6.344450947599256E-004)
 (-3.413627417894377E-003,-8.810390780389765E-003)
 (-4.084301975686585E-004,1.794108551130967E-004)
 (-5.387828495555376E-004,2.572617761670551E-004)
 (-2.171197489193148E-003,-5.641131694958067E-003)
 (1.434124362561783E-003,-3.148891505804658E-003)
 (-3.984685930708594E-004,2.576986073975994E-004)
 (-1.574834583642868E-003,-4.158186382264752E-003)
 (1.469638775628958E-003,-2.904340295466252E-003)
 (1.160536323424469E-003,-2.556233716963970E-003)
 (-2.588725001538735E-003,-1.056577981057510E-003)
 (-2.473271497300779E-003,-1.042962698009511E-003)
 (-2.402155692251973E-003,-1.074201011030445E-003)
 (-1.049965508219159E-003,-2.898891740417820E-003)
 (-2.007449783561715E-003,-8.516836079631789E-004)
 (-2.407386666295356E-004,1.493195246119125E-004)
 (-6.703828000839720E-004,-1.724280940141779E-003)
 (-8.522213276323383E-004,-2.037792660113338E-003)
 (5.284094654387050E-004,-1.203033107744780E-003)
 (-7.991059205598365E-005,3.560677960897979E-005)
 (-5.032012336993996E-005,8.250768874035468E-005)
 (4.669193739764973E-004,-9.664190434273503E-004)
 (3.455069989593417E-004,-7.006426269662205E-004)
 (-3.696734247121641E-004,-9.717022500698480E-004)
 (3.838226624934943E-004,-8.541351928960780E-004)
 (-8.961033833597761E-004,-3.710799708335618E-004)
 (-4.357987032947764E-004,-1.143605191596488E-003)
 (-3.981171321809366E-005,1.557331500210026E-005)
 (0.000000000000000E+000,0.000000000000000E+000)
 (0.000000000000000E+000,0.000000000000000E+000)
 (-5.355548551427741E-002,8.467657625921307E-002)
 (-1.876801914416836E-003,-1.605223673357652E-003)
 (1.092129556280453E-002,-3.557363841888569E-003)
 (1.580501334738481E-003,-4.310186016802868E-004)
 (-1.307254856510737E-002,-6.975963213682372E-003)
 (-1.268087894372169E-002,-7.308946913456868E-003)
 (-2.961527164396604E-003,-1.020895830924966E-002)
 (-7.587323298562491E-003,-4.360221982119976E-003)
 (-7.964449250645687E-003,-4.852881549577779E-003)
 (6.092613830131275E-003,-1.120764420597098E-002)
 (4.425987304364346E-003,-7.796956623534663E-003)
 (3.826311255361128E-003,-6.496348363825897E-003)
 (-3.130107930831497E-003,-1.126290538301132E-002)
 (-4.388901683639930E-004,1.093508031139246E-004)
 (-2.841405625403128E-003,-1.005511426700572E-002)
 (-7.813089936011821E-005,4.024804114097337E-004)
 (-1.517982472397299E-003,-5.493055810095354E-003)
 (-1.883178662175625E-003,-6.892639480144265E-003)
 (-9.373790242634954E-005,1.247887250617041E-004)
 (-3.863554375630478E-003,-2.211484575435601E-003)
 (-1.560649978152879E-003,-5.732306613516352E-003)
 (-1.012351429044785E-004,7.208155808934935E-005)
 (-3.255217241246987E-003,-1.806494711401924E-003)
 (-3.120361429076549E-003,-1.811355147341454E-003)
 (1.549215615134460E-003,-2.642103095488321E-003)
 (1.337132637099445E-003,-2.242548928489926E-003)
 (1.315238464012439E-003,-2.247854608502629E-003)
 (-3.051958329013793E-005,2.679527923914898E-005)
 (1.168295405226203E-003,-2.240787789301465E-003)
 (-7.159021316861180E-004,-2.435983743167918E-003)
 (2.300120388294332E-004,-1.893656672986052E-005)
 (-2.149376992077592E-004,7.710490627964154E-005)
 (-9.384446417937126E-004,-5.055338117590689E-004)
 (-2.746074304243077E-004,-1.095838712240037E-003)
 (-5.482579917380403E-004,-1.922111631643298E-003)
 (-6.628097861220674E-004,-3.169021133393828E-004)
 (-1.107201957287726E-003,-6.351560212964011E-004)
 (5.879519627478847E-005,-3.627100038420899E-005)
 (-6.245597710926642E-004,-3.485653835978639E-004)
 (2.889557488164485E-004,-4.899400504596589E-004)
 (-1.059306045495466E-004,1.627673440274637E-005)
 (-3.001035381656372E-004,-1.109811126290432E-003)
 (0.000000000000000E+000,0.000000000000000E+000)
 (0.000000000000000E+000,0.000000000000000E+000)
 (0.106076874475921,0.419538527736651)
 (5.671865977139442E-002,3.466893634461420E-002)
 (-2.377930475809213E-002,3.746962642447267E-002)
 (-6.845898176618332E-003,1.219973421241167E-002)
 (-4.598112494556994E-003,1.157486573077919E-003)
 (-4.428121092365861E-003,8.090243188460273E-004)
 (8.224648232918755E-003,4.832313253423146E-003)
 (8.073098063887335E-004,-2.002382632345509E-004)
 (8.512142936861291E-004,-2.824257630238865E-004)
 (1.258153078558221E-003,4.160447260844835E-003)
 (1.395183566234237E-003,4.835131849798807E-003)
 (9.371318388582313E-004,3.102281501373254E-003)
 (6.005876595297458E-004,2.745696856132517E-004)
 (-1.246597374102825E-003,2.227781558077350E-003)
 (1.307782974157694E-003,6.438505382885974E-004)
 (-1.434526518263666E-003,2.484182759247121E-003)
 (2.153515463361607E-004,8.500589357850587E-005)
 (7.294642023471320E-004,3.882009769566934E-004)
 (-3.379084719196636E-004,6.539170352421416E-004)
 (-8.725647623340818E-004,1.806005347528691E-004)
 (-3.348074421691100E-004,-2.709463746211908E-004)
 (-5.108469109917360E-004,8.934575078103254E-004)
 (-5.354121074937914E-004,9.790225088777376E-005)
 (-7.363424635716651E-004,1.901194998443887E-004)
 (3.425123930425670E-004,1.186408583795623E-003)
 (1.308809872027744E-004,3.383147024733417E-004)
 (1.066830729581032E-004,3.307895302560792E-004)
 (-5.905198218640101E-004,1.043209822318915E-003)
 (4.292466180491642E-004,1.532653318417207E-003)
 (9.187641041514803E-004,5.131039201526151E-004)
 (-8.121572933009686E-004,1.406289838044224E-003)
 (2.101830005762993E-004,-3.287678349129414E-004)
 (1.114767370344086E-005,-1.234094063100632E-005)
 (3.732182845021330E-004,2.204552549928730E-004)
 (-4.994802044305549E-004,-3.335620812249637E-004)
 (1.142055336548710E-004,-2.925880556020733E-005)
 (-3.944985223746408E-004,1.043042976318585E-004)
 (-3.681282631459682E-004,6.128804429168365E-004)
 (7.165324397747662E-005,-5.123869302094003E-006)
 (3.107220003431152E-006,-8.608362778615575E-005)
 (5.860123358988111E-005,-8.711925072940744E-005)
 (-2.756430007867099E-004,-1.737255751148943E-004)
 (0.000000000000000E+000,0.000000000000000E+000)
 (0.000000000000000E+000,0.000000000000000E+000)
 (-2.587520392182211E-003,3.064569132406703E-003)
 (-5.585649332763759E-002,6.935487230752908E-002)
 (-5.659202024591497E-002,-4.123086847879585E-002)
 (-6.281763052470822E-003,-4.112840263398484E-003)
 (2.549849650427182E-003,1.623991176185293E-002)
 (-2.637606299915589E-003,-1.637198800209063E-002)
 (-3.139893864132290E-003,4.573510040971623E-003)
 (1.957317681760128E-003,1.250630662293013E-002)
 (-1.905919399967041E-003,-1.235066446044573E-002)
 (9.174033158540567E-006,1.654435148771432E-004)
 (4.276018997268575E-005,1.284416885047986E-004)
 (2.044767424456589E-005,1.085434686102276E-004)
 (1.005491596822795E-003,-1.244023983010315E-003)
 (1.178412187848203E-003,9.524771045366808E-004)
 (-2.279356371234658E-004,4.373401119752928E-004)
 (-3.093223383725761E-004,-8.864989690204296E-005)
 (2.269858199071095E-004,-2.608658079406265E-004)
 (2.491251058391090E-004,-2.747105174688098E-004)
 (-9.144259580684977E-004,-6.195755975065312E-004)
 (-1.738267372806970E-004,-1.010794858394886E-003)
 (-6.235815833684834E-004,8.667819661285910E-004)
 (2.507174997389985E-004,2.066759942991591E-004)
 (-1.209441491258437E-004,-7.945221376187925E-004)
 (1.092945889970295E-004,6.608993634371471E-004)
 (-8.369284149761369E-006,3.777637509370050E-005)
 (3.142984607791254E-005,2.247642953913810E-005)
 (-4.901772059513640E-005,1.567247150605745E-005)
 (-5.204563245789088E-004,-3.391206337439976E-004)
 (2.815044844158180E-005,-8.446501299254400E-006)
 (4.260711481352147E-004,-5.554321042731917E-004)
 (2.229909783396220E-005,6.441181958003133E-005)
 (4.873661707606317E-004,3.576364405592454E-004)
 (1.764548529205689E-004,1.130327125552637E-003)
 (-3.770320170143424E-004,5.425665684755462E-004)
 (2.667850264529888E-004,-3.464245420873029E-004)
 (7.075647891251599E-005,5.104230741123087E-004)
 (-1.212914196051523E-004,-7.436830123626858E-004)
 (1.217699382186910E-004,1.022924048346412E-004)
 (-7.513673821055027E-005,-3.728447030940518E-004)
 (7.283007478793089E-007,2.763794892274311E-006)
 (-2.920393601921457E-004,-1.906343976812845E-004)
 (-1.692835012547139E-004,2.544200971343519E-004)
 (0.000000000000000E+000,0.000000000000000E+000)
 (0.000000000000000E+000,0.000000000000000E+000)
 AAAAAA
 (6.403165755083162E-002,-2.829125152287013E-002)
 (-2.470025079435775E-003,5.394602306941606E-003)
 (-5.573463270063183E-003,-2.304596056361860E-003)
 (-1.113971197770292E-002,-4.150704236843501E-003)
 (-3.406944297764675E-003,-8.070898169314165E-003)
 (-3.735088905116930E-003,-8.176972133487684E-003)
 (-8.838784455441997E-003,3.824458082103990E-003)
 (-3.457310101436234E-003,-7.759082366608334E-003)
 (1.950990341327979E-004,3.574148578169273E-004)
 (-3.251663672917745E-003,-7.143679659239325E-003)
 (-5.923563828196406E-003,2.834551428255799E-003)
 (-8.272731676409486E-003,-3.085909653637465E-003)
 (-5.672159520756816E-005,2.889882834466949E-004)
 (-6.063234892292064E-005,1.102284349032539E-004)
 (-2.166593085427626E-004,1.346421448768192E-004)
 (-4.796035605474046E-003,2.322154325286647E-003)
 (-6.487032135104872E-003,-2.512661137559533E-003)
 (-5.903514940649318E-003,-2.409063709353693E-003)
 (-1.365984555682348E-003,-3.033483556480305E-003)
 (-9.809466210398618E-005,1.864073799922960E-005)
 (-1.299532782373572E-003,-3.044731781123846E-003)
 (-2.193714884088687E-003,9.644729599105640E-004)
 (-3.009767647555790E-003,-1.123415956066778E-003)
 (7.915925692809564E-006,1.885585751576103E-004)
 (-1.719992916614232E-003,7.078157648969143E-004)
 (-1.668924196958004E-003,8.505613513974428E-004)
 (-6.890842394935385E-004,-1.549248724258022E-003)
 (-2.249468109435897E-003,-9.055939778494207E-004)
 (-1.660876112412072E-003,6.900940699505493E-004)
 (-4.411615488338224E-005,9.834630011321073E-005)
 (-2.198187151487441E-003,-8.510452552732889E-004)
 (-6.214422723536385E-004,-1.409314021825782E-003)
 (-5.841550282669305E-004,-1.339152731930267E-003)
 (-9.024164192270056E-005,9.857724494401409E-005)
 (-5.288160829053238E-004,-1.148899175664835E-003)
 (-1.372929345024972E-003,-5.408572040583630E-004)
 (-1.137439255898390E-003,5.325347665480198E-004)
 (-1.284276146394815E-003,-4.987975004981397E-004)
 (-1.122751729617003E-003,-4.585189444703817E-004)
 (-7.426793300971224E-004,3.484709474319954E-004)
 (-2.897251838410782E-004,-6.363314316566904E-004)
 (-6.485190317069258E-004,3.077392042182745E-004)
 (-6.384206300603435E-004,3.015412916460286E-004)
 (0.000000000000000E+000,0.000000000000000E+000)
 (1.375311950124960E-002,5.180419162749435E-002)
 (3.055554764223208E-002,1.942502027061722E-002)
 (-3.434537733583878E-003,4.900571140102520E-003)
 (-5.768803792204628E-003,1.010281639857136E-002)
 (6.944615137662090E-003,-1.409191498393695E-003)
 (1.244099701662846E-002,-2.508765340069894E-003)
 (5.833084753979197E-003,2.313595270711911E-002)
 (5.300989494830971E-003,-1.181667603027175E-003)
 (9.517476592008953E-003,5.676336473711760E-003)
 (6.303550116708500E-003,-1.449178196257166E-003)
 (2.423154193010453E-003,9.289181484378970E-003)
 (-1.352038024963325E-003,2.413251202571195E-003)
 (7.957444819527986E-003,4.921943488523605E-003)
 (7.765665416135944E-003,4.832363986564806E-003)
 (7.223664831075792E-003,4.549391951594200E-003)
 (1.717579002812504E-003,6.245029351421404E-003)
 (-8.025881809306987E-004,1.767545067073926E-003)
 (-5.770579569471181E-004,1.131660825996451E-003)
 (3.217713950265258E-003,-7.148512271917750E-004)
 (5.088348985771379E-003,3.112396105585060E-003)
 (2.546238265669569E-003,-5.786682117756815E-004)
 (7.508526270702926E-004,2.777027634175941E-003)
 (-5.068682689696312E-004,9.239996027722533E-004)
 (2.521857839417474E-003,1.447769451421643E-003)
 (7.204766051944125E-004,3.202655418496197E-003)
 (8.018545853892537E-004,3.146948848721010E-003)
 (1.312566363492013E-003,-2.983702541482071E-004)
 (-3.670101171947332E-004,6.968173009848958E-004)
 (4.693612044102169E-004,1.900122086273027E-003)
 (2.773259568289439E-003,1.787868700247583E-003)
 (-4.687185689296000E-005,1.031891869316793E-004)
 (9.290881267996236E-004,-2.219331049374649E-004)
 (7.242893696653665E-004,-1.647446665729732E-004)
 (1.234416091543054E-003,7.686141120315420E-004)
 (4.845347774259952E-004,-3.397480671414585E-005)
 (-5.262435127845552E-004,9.463779234577512E-004)
 (1.174254636840804E-004,4.862773075587266E-004)
 (6.052080394554902E-005,-1.501481281319011E-004)
 (-1.267539349732539E-004,2.193215489451655E-004)
 (1.549207800915378E-004,6.542847110776076E-004)
 (7.168760638500379E-004,-1.666393397144969E-004)
 (2.810457245166382E-004,1.138980841223657E-003)
 (2.121689948913901E-004,7.916793147630443E-004)
 (0.000000000000000E+000,0.000000000000000E+000)
 (-8.637231969191685E-002,-4.117105383423301E-003)
 (-0.123818264414384,0.120571598783506)
 (-7.717875950484480E-003,-8.484997911797583E-003)
 (-1.766746921296552E-002,-1.933568082188343E-002)
 (3.666660774237947E-004,8.003186109844407E-003)
 (7.092077624539467E-004,-2.506422769699265E-002)
 (-4.380746559586080E-003,-2.529757308789627E-004)
 (1.864009953968172E-004,-6.060654698065819E-004)
 (1.252592734689758E-003,-9.038708023234572E-004)
 (3.324109844256750E-004,-8.564122238693355E-003)
 (-1.004037084831689E-003,-2.830416484897490E-005)
 (-2.309389454556644E-003,-2.478689761172948E-003)
 (2.075066789445031E-003,-1.834354678847688E-003)
 (3.567207194285637E-003,-3.235239638371505E-003)
 (2.483149689038521E-003,-2.293222746917555E-003)
 (-3.595907689263976E-004,1.332270238502119E-005)
 (-2.231505491788517E-003,-2.597712473219088E-003)
 (-2.055534938431795E-003,-2.404344275451246E-003)
 (1.917779246330658E-004,-4.340548952439396E-003)
 (1.680414019594558E-003,-1.595093938737785E-003)
 (2.029397722802372E-004,-4.017534630117454E-003)
 (1.428614418538782E-004,-3.761772623404773E-005)
 (-1.423778243294883E-003,-1.530545677868776E-003)
 (6.392107636905657E-004,-5.511002845636448E-004)
 (-4.921874141039399E-004,-1.886310845984718E-005)
 (-5.580540172966419E-004,2.864635934586582E-005)
 (9.549212683393693E-005,-1.557996096444984E-003)
 (-1.013396944979907E-003,-1.155053788770950E-003)
 (-3.083611088221191E-004,-4.084071254895489E-005)
 (8.322985636110990E-004,-7.562345675848496E-004)
 (-9.467164502763845E-005,-1.650276535926805E-004)
 (4.927650612803199E-005,-1.452927371643116E-003)
 (4.286728437546481E-005,2.237219374541463E-004)
 (-5.248019580089317E-004,4.659452951268524E-004)
 (7.199603462033593E-005,2.138544331600815E-004)
 (-8.484654742619365E-004,-9.455163350519411E-004)
 (2.324720619028851E-004,2.117087470646236E-005)
 (-5.190220306065857E-004,-5.701521598044088E-004)
 (-5.819104664260717E-005,-9.225320766371493E-005)
 (2.499811398061384E-004,9.211498783138727E-006)
 (3.139502807528315E-005,-1.055030027001246E-003)
 (-6.860097552056259E-005,-8.180844967331794E-007)
 (-1.620059340682671E-004,2.236675560406658E-007)
 (0.000000000000000E+000,0.000000000000000E+000)
 (0.144196197472546,0.162596297303839)
 (-2.024932407263814E-003,1.923325990594276E-003)
 (1.208196182912527E-004,-1.771551265853694E-002)
 (-3.305589846780039E-004,-2.477348991394984E-004)
 (-9.796908391610263E-003,8.600974816358431E-003)
 (6.208280459059889E-003,-5.524610174597718E-003)
 (-3.741335918394575E-003,-4.300961852991047E-003)
 (2.209631567958418E-003,-2.088748499667995E-003)
 (5.499850027899026E-003,2.047207228763019E-004)
 (2.895778278388193E-003,-2.955138772343035E-003)
 (5.650986731204800E-004,7.254558759904894E-004)
 (-7.971874920001381E-005,-1.759955122886679E-004)
 (6.129810108916275E-004,-6.092680206734707E-005)
 (1.316311153558698E-003,-2.659347099506225E-005)
 (-9.163417684175655E-004,-1.473580267881202E-004)
 (1.502705636351984E-004,1.748237640581956E-004)
 (-7.544558113043340E-005,-1.383536363694315E-004)
 (-6.023051640179533E-005,3.672466721997560E-005)
 (3.326285117961516E-004,-4.177228249525004E-004)
 (-7.905916066802614E-005,-4.375567045868718E-005)
 (-5.197170552792343E-005,-1.053283458210573E-004)
 (9.739394273846261E-005,1.070733165838592E-004)
 (-1.810635972214524E-005,-1.482247908047422E-004)
 (-1.574986279126556E-003,-1.301605968086508E-004)
 (-2.118909028070779E-004,-2.382770827849903E-004)
 (1.308905194506350E-004,1.312833670927068E-004)
 (-1.152782542612896E-003,1.036284844874580E-003)
 (-4.167574706259573E-005,2.847206810057843E-004)
 (-6.394284998821730E-004,-7.352936444145325E-004)
 (1.032346516212569E-003,2.912498396116721E-005)
 (-6.558721115142966E-006,-4.757946044892820E-005)
 (9.772097532115131E-004,-9.702743093140969E-004)
 (6.506093784563250E-004,-6.292509086462712E-004)
 (5.623637618074797E-004,4.972325551525870E-005)
 (-3.146644220521811E-004,2.493295156165136E-004)
 (3.694394145614410E-006,-3.138022524656813E-005)
 (1.711681537620486E-004,2.114659652952576E-004)
 (-2.145934224126399E-005,-7.475648074959407E-005)
 (-1.422239585242429E-005,-1.460906487592982E-004)
 (3.252664143313589E-004,3.693230340687298E-004)
 (4.117553230668412E-004,-4.155632397037999E-004)
 (2.479030071344519E-004,2.749112123207561E-004)
 (-6.576244284080888E-006,-1.764155060900318E-005)
 (0.000000000000000E+000,0.000000000000000E+000)
 AAAAAA
 (6.123581762988752E-002,-4.532212285792769E-002)
 (-3.384272446768947E-003,1.409790143763989E-002)
 (-3.255857265750148E-003,-6.828013407687890E-004)
 (-1.155937533377042E-002,-1.710119442187895E-003)
 (-4.784994997422923E-003,-5.706887529544831E-003)
 (-4.706285970382528E-003,-6.715098113824312E-003)
 (-5.466592722973259E-003,-7.878583513940602E-003)
 (-4.247992283774949E-004,1.586894265469972E-003)
 (-8.233435776625643E-003,5.886884649117475E-003)
 (-4.806317124930923E-003,-7.109385105416624E-003)
 (-6.104527556333156E-003,4.351553485997217E-003)
 (-9.596753381674971E-003,-1.692031944351151E-003)
 (-5.841107196190823E-003,4.234330703692718E-003)
 (-2.121516180975487E-004,8.316082020150190E-004)
 (-2.806847642964996E-004,6.291195223521869E-004)
 (-7.205659550108052E-003,-1.181304753466185E-003)
 (-1.101837323650235E-004,3.954336877341611E-004)
 (-6.636127510500682E-003,-8.499392434386036E-004)
 (-2.224202038799538E-003,-3.021482032123974E-003)
 (-1.997750744140627E-004,3.790649783409614E-004)
 (-1.784820574914647E-003,-2.458478528065605E-003)
 (-2.234538489650344E-003,1.498628765060830E-003)
 (-3.419911657886728E-003,-5.342498930781322E-004)
 (-9.082178448318180E-005,2.121032150245976E-004)
 (-2.018844720745578E-003,1.450972906820960E-003)
 (-3.092857191281506E-003,-5.784229728634999E-004)
 (-1.911291060524008E-003,1.334452479643449E-003)
 (-1.166167805024274E-003,-1.715614955635338E-003)
 (-4.921717937900194E-005,2.517268936228497E-004)
 (-1.625869038392272E-003,1.193857821002272E-003)
 (-1.806498424560486E-003,-2.785602508532541E-004)
 (-2.100522088615670E-003,-3.483379040959448E-004)
 (-7.497028777208884E-004,-1.039007194269313E-003)
 (-7.434232685632860E-004,-9.229266902577442E-004)
 (-1.564666095996831E-005,8.519906931306705E-005)
 (-6.764784212666796E-004,-9.026897956353399E-004)
 (-8.272276025342935E-004,5.757594988484321E-004)
 (-1.269223956100983E-003,-2.378134280246896E-004)
 (-3.870963044630790E-004,-5.448428477252733E-004)
 (-6.735047721497805E-004,4.579561599335570E-004)
 (-3.937368903624321E-004,-5.378412558643780E-004)
 (-2.080351741299337E-005,6.639488130897225E-005)
 (-6.073285861060973E-004,4.170570538551946E-004)
 (-8.746508942235710E-004,-1.596721608665953E-004)
 (9.397290709034192E-003,3.162050817322805E-002)
 (1.569001730190032E-002,6.539082412098086E-003)
 (-3.909371503943085E-003,9.313428951751020E-003)
 (-2.840177014092891E-003,5.660981082402614E-003)
 (9.073639858966833E-003,-3.059972200857531E-003)
 (1.150322623053644E-002,-4.761495986098339E-003)
 (6.391654886887276E-003,-2.168606960061753E-003)
 (1.122516534695488E-002,5.018001439021795E-003)
 (5.526505157141887E-003,1.451092168291971E-002)
 (7.898414929787672E-003,-2.702519434889727E-003)
 (2.896102506998247E-003,7.834443895048804E-003)
 (-6.569717313280039E-004,9.922086715489394E-004)
 (2.202601252947772E-003,6.612613671390322E-003)
 (8.409265838926525E-003,3.953143915008391E-003)
 (8.205113218859889E-003,3.831925680761481E-003)
 (-3.154645121803798E-004,3.421183402287334E-004)
 (6.017430347759730E-003,2.925430119646231E-003)
 (-1.736984392405072E-004,7.708409091636238E-005)
 (3.858110328218627E-003,-1.507195009692971E-003)
 (6.161404979012422E-003,2.813372700750519E-003)
 (3.106225164606144E-003,-1.172953850699143E-003)
 (9.015903893962052E-004,2.462045579988401E-003)
 (-2.293729510286439E-004,4.455430128474307E-004)
 (3.231710939584002E-003,1.479704112324853E-003)
 (1.058540170647376E-003,2.855358942258371E-003)
 (-1.649536314703290E-004,2.156946935416090E-004)
 (1.003298316834244E-003,2.724533380124441E-003)
 (1.951939779760238E-003,-7.184370590551875E-004)
 (2.852496309335239E-003,1.365632540297626E-003)
 (6.810281703703540E-004,1.816336271247540E-003)
 (-3.203339404547629E-004,7.139644304903868E-004)
 (4.181283650294050E-005,-1.657920576342745E-004)
 (8.882634373217151E-004,-3.439314079065072E-004)
 (7.141329892848971E-004,-2.403524794405234E-004)
 (1.132895278697254E-003,5.429864930359934E-004)
 (7.320221756817096E-004,-2.361957126348781E-004)
 (1.681053452488605E-004,4.661563428268599E-004)
 (1.049056817868653E-004,-2.112170697051353E-004)
 (7.759892686215032E-004,-3.151580721584253E-004)
 (3.508980493767206E-004,9.605395600217096E-004)
 (8.241415689895755E-004,-3.044812600562975E-004)
 (1.052140231447870E-003,4.748846222705662E-004)
 (1.996149072665444E-004,5.005334923429551E-004)
 (-1.014055000504905E-004,2.275522084196568E-004)
 (-9.862212626566279E-002,0.153137226352912)
 (2.148121710940527E-002,0.124758630919650)
 (-2.374163886536527E-002,5.197993804252860E-003)
 (-1.966132002143599E-002,4.005899543860045E-003)
 (9.717195263150499E-005,6.882350292438007E-005)
 (-1.558427030452773E-002,-1.045580375090803E-002)
 (1.567250473926018E-003,4.242733850375038E-004)
 (2.236455947453534E-004,1.455574837209395E-003)
 (-1.286305062866274E-003,1.912838752454950E-003)
 (-6.709560953752273E-003,-4.966863305173605E-003)
 (-5.858332466185008E-004,9.974405356395753E-004)
 (-3.198034062349431E-003,5.564340171251647E-004)
 (-8.219835815621206E-005,4.116358602159334E-004)
 (-3.868200012978793E-004,-2.737873409047953E-003)
 (-7.224228705326810E-004,-4.004468323227900E-003)
 (-2.933927107535958E-003,6.029618628535796E-004)
 (-4.073435904462339E-004,-2.842182047508629E-003)
 (-2.850706015769183E-003,6.820603925824691E-004)
 (-3.438548990912681E-003,-2.344735117895333E-003)
 (-4.565854792594509E-004,-2.467282154628111E-003)
 (-2.675988143055804E-003,-1.840254166026911E-003)
 (9.090086436058646E-005,-1.633344229211955E-004)
 (-1.908982842381167E-003,3.701385835925073E-004)
 (-2.491960066790557E-004,-1.390110404666416E-003)
 (-1.522074691281178E-004,2.876993073726254E-004)
 (-1.433060547808129E-003,2.740160630406286E-004)
 (-2.431029956202332E-004,3.899401261520947E-004)
 (-1.474664850723162E-003,-1.060512608238424E-003)
 (-1.096922171406392E-004,-9.194185314304862E-004)
 (1.014252946119101E-004,-1.239300360020747E-004)
 (-1.441168967823835E-003,3.206521461922418E-004)
 (1.495291056725241E-004,-5.259940456235195E-005)
 (-6.951604154140998E-004,-4.707608083177798E-004)
 (1.399212202927397E-004,1.003163323627464E-004)
 (8.119117106218762E-005,3.113839214907180E-004)
 (-4.400322244687096E-005,-8.137691771684346E-005)
 (1.114591417699812E-004,-1.685028207269329E-004)
 (-4.928479632041237E-004,6.297680640208468E-005)
 (-7.543337279963067E-004,-5.308014588970042E-004)
 (-1.079395655700309E-004,1.621300919757959E-004)
 (-9.778600002474317E-004,-6.792626239566293E-004)
 (-1.544517328537822E-004,-8.639487721155666E-004)
 (5.430407141331705E-005,-1.059567640460070E-004)
 (-5.711471447967843E-004,9.832909704746620E-005)
 (0.216083082901070,9.139679815049603E-002)
 (-3.081901602917972E-002,9.585338818143566E-003)
 (-4.332827606523634E-003,-1.193097592099625E-002)
 (-9.173374747955833E-004,-2.696015299012776E-003)
 (-7.709793518499836E-003,1.894714797619898E-002)
 (2.318423900298334E-003,-5.706067979629874E-003)
 (-1.682649627305248E-003,3.712499868521642E-003)
 (3.369805891075950E-003,-1.275151111927770E-003)
 (-4.008437101426535E-003,-1.728152456202824E-003)
 (1.378707635888668E-003,-3.415508593485123E-003)
 (-2.241048559273456E-004,-9.924031569504238E-005)
 (4.193762941241124E-004,9.523015972595955E-004)
 (-1.039567086659196E-004,-6.285155723981630E-005)
 (-1.442066519213137E-003,5.886606215728195E-004)
 (-6.135954620853624E-004,2.753112481167590E-004)
 (1.275527204003442E-005,2.780205073498073E-005)
 (-9.030549295174177E-004,3.812757501742726E-004)
 (-1.728020705594072E-004,-3.445728025827273E-004)
 (-1.403746968200326E-004,3.253325818067399E-004)
 (-1.025677812808945E-003,4.308672017285399E-004)
 (-5.410310459318265E-005,1.484358235831919E-004)
 (-4.877507671943437E-004,-1.673819244058198E-004)
 (-5.923573110092983E-005,-1.483510120011039E-004)
 (-1.618319055675935E-003,6.878584987979022E-004)
 (-4.928024826096455E-004,-1.936814925785192E-004)
 (3.396346128412600E-005,7.276548450603344E-005)
 (-1.532057460476205E-004,-4.246885952012590E-005)
 (-5.270942577432193E-004,1.251770350582109E-003)
 (2.592247176963832E-004,-1.196245272248387E-004)
 (-8.419809923207179E-004,-3.058355711345198E-004)
 (1.381929800238759E-004,2.795013952423669E-004)
 (7.112319317261059E-005,1.961999521336303E-004)
 (3.400329049509397E-004,-8.294327906681336E-004)
 (-2.764091706715765E-005,1.154430341907630E-004)
 (-1.629877986744799E-004,7.592513967784206E-005)
 (-3.004151213155205E-004,6.650864520634889E-004)
 (-3.698043057501346E-005,1.277905333009019E-005)
 (-1.699224482142973E-004,-3.341569777880186E-004)
 (1.770204770245279E-004,-3.423018718811276E-004)
 (1.527291157389601E-004,3.364248761790691E-005)
 (-3.596372452898494E-005,1.093471280690164E-004)
 (-5.099696191066126E-004,2.210392114220320E-004)
 (5.507727372751644E-005,3.877828678093038E-005)
 (5.504976171927713E-005,1.311927144729896E-004)
 AAAAAA
 (7.002291375108377E-002,-1.515106831909393E-002)
 (-1.265526639338736E-002,2.005352707608232E-002)
 (-5.254806661861395E-003,-3.811133247100750E-003)
 (-9.966963127235502E-004,-4.816100580883463E-003)
 (-1.044461346571349E-002,-7.469819992413322E-003)
 (-2.951670307328236E-003,3.998993828982025E-003)
 (-2.433269911864823E-003,-9.163905300115766E-003)
 (-1.421033928973943E-003,-6.509922966622990E-003)
 (-1.913004842370337E-003,-8.097742401296884E-003)
 (-1.127804397851788E-002,1.906702339185452E-003)
 (-1.086575455252045E-002,1.708052810852430E-003)
 (-9.172530695486228E-003,-6.212104532815113E-003)
 (-9.453286064238587E-003,1.553724323459471E-003)
 (-1.504311149098694E-003,1.880706947604617E-003)
 (-1.659204267409706E-003,1.674921862070947E-003)
 (-6.665194229284470E-003,-4.550047126266346E-003)
 (-1.295436688258199E-003,1.649677892360017E-003)
 (-8.196154673429335E-004,-3.593734692569662E-003)
 (-5.261320510055678E-003,-3.478804609539716E-003)
 (-8.230826119830972E-004,1.091861790585820E-003)
 (-7.106633055277778E-004,-2.451128500971784E-003)
 (-3.304156663095214E-003,-2.363283446114082E-003)
 (-3.836821527286170E-003,6.316957749155909E-004)
 (-7.407308976202833E-004,1.009887091283811E-003)
 (-3.189937420262685E-003,-2.207077707444754E-003)
 (-3.439648114790281E-003,5.996412570691598E-004)
 (-3.195243022783246E-003,4.705516079083218E-004)
 (-3.959847837796454E-004,-1.775614981133058E-003)
 (-6.491839909546258E-004,7.784739254899877E-004)
 (-2.459634358696446E-003,3.847581686070475E-004)
 (-1.948311316206151E-003,-1.384196893758554E-003)
 (-1.500935459435077E-003,-1.010017926433770E-003)
 (-2.060792553784753E-004,2.376688421279597E-004)
 (-1.485543502822492E-004,-6.054828704977083E-004)
 (-1.027314553918283E-003,-6.675577152531298E-004)
 (-2.418018592471759E-004,2.626499207192414E-004)
 (-1.846937071138752E-004,-8.575415083367487E-004)
 (-1.834382890182970E-004,-8.026990589792128E-004)
 (-1.435100311945926E-004,-7.677723295985464E-004)
 (-1.464852225347083E-004,-6.024775418688089E-004)
 (-1.042769893378680E-003,1.726272488060409E-004)
 (-9.423651759674265E-004,-6.409557950141055E-004)
 (-8.951193739549847E-004,1.535730172537715E-004)
 (0.000000000000000E+000,0.000000000000000E+000)
 (5.823346744338950E-003,9.813801190240126E-003)
 (6.377828286209098E-003,2.253781656534811E-003)
 (4.110270832218058E-003,-6.177601797877242E-003)
 (-1.233917236565985E-002,3.114683618901108E-003)
 (4.738414068004275E-004,5.552092262284250E-004)
 (-9.211546033063468E-003,-6.172840354458802E-003)
 (-9.743235224434835E-003,1.686320766353103E-003)
 (-1.395563266421855E-002,3.411817193013411E-003)
 (-1.117009567371748E-002,2.396214276618639E-003)
 (-2.226186949256569E-003,-9.125026065101896E-003)
 (-1.305641020495649E-003,-5.719498681563951E-003)
 (-9.627568052798315E-004,1.679881964628269E-003)
 (-1.304338413450089E-003,-6.300774256310674E-003)
 (-7.825045873265843E-003,-5.343199010900781E-003)
 (-7.802592252015116E-003,-5.283704634981836E-003)
 (-9.755140473783363E-004,1.472697801950238E-003)
 (-6.090581625285281E-003,-4.193549453915660E-003)
 (-5.793757396236217E-003,1.185677827693283E-003)
 (-8.590815515271270E-004,1.560937693015871E-003)
 (-4.663330391364610E-003,-2.943942303021253E-003)
 (-3.986611727777375E-003,8.977822460967658E-004)
 (-3.786502331461779E-004,7.413061552781562E-004)
 (-5.143706905886102E-004,-2.812223764763096E-003)
 (-3.714772150512584E-003,-2.333401192786605E-003)
 (-4.737819453494963E-004,7.307620405468011E-004)
 (-4.510698072394373E-004,-2.114613379180940E-003)
 (-4.765851644000811E-004,-2.212542236504853E-003)
 (-2.990930610568651E-003,6.826847537910151E-004)
 (-2.617830049857191E-003,-1.755958163648606E-003)
 (-2.984225664017846E-004,-1.464006075552302E-003)
 (-4.253254094942151E-005,1.105279058476261E-004)
 (-3.064109009193724E-004,4.658333844664569E-004)
 (-1.462747635335678E-003,-1.014033665748970E-003)
 (-1.471009368389071E-003,3.211253968633206E-004)
 (3.185597804785333E-006,4.277205467039267E-005)
 (-8.950229741509052E-004,-6.139396612149052E-004)
 (-1.058339605425437E-003,2.003581036228137E-004)
 (-1.040179515527685E-003,2.049890113178674E-004)
 (-9.124675109824299E-004,1.646431846632324E-004)
 (-1.012348617474230E-003,2.448269372577373E-004)
 (-1.481268092133296E-004,-7.283204104506944E-004)
 (-2.586114103502600E-004,3.729586372645960E-004)
 (-5.921834447011488E-005,-3.362575205402301E-004)
 (0.000000000000000E+000,0.000000000000000E+000)
 (0.113314227330033,0.248902377825327)
 (6.285386056153805E-002,2.182467353068222E-002)
 (-9.063502292336621E-003,2.622247819898923E-002)
 (-5.027843340425256E-003,2.215199954663269E-003)
 (-4.159031236055133E-003,1.226079115866887E-002)
 (7.413112308911692E-003,2.446839897588633E-003)
 (3.180270875192594E-003,-1.285715330090540E-003)
 (-7.246897675482276E-003,3.540176897357477E-003)
 (-2.102496625914797E-003,1.049749881080899E-003)
 (3.135012224373518E-004,1.036983017292709E-003)
 (2.357444528241719E-004,7.021982875695392E-004)
 (-6.036650839736060E-004,1.675950246790574E-003)
 (5.723357118541609E-004,1.352808874654651E-003)
 (-1.093802057464641E-003,-4.176730979050265E-004)
 (-1.667189357740402E-003,-5.653087472788161E-004)
 (-5.152629495954288E-004,1.383033648426294E-003)
 (-1.115466304135046E-003,-4.239595403550469E-004)
 (-1.842802551745662E-003,8.754158132956894E-004)
 (-2.345863189499049E-004,7.227897786059364E-004)
 (-8.937276750724307E-004,-2.578621411277686E-004)
 (-1.038441304971836E-003,5.344871058563355E-004)
 (-2.777390858087669E-004,7.933407270997322E-004)
 (1.931539880324894E-004,4.161083574489703E-004)
 (-1.047655435561412E-003,-3.482294770974033E-004)
 (-4.096819998727391E-004,1.094703292525666E-003)
 (-1.264752487690154E-004,-2.290932990277364E-004)
 (1.955744997400087E-004,4.899489455744165E-004)
 (-9.087322296311507E-004,4.436594716323614E-004)
 (-8.967812408954180E-005,-6.391346724786320E-006)
 (-1.623245827851544E-004,-3.153372944744424E-004)
 (-4.330883411993523E-004,1.230407524799539E-003)
 (1.304901416916771E-004,-3.685829935154366E-004)
 (-9.500135048770375E-004,-3.535000356624057E-004)
 (-8.172268461236385E-004,3.889783742982350E-004)
 (-2.328148594812799E-004,6.968237741307433E-004)
 (1.633592937057613E-004,4.249733336910750E-005)
 (-3.662743188643041E-005,3.017833740310541E-005)
 (-7.137425124851713E-006,1.364026039433773E-005)
 (1.224593829269973E-004,-6.336763592851074E-005)
 (-3.572057053831030E-004,1.832218855764110E-004)
 (1.349183685295886E-004,2.811715445740204E-004)
 (7.608184971626380E-007,-2.808500728077430E-005)
 (-8.160707892009377E-005,-1.638355265221147E-004)
 (0.000000000000000E+000,0.000000000000000E+000)
 (8.250353908922134E-002,-3.434522036271650E-002)
 (-2.734502506350765E-002,6.790713197338163E-002)
 (-2.579653284932436E-002,-1.153153803515111E-002)
 (4.407798548218683E-003,1.301243627724673E-002)
 (-8.482386397962121E-003,-3.748474978833945E-003)
 (1.168837051805028E-003,-2.874162758226998E-003)
 (2.532439533263283E-003,6.984176675305951E-003)
 (-3.762411370658547E-003,-1.022026874524260E-002)
 (-3.368391971629921E-003,-8.838200716368788E-003)
 (-2.046554442770264E-003,6.621602646679992E-004)
 (2.375105946710696E-004,-1.452380865797197E-004)
 (-4.112181602611612E-005,-4.093622006779270E-006)
 (-2.919274986240875E-004,3.838389973639768E-005)
 (1.013168271731215E-004,-3.372232734905744E-004)
 (4.737056432745235E-004,-1.245865938305130E-003)
 (-1.114434582575935E-003,-5.125203362746180E-004)
 (1.402648605881594E-004,-3.600521231109450E-004)
 (-5.633906289760505E-004,-1.416819564913597E-003)
 (-1.577559605408836E-003,-6.816356095440904E-004)
 (4.574124109204747E-004,-1.023147389729495E-003)
 (-4.782572580196791E-004,-1.201692447176456E-003)
 (-5.693070919212723E-004,-2.874887663072672E-004)
 (-4.383438275806473E-004,1.435808452036545E-004)
 (-3.411362988326157E-004,6.195478855652535E-004)
 (-9.566072079051226E-004,-4.234888690441195E-004)
 (-2.762616072803047E-004,9.266334994847264E-005)
 (-2.024055815875201E-004,5.164242335828144E-005)
 (1.457259808793078E-005,6.575280969201383E-005)
 (2.453247918173618E-004,-5.949055136303719E-004)
 (-3.268171778016239E-004,8.156096361497926E-005)
 (-2.917358025358452E-004,-1.371082777715282E-004)
 (1.957637728388835E-004,8.867157554737424E-005)
 (-1.243444742945828E-006,-2.588923472778454E-006)
 (-2.729787075175985E-004,-7.196497128478559E-004)
 (-7.328211743717612E-005,-3.961375420753105E-005)
 (-6.602026785346922E-005,1.163663212570438E-004)
 (-2.271244807175310E-004,-6.063324659621726E-004)
 (1.214608147559785E-004,2.968152982882125E-004)
 (3.538770685554264E-005,1.005961702209076E-004)
 (-2.498155818457885E-004,-6.548568015341317E-004)
 (4.597160072691875E-005,-1.942337689228234E-005)
 (-4.055454600080438E-004,-2.009493226272057E-004)
 (5.688110196484851E-005,-2.307692802268616E-005)
 (0.000000000000000E+000,0.000000000000000E+000)
 AAAAAA
 (2.668209500583676E-002,-4.470225491969435E-002)
 (6.660369297446341E-003,2.520132749997436E-002)
 (-6.809071114136556E-003,1.967106352905010E-003)
 (-5.002786517018111E-003,-3.039901905544222E-003)
 (-1.187996974090965E-002,2.957653157162709E-003)
 (-7.399013363551352E-003,-4.488264627550113E-003)
 (7.634747055121375E-004,3.444691092019677E-003)
 (-5.434816692602554E-003,-3.440382299217592E-003)
 (-5.579284464790846E-003,9.644569416239000E-003)
 (-5.568973408211370E-003,-3.250541406855142E-003)
 (-1.076043368106965E-002,2.368354952114550E-003)
 (-4.075302587541157E-003,6.293840325273949E-003)
 (-3.850281810209142E-003,6.771315117518903E-003)
 (3.928618778524014E-004,1.574311158181955E-003)
 (4.765139108969443E-004,1.647577363926558E-003)
 (-3.587533457239619E-003,-2.086921952007542E-003)
 (-7.274286634399207E-003,1.743080016349581E-003)
 (2.792276098475491E-004,1.145642657169732E-003)
 (5.402592164838490E-004,1.275031597998343E-003)
 (-6.112586264611351E-003,1.530691915155028E-003)
 (-4.254695226010278E-003,1.137983187364191E-003)
 (-2.295498482358653E-003,-1.278109008825805E-003)
 (-1.843871140021230E-003,3.008529103621691E-003)
 (-1.677923380365058E-003,2.860319991779439E-003)
 (-1.687649802088626E-003,2.810759258886391E-003)
 (2.229148766232682E-004,7.464248839559894E-004)
 (-2.943371663625301E-003,7.849706377841171E-004)
 (1.079691811868041E-004,6.395404049217012E-004)
 (-2.327956459826344E-003,6.178166876657182E-004)
 (-1.343241440999478E-003,-7.620534014506565E-004)
 (-9.906132267458823E-004,1.611912488345621E-003)
 (-1.047524882391390E-003,-6.601059817227892E-004)
 (-6.867723937041123E-004,-3.881983762123200E-004)
 (-6.583549275167720E-004,1.126653092571171E-003)
 (-8.400533086439800E-004,-4.994480251591667E-004)
 (-1.696925840470444E-003,4.088014383691585E-004)
 (2.600472812578839E-005,3.398817993707361E-004)
 (-1.213862124694262E-003,3.077749014984648E-004)
 (-4.771849854276225E-004,8.167126474976071E-004)
 (-6.136243104623614E-004,-3.997958451849537E-004)
 (-5.878615030398581E-004,-3.085523761618658E-004)
 (-9.847171728619860E-004,2.552807621197979E-004)
 (-4.910005809341552E-004,7.840938734403476E-004)
 (3.335750145363586E-005,1.267833279671155E-004)
 (-3.090979812129638E-002,-2.886133566303644E-002)
 (2.625032759085334E-003,3.999183014936330E-004)
 (-7.335507767198578E-004,-2.824580388700979E-003)
 (-4.563149857266664E-003,5.843413341664033E-003)
 (1.152255451379587E-004,-1.320837691641048E-003)
 (-5.841962271298943E-003,6.387457599969075E-003)
 (-1.222474618177159E-002,7.736412884012164E-005)
 (-8.236297424749052E-003,9.195333090469385E-003)
 (-7.960441536750599E-003,-7.454156596610867E-003)
 (-6.203833405034474E-003,6.928286993813965E-003)
 (7.247017738928061E-005,1.048776500520679E-003)
 (-4.080199259186231E-003,-3.820407065118229E-003)
 (-3.502265584596383E-003,-3.583979559215058E-003)
 (-8.119191969277016E-003,1.327313390905843E-004)
 (-7.258445313654271E-003,4.405118529915283E-004)
 (-3.917027650168442E-003,4.273965813025753E-003)
 (-9.040758960975450E-005,1.169240582228336E-003)
 (-6.722088149401121E-003,4.727881917722886E-004)
 (-7.032345376433099E-003,2.333787628747176E-004)
 (1.334099794961963E-004,1.168334499831234E-003)
 (-5.222236034972986E-005,5.662436397329300E-004)
 (-2.446837805499156E-003,2.659522133010196E-003)
 (-1.753786941497237E-003,-1.494451443793488E-003)
 (-1.985557728883383E-003,-1.843773618537825E-003)
 (-1.976061590560232E-003,-1.794474773027369E-003)
 (-3.627398256779255E-003,1.148334286801796E-004)
 (7.305993027380330E-005,4.649917480443613E-004)
 (-2.763646822697728E-003,1.261304500509953E-004)
 (-4.055419873483506E-005,-2.729439334464695E-004)
 (-1.201640621423867E-003,1.425607255686292E-003)
 (-7.916636181200302E-004,-6.902240765675670E-004)
 (-1.029165627700998E-003,1.063710372754404E-003)
 (-9.685670109686119E-004,1.017212920758257E-003)
 (-9.039740205652720E-004,-7.955410798191748E-004)
 (-6.512475871138337E-004,7.416324581156829E-004)
 (-2.156072198597849E-005,5.051917836014475E-004)
 (-1.118156013612827E-003,6.616571645025684E-005)
 (1.755508093148107E-005,5.092927933326706E-004)
 (-3.607342623975107E-004,-3.067533114768080E-004)
 (-5.181670136728204E-004,5.880363808014085E-004)
 (-6.796690890662269E-004,7.806012681398310E-004)
 (8.395215106877802E-007,-8.828714032869494E-005)
 (-2.905136630843834E-004,-2.276109668408863E-004)
 (-1.059301115380902E-003,5.944369208460082E-005)
 (-3.820310743514858E-002,7.380947814669189E-002)
 (2.906591011386603E-002,9.918437910747117E-002)
 (-1.305345232072878E-002,4.181822029798680E-003)
 (1.791758035342453E-003,1.666439287880758E-003)
 (-1.544902222805746E-002,4.317540426088836E-003)
 (2.266483738261938E-003,1.242366959673010E-003)
 (6.012766969176828E-005,-8.315906820317892E-004)
 (-1.066707136573126E-002,-6.058984678633179E-003)
 (-8.701053240832064E-004,1.645119021559550E-003)
 (-5.258332725226671E-003,-2.980563687034267E-003)
 (-2.158640734361722E-003,4.582756704456781E-004)
 (-4.332118626279450E-005,2.958729469608478E-007)
 (3.425196908986936E-004,-3.216781103557331E-004)
 (-5.827659928712410E-004,-2.689475814010124E-003)
 (-7.045635168252044E-004,-2.566443959483472E-003)
 (-3.060139064236777E-003,-1.792817664152526E-003)
 (-2.131612709891424E-003,4.573491817797374E-004)
 (-7.658630139554575E-004,-2.650633325825993E-003)
 (-5.541626281035791E-004,-2.475761730173576E-003)
 (-1.462441811312635E-003,3.951891968728589E-004)
 (-2.054772507540418E-003,5.364326035963878E-004)
 (-2.093467666587333E-003,-1.209658307239077E-003)
 (1.552395137261432E-004,-3.765233537457735E-004)
 (-7.191647996260421E-005,1.542321236286142E-004)
 (-7.937693682590185E-005,1.424914410742188E-004)
 (-2.867212153262744E-004,-1.210155267418176E-003)
 (-1.113189591397201E-003,3.137879419514055E-004)
 (-1.882011040977987E-004,-7.335724548900784E-004)
 (-1.190194780468018E-003,3.181061980647018E-004)
 (-8.188137662496675E-004,-4.397526360432410E-004)
 (4.540197146219273E-005,-1.668233018774440E-004)
 (-6.799792976681768E-004,-4.225791091742430E-004)
 (-1.138157103870227E-003,-6.702442111938766E-004)
 (-6.556037195048361E-005,1.414018713094265E-004)
 (2.114286843684485E-004,9.338410809329122E-005)
 (2.765295808369450E-004,-1.100586200122346E-004)
 (2.933515239780945E-005,9.082077420572175E-005)
 (-3.355050490928287E-004,7.324913671416850E-005)
 (1.191779753446131E-004,-2.402858737514918E-004)
 (-7.181027784168589E-005,-4.404496987211440E-005)
 (-9.104957771196788E-004,-5.071416793948333E-004)
 (-4.899427906327049E-004,1.385496032329840E-004)
 (1.152938077568170E-004,-2.408743756716041E-004)
 (-1.762403359773275E-004,-6.461047078962426E-004)
 (0.164559088114562,2.587076910219098E-002)
 (-1.482509353992424E-003,-1.035392926989463E-003)
 (-3.398226877441849E-003,-3.460429625206089E-003)
 (-1.547334707817674E-003,9.720817763113213E-003)
 (-6.175896687184008E-004,2.165902999527361E-004)
 (6.125463059413207E-004,-4.375320209337210E-003)
 (7.237497972069063E-003,-5.658673201691273E-003)
 (4.400540889926302E-004,-2.969501330183515E-003)
 (-1.997342237802389E-003,-2.551686009394523E-004)
 (4.204014882007976E-004,-2.734316160832151E-003)
 (1.091143208558967E-004,1.413090540963676E-005)
 (8.302334395854660E-004,3.475454818843091E-005)
 (1.181764373943380E-003,8.478858101903863E-005)
 (1.753016448917578E-004,-1.837136210408123E-004)
 (-8.509717717265880E-005,2.349024623894770E-006)
 (8.111981886028759E-006,-4.031121582146690E-005)
 (6.494902708473320E-005,2.219791341419158E-006)
 (4.599418023277335E-004,-3.934569457348698E-004)
 (-2.670338068679258E-005,-3.706009096319165E-005)
 (1.095474871917815E-004,8.242461597189797E-005)
 (-1.451706856136798E-005,-1.164211968884984E-005)
 (7.331841066535497E-006,1.895660618229030E-005)
 (2.741272922583573E-004,2.665357545993994E-006)
 (-1.773040512892671E-004,-4.908648464544920E-005)
 (2.361156249756987E-004,-4.926916479156136E-006)
 (4.479513196157113E-004,-3.395246882970928E-004)
 (7.253554045113738E-005,5.156114412479932E-005)
 (-1.220954727487668E-003,8.690003181406321E-004)
 (2.977419382695611E-005,8.678393901847647E-006)
 (-2.175289833017810E-004,1.499077199086228E-003)
 (-1.043162763735758E-003,-1.816388843567797E-004)
 (1.318144244160721E-004,-9.599882749819347E-004)
 (1.404283156471964E-004,-1.016419307292961E-003)
 (8.162502684714609E-004,1.341855804742451E-004)
 (3.770283744476791E-005,-5.588099936419315E-004)
 (4.003359351282202E-005,-3.649369189648468E-005)
 (2.726088153198434E-004,-1.910990617553515E-004)
 (4.415346463264942E-006,-1.116807032776326E-005)
 (4.361848716222230E-004,5.380636828076482E-005)
 (-3.169580266513945E-005,1.467987511332303E-004)
 (-3.852323038741334E-005,2.987234471371848E-004)
 (1.314660388962861E-005,2.979935934047977E-005)
 (1.276947173630110E-004,-2.122491561176361E-005)
 (-4.067264348215495E-004,3.060626054582231E-004)
 AAAAAA
 (5.298969967595539E-002,-1.741648471506396E-002)
 (-3.174097346416559E-003,6.421560510265666E-003)
 (-5.170728179123026E-003,-3.291525261312114E-003)
 (-1.070551849370247E-002,-6.319015223086246E-003)
 (-1.966122845083952E-003,-8.108040476997955E-003)
 (-2.076525041314110E-003,-7.071242639891678E-003)
 (-1.086155089161353E-002,3.144604526584445E-003)
 (-1.865735854445874E-003,-7.237579365395679E-003)
 (-2.147768337491271E-003,-7.317037914736814E-003)
 (-2.907815764004642E-004,1.053895743868727E-003)
 (-5.719343371701794E-004,9.276121414459539E-004)
 (-6.606438730354726E-003,2.102268289331269E-003)
 (-7.018580797929443E-003,-3.932532005219180E-003)
 (-2.155857399239003E-004,7.875844711323896E-004)
 (-2.908631413648809E-004,6.492749586796995E-004)
 (-5.647945548096547E-003,1.634408620373250E-003)
 (-5.571170834694560E-003,-2.924816964089808E-003)
 (-5.695219951715850E-003,-2.986532968764420E-003)
 (-8.918754620227589E-004,-3.284711275740163E-003)
 (-3.859309660065096E-004,5.283171992237949E-004)
 (-6.706871782671856E-004,-2.462834230936121E-003)
 (-2.834494092053355E-003,-1.526992853166839E-003)
 (-1.624207859136856E-004,2.992937786975936E-004)
 (-2.364154977189720E-003,6.506404565704989E-004)
 (-2.296855067396737E-003,7.072028075068356E-004)
 (-2.191623669604550E-003,6.180210913551736E-004)
 (-2.093739609106503E-003,6.481084336344755E-004)
 (-2.639838969953057E-004,2.429761135552159E-004)
 (-2.251837015008730E-003,-1.257075307211516E-003)
 (-4.869092746041214E-004,-1.644746641779426E-003)
 (-4.549807236636255E-004,-1.560660867662707E-003)
 (-7.782396545334279E-005,2.398585111675432E-004)
 (-2.230246580895477E-003,-1.188517611898845E-003)
 (-1.642393449753666E-003,-9.367728924740081E-004)
 (-3.759674209693945E-004,-1.296762240427440E-003)
 (-3.787212500421941E-004,-1.332770672532915E-003)
 (-1.250400485274683E-003,3.399737029660324E-004)
 (-1.306677707070957E-003,-6.896827953660510E-004)
 (-9.784086857884990E-004,2.629132891707872E-004)
 (-1.687232086550278E-004,-6.524676958758504E-004)
 (-7.560434711954854E-004,1.852028277727076E-004)
 (-9.507611670592159E-004,-5.081265514347168E-004)
 (-7.052535136878956E-004,2.223402997768507E-004)
 (-7.244371688824304E-004,-4.216498122828148E-004)
 (1.278869135455953E-002,4.285346120222600E-002)
 (3.210035495248641E-002,1.730181982371207E-002)
 (-2.570479639619204E-003,7.490831290529061E-003)
 (-6.021496095671167E-003,1.185283752427303E-002)
 (7.729494155156683E-003,-2.438397264271178E-003)
 (8.093241781866966E-003,-2.357474626388618E-003)
 (5.667122640174181E-003,1.780473365575963E-002)
 (5.361902814520911E-003,-1.876637718770328E-003)
 (5.586763286112653E-003,-1.628692108788384E-003)
 (9.091137677312292E-003,4.625312979365250E-003)
 (7.653311445918560E-003,3.887279359600865E-003)
 (2.247001104502939E-003,6.936536254815632E-003)
 (-6.604130331766575E-004,1.375816510450481E-003)
 (5.790167222452181E-003,2.973632677598427E-003)
 (5.989714040097214E-003,3.020586659296809E-003)
 (1.788798683963076E-003,5.198773087933219E-003)
 (-2.087245437162812E-004,8.863524086940786E-004)
 (-3.744977849667835E-004,8.113860019389758E-004)
 (2.671486777107358E-003,-9.312878229917281E-004)
 (4.819102121142805E-003,2.566559105184192E-003)
 (1.698036998247937E-003,-4.639706833669037E-004)
 (-4.057411177589878E-004,7.108152856284086E-004)
 (2.504287458833605E-003,1.275120395996006E-003)
 (8.540100472727159E-004,2.802696969730983E-003)
 (8.463354177084431E-004,2.759460545077117E-003)
 (5.686387566358503E-004,2.009947854070630E-003)
 (5.945441305067749E-004,1.849530899597928E-003)
 (2.489423819759147E-003,1.377502123004298E-003)
 (-3.462813153515269E-004,5.377476311321363E-004)
 (1.134846809835065E-003,-2.922520991633695E-004)
 (1.111936315865780E-003,-3.534613342893649E-004)
 (1.727692174665404E-003,8.240792195930447E-004)
 (9.080309201004453E-005,-7.247916460923019E-005)
 (-4.349741442764590E-004,8.879093070929848E-004)
 (6.921850045627646E-004,-2.485628115372811E-004)
 (7.396625287412280E-004,-2.311908248305310E-004)
 (1.218824487078854E-004,3.788307412353765E-004)
 (-2.389937027532751E-005,9.266889072823061E-005)
 (2.677507295128478E-004,8.055535713183990E-004)
 (5.878579716503038E-004,-1.805642967320048E-004)
 (2.564438129221768E-004,9.068307554311343E-004)
 (-1.038766443206302E-005,1.525374515188476E-005)
 (1.697630063038906E-004,4.637038316669921E-004)
 (-1.627438725564679E-004,3.330219493453719E-004)
 (7.763536205549720E-002,6.078409248813778E-002)
 (4.441926488622201E-002,3.480414747316621E-002)
 (-1.072329431087174E-002,-3.364193856859288E-002)
 (-2.630201086998240E-003,2.378891229523260E-003)
 (4.155161941675745E-003,6.970112151578112E-003)
 (-3.888723178374110E-003,-7.637788308341933E-003)
 (-2.456583926992496E-003,-1.828083428885543E-003)
 (2.949751045538512E-003,-1.632543597689370E-003)
 (1.669786215711287E-003,-3.923832033386028E-003)
 (3.888240650992414E-003,2.226247773386186E-004)
 (5.842492218462647E-004,-8.803281900830622E-004)
 (3.047912847850149E-004,3.110239559443450E-004)
 (2.694813512042059E-005,-6.834068234642403E-005)
 (6.253973355112438E-005,3.273308385427451E-005)
 (-1.627877626500250E-004,5.685235328351214E-005)
 (-4.021757689170799E-005,3.413891613929030E-005)
 (7.753083822367713E-005,6.222644243720379E-004)
 (-3.073905198825139E-004,-1.244542999008609E-004)
 (-2.628771155659805E-004,-4.025233203759669E-004)
 (-2.809453066561413E-004,-2.273832471137434E-004)
 (-3.880816072060377E-004,7.103099869335904E-005)
 (-1.967204975125978E-004,-8.282323114784613E-005)
 (-9.156570866891015E-004,4.465096882235774E-004)
 (-1.284814968331580E-004,-9.050361519970357E-005)
 (1.024775575408160E-004,7.671110450062828E-006)
 (8.197062267730240E-005,-1.949775908297679E-004)
 (-3.413200400512140E-004,3.095938385054334E-005)
 (5.093706570577305E-004,-3.660348075895174E-004)
 (8.739760434215490E-005,7.360685053707193E-004)
 (-7.675109485770431E-004,1.451811692252029E-003)
 (1.094812061253176E-003,-7.858564758187589E-004)
 (1.075993181888547E-003,4.105120480728257E-004)
 (1.116072724646638E-004,-1.675278439413239E-004)
 (-2.444869851797609E-005,-2.347506030484821E-005)
 (4.792186066288306E-004,-1.164969932770794E-003)
 (4.388999137104180E-004,3.126884503438653E-004)
 (1.523006760038679E-004,2.171751126267904E-004)
 (1.668722940842697E-005,-4.782856759247320E-004)
 (4.782655796714314E-005,2.452961543789010E-004)
 (8.012046579476592E-005,-5.439104306660666E-004)
 (1.598759269178809E-004,1.795200884341057E-006)
 (-7.591688194746781E-005,2.535795157557957E-005)
 (1.445623575597414E-004,-5.523482464076243E-006)
 (2.997633607102742E-005,1.195476417187141E-004)
 (1.974766705956168E-003,4.435194980624380E-002)
 (0.107641486588902,-1.714563676032133E-002)
 (1.740115515241762E-002,9.436211614677338E-003)
 (9.801343876594485E-004,8.168488803914926E-003)
 (8.152354795745935E-003,-1.689533922556670E-002)
 (-7.930047806494627E-003,1.753100608024597E-002)
 (1.295937223462176E-004,-1.222384433794979E-003)
 (2.953940883956442E-003,-2.779547520570539E-003)
 (1.797967068266662E-004,3.053111379341925E-003)
 (2.515359613695270E-003,7.561926859010269E-004)
 (-1.877883250385841E-003,8.345882720481553E-004)
 (-8.351641380958491E-006,1.958616801701686E-004)
 (-5.171449756768921E-005,-2.482566783348200E-004)
 (8.278283961378490E-005,-1.615879907137309E-006)
 (1.190808946224271E-005,-7.213597169281428E-005)
 (-6.069582771619842E-006,3.313918504234934E-006)
 (-2.632677506999413E-004,1.453426946346713E-006)
 (2.127301148919652E-004,5.256600995079374E-004)
 (-4.883802930219410E-004,1.011115864249419E-003)
 (-5.859516267164445E-004,8.768077555831375E-005)
 (-4.200732578048679E-004,5.655820058217123E-004)
 (1.466120979462248E-004,3.050817927957613E-004)
 (5.425225153536811E-004,-5.603571031993743E-004)
 (2.527864850899464E-005,-7.303680146184876E-005)
 (-1.270513337223664E-004,-2.275416380739176E-005)
 (-4.692456384685675E-004,-2.680881212396524E-004)
 (4.666213548611025E-004,1.517893101349624E-004)
 (-5.812807914539201E-004,4.146005882651049E-004)
 (-3.113946607455721E-004,3.381780682848223E-005)
 (-2.936229444940679E-004,-8.265740093326726E-004)
 (1.005706231273330E-003,-7.424874878178708E-004)
 (1.585226942322264E-003,-6.229182213461258E-005)
 (-8.873748122863683E-005,-4.533611047229420E-004)
 (2.115435979393357E-006,-2.411983408470682E-005)
 (7.373056994438612E-005,8.519465689501671E-004)
 (6.876544956403685E-004,-1.246282965767847E-003)
 (1.104456482558065E-004,1.778653870017377E-004)
 (1.292244480625392E-004,-2.627899765752494E-004)
 (3.817234848729200E-004,2.520442418428077E-004)
 (-9.797139605768017E-005,6.165222880921408E-004)
 (-2.431068919720007E-004,-7.853872115326188E-005)
 (6.193756393790879E-005,1.851281910818078E-004)
 (-2.137861255575392E-004,-6.987687000397643E-005)
 (-5.563110829720445E-005,-1.718462493563903E-005)
 AAAAAA
 (5.205371935160398E-002,-2.993205156522571E-003)
 (-8.304071085291206E-003,1.075824509457340E-002)
 (-5.128512784679023E-003,-4.155279834756990E-003)
 (-1.005894576796925E-002,-8.191196809594615E-003)
 (-6.690806961410059E-004,-5.597493525958263E-003)
 (-6.290034334742034E-004,-5.755637081218316E-003)
 (-1.251534697459535E-002,1.023382134327656E-003)
 (-2.636416207689376E-003,2.837861872084280E-003)
 (-7.634917433013054E-004,-6.982458383841796E-003)
 (-9.177284552487658E-004,-6.678353410543535E-003)
 (-1.694710403354290E-003,1.825446357403483E-003)
 (-8.165081246371247E-003,6.860621594349046E-004)
 (-8.188805714874649E-003,7.443618015218728E-004)
 (-6.338391274023697E-003,-5.498364052812099E-003)
 (-1.357228328327783E-003,1.431077523223255E-003)
 (-5.215699005609480E-003,-4.006430676065922E-003)
 (-9.915590839543597E-004,1.197146357782122E-003)
 (-1.339356029043411E-003,1.622517717079887E-003)
 (-2.033694629234418E-004,-3.051689348071180E-003)
 (-4.321401708313327E-003,-3.660982808613653E-003)
 (-3.387535473555115E-003,2.137739682482585E-004)
 (-6.123495196618394E-004,8.316730116779653E-004)
 (-2.410490518530917E-004,-2.026902170995832E-003)
 (-2.729762882171347E-003,-2.161909362004422E-003)
 (-3.183693811348857E-003,3.712083361662249E-004)
 (-2.417712521664712E-003,-2.051860456339840E-003)
 (-2.603628369539659E-003,2.122966420514076E-004)
 (-2.653688960061958E-003,2.811006515217733E-004)
 (-5.934516981159488E-004,7.727931592999624E-004)
 (-1.372011145955511E-004,-1.495601714439804E-003)
 (-1.912624866707831E-003,-1.483052432453854E-003)
 (-2.749096647164537E-004,3.832240063454023E-004)
 (-1.088101618981855E-004,-1.195927659408493E-003)
 (-1.561470960619876E-003,-1.399755890545798E-003)
 (-7.940677210892884E-005,-9.706832657351910E-004)
 (-8.003022868521806E-005,-8.811902766233974E-004)
 (-3.306229502935194E-005,-5.347502012294782E-004)
 (-8.311150511019937E-004,-6.986640959477904E-004)
 (-1.064780675964412E-003,7.434578096875711E-005)
 (-9.524529510685682E-004,9.457681366681003E-005)
 (-9.632245308672941E-004,9.722555853632333E-005)
 (-7.999106975824518E-004,-6.827336961998002E-004)
 (-4.413287796205714E-005,-3.606600091105071E-004)
 (0.000000000000000E+000,0.000000000000000E+000)
 (-1.610221890814856E-002,-4.965450703139433E-002)
 (-1.592415242400667E-002,-7.855947024778809E-003)
 (6.072928066238142E-003,-1.197725743627381E-002)
 (2.610339771679364E-003,-5.510639501337676E-003)
 (-9.021533930312608E-003,2.395331122191504E-003)
 (-9.000991002957247E-003,2.519222888791512E-003)
 (-2.903154560457217E-003,-1.022780899330887E-002)
 (-9.118064027826908E-003,-5.179356664995144E-003)
 (-8.559091135922712E-003,2.652106804126726E-003)
 (-8.085317980860646E-003,1.936524420804892E-003)
 (-6.830047132601495E-003,-4.007888597659510E-003)
 (-1.382616049151523E-003,-4.939050391833630E-003)
 (-1.059630344759723E-003,-4.081862176778753E-003)
 (-4.155129668361329E-004,6.995694066039763E-004)
 (-5.368427590670262E-003,-3.015822183926933E-003)
 (-5.423375907170340E-004,8.924844640072144E-004)
 (-4.265058271836804E-003,-2.447405787147698E-003)
 (-4.901681234044426E-003,-2.937630512544053E-003)
 (-4.003049461210056E-003,1.135978929980549E-003)
 (-5.995356313775418E-004,8.998603430141704E-004)
 (-6.281136482332369E-004,-2.329519660438905E-003)
 (-2.751538728844559E-003,-1.493434529237526E-003)
 (-2.549752466863503E-003,6.679896941107242E-004)
 (-3.287530131143368E-005,1.982107850111153E-004)
 (-5.637703398455230E-004,-2.071310059020383E-003)
 (-1.181107213821639E-004,2.672255556338611E-004)
 (-3.425950491995419E-004,-1.335643473188358E-003)
 (-3.617446528904851E-004,-1.304941314169240E-003)
 (-2.346881948401543E-003,-1.299989026027292E-003)
 (-1.987596451815457E-003,5.252797376063266E-004)
 (1.685087727218132E-004,-3.066635594076539E-004)
 (-1.204155484332849E-003,-7.183477613704501E-004)
 (-1.170682478438671E-003,3.623443053010131E-004)
 (-3.735294418775088E-004,6.982612669311392E-004)
 (-1.050691617011913E-003,2.650230259985514E-004)
 (-9.193899878395014E-004,2.421457668335435E-004)
 (-7.143221927914730E-004,1.992438151197556E-004)
 (5.178536349527547E-005,-1.329815755295032E-004)
 (-5.072536802029372E-005,-2.382264006377054E-004)
 (-1.167088257503837E-004,-4.399651537794079E-004)
 (-1.972626377846504E-004,-6.803747965440587E-004)
 (-9.753705534954030E-005,1.643060373202322E-004)
 (-5.551399430957931E-004,1.465383441370415E-004)
 (0.000000000000000E+000,0.000000000000000E+000)
 (-0.183873276785957,-6.055527468587921E-002)
 (-4.586775332119766E-002,2.345019210174294E-002)
 (4.615707593474117E-003,5.414649232251820E-003)
 (-5.019196995981220E-003,-1.037192921443632E-002)
 (3.832551554868823E-003,-1.173629100244922E-002)
 (3.989090445080837E-003,-1.126319882604441E-002)
 (4.186653133373282E-003,1.194582294790595E-003)
 (7.581258176743370E-004,-5.228776111942200E-004)
 (9.640870177704385E-004,-4.391512293885002E-003)
 (1.397259201907325E-003,-3.658711244496730E-003)
 (4.976784413255626E-003,-2.588281703417450E-003)
 (1.402114909145099E-003,2.804356540408582E-004)
 (1.236445890324696E-003,3.080111265728545E-004)
 (-9.212105459793988E-004,-2.015055497006419E-003)
 (4.150700487984369E-003,-2.300425588492120E-003)
 (-8.091829470102114E-004,-1.625682196827980E-003)
 (2.949474024609851E-003,-1.637968412295614E-003)
 (3.739364132094627E-003,-1.840139427980820E-003)
 (1.254620385376811E-003,-4.011422859433827E-003)
 (-4.591599367851092E-004,-1.159363016982445E-003)
 (9.287137142258862E-004,2.243733102142507E-004)
 (2.676465395554984E-003,-1.485914782008763E-003)
 (7.882140984718365E-004,-2.433629090287337E-003)
 (-5.368547041646062E-004,-9.653144982362625E-004)
 (5.296188808509917E-004,1.355189824191471E-004)
 (-5.061495214541517E-004,-1.012521925436461E-003)
 (9.467688776259537E-004,2.932984922883093E-004)
 (9.470302562249995E-004,2.400964613732380E-004)
 (1.196004466056227E-003,-6.649230125825017E-004)
 (8.133774556423725E-004,-2.573198832217880E-003)
 (-4.585670818011335E-004,-9.360502662525392E-004)
 (-2.374849289608722E-005,-1.767655480546036E-005)
 (-8.154166809207154E-005,1.476361307271431E-004)
 (-2.072891574784314E-005,-6.033495453279137E-005)
 (1.867943906473602E-004,-6.282904160636877E-004)
 (6.666663077377279E-005,-1.822356800417949E-004)
 (1.721077344291316E-004,-4.821885620570760E-004)
 (-2.487538550902142E-004,-5.581234832385457E-004)
 (2.627631909187030E-004,7.266399588639218E-005)
 (7.316736415559317E-005,2.067155994599728E-005)
 (9.467110044509781E-005,1.736639928544997E-005)
 (-3.377914038750387E-005,-7.940634382780790E-005)
 (2.168708264373809E-004,-6.774485969369802E-004)
 (0.000000000000000E+000,0.000000000000000E+000)
 (-3.551454879135978E-003,3.175923557129888E-003)
 (-3.050449868898151E-002,7.857600138635602E-002)
 (-3.266772855598014E-002,-1.349974422565774E-002)
 (-6.538035114738398E-003,-2.573587771218472E-003)
 (6.970082012897469E-003,1.517952095886498E-002)
 (-6.721985531822796E-003,-1.576090695270417E-002)
 (5.967628243437832E-005,3.860307030358983E-004)
 (-8.588405436454750E-004,2.638395930889823E-003)
 (2.258684797961135E-003,5.310094370895356E-003)
 (-2.473009625051707E-003,-5.632513415874393E-003)
 (8.442773700820065E-004,-1.609913012141508E-003)
 (2.867969612202817E-005,2.096683274171700E-004)
 (3.717601755738221E-007,1.967279177992922E-004)
 (5.630955453593497E-004,3.528466996675859E-004)
 (1.336522496145136E-004,7.825029676782840E-005)
 (1.193099958108784E-004,1.477475648242734E-004)
 (2.691817434657346E-004,-2.989317793113864E-004)
 (2.634592410767325E-004,-2.954041820524983E-004)
 (-4.114651176490224E-004,-1.003959174839281E-003)
 (-1.061151830283009E-003,-3.779658666407211E-004)
 (-1.389724614355250E-006,1.149359892183598E-004)
 (-2.106589226918490E-004,7.426826089550819E-004)
 (-2.174690346880817E-004,-5.688296078660820E-004)
 (-5.159624987819278E-004,-1.583365785933570E-004)
 (6.152729367612447E-005,6.200977623139120E-005)
 (1.158824635265379E-004,1.002021380426781E-004)
 (2.473447948019151E-004,6.718707249804768E-006)
 (-2.427482891243333E-004,1.887856628295193E-004)
 (2.710133022576531E-004,-5.628931234257849E-004)
 (3.135359252546765E-004,7.144173828297469E-004)
 (-4.422580659521276E-005,4.558057167002268E-005)
 (-4.251951597142350E-004,1.209104220597393E-003)
 (3.970765655995799E-004,9.142465296203184E-004)
 (5.202555361329226E-004,2.413227561614446E-004)
 (4.855775294262065E-004,1.106897584517337E-003)
 (-2.662941084321431E-004,-6.159649212680260E-004)
 (-3.034846785824837E-004,-7.229785083750790E-004)
 (1.253241175086932E-004,6.600130130147695E-005)
 (-4.539166587391469E-005,5.248188974703577E-005)
 (-1.254268778816272E-004,6.037518827184742E-005)
 (1.247782316328792E-004,-1.752704036987471E-005)
 (7.260279019003237E-005,3.667193437803332E-005)
 (6.006220262743731E-005,1.452447996208810E-004)
 (0.000000000000000E+000,0.000000000000000E+000)
