 AAAAAA
 (7.117854468137225E-002,5.815663175284897E-003)
 (-3.711278495550641E-004,2.523188753727774E-004)
 (4.479958557427358E-004,3.163644150647730E-004)
 (-3.225510101182463E-003,-4.248643034059654E-003)
 (4.551336198865977E-004,-8.302156512816622E-003)
 (-8.820545954005799E-003,-7.103937628884289E-004)
 (3.558363359739735E-004,-9.199801496211364E-003)
 (-1.247261793017925E-004,-2.155584825370779E-004)
 (6.944299268607347E-004,-7.239217823183671E-003)
 (-6.757550987911889E-003,-7.035456186837731E-004)
 (-8.175261215998767E-005,2.044703732702860E-004)
 (1.842113879548524E-004,1.819481985359225E-004)
 (5.202398781148803E-004,-6.341775694445308E-003)
 (2.560938490365652E-004,-3.254442641183891E-005)
 (-5.056975725026501E-003,-6.231371629100321E-003)
 (-4.737158999595981E-003,-5.211524793769645E-003)
 (5.102009484548729E-004,-4.538139040202440E-003)
 (-4.000851829360589E-003,-4.888199612958507E-003)
 (-4.400878649834323E-003,-3.624142280442550E-004)
 (-3.735446589024549E-003,-4.515468625892912E-003)
 (2.495303517835725E-004,-3.531006799330799E-003)
 (-3.527784070127019E-003,-3.093512476278237E-004)
 (-2.264293424375333E-003,-2.411491177225958E-004)
 (-4.657904470815237E-005,-2.218831796430243E-005)
 (-2.006241055825017E-003,-1.615220727960671E-004)
 (-4.982336613397855E-005,1.264144967311964E-004)
 (2.202894382715660E-004,-1.911292859653716E-003)
 (1.623583100611589E-004,-1.966532739941663E-003)
 (4.768863328032059E-005,-2.104274904082143E-006)
 (2.557965066854375E-006,-3.830558643352786E-005)
 (-1.539965760544808E-003,-1.617121204695624E-004)
 (-1.545995552759454E-003,-6.471575579789746E-005)
 (2.384469197435984E-005,-1.470918417500528E-005)
 (-1.216105609470028E-003,-1.448325098683580E-003)
 (-9.606038923177262E-004,-1.166664525485505E-003)
 (-1.025163531336646E-003,-1.174826631096545E-003)
 (-8.722982509997976E-004,-1.059834126224889E-003)
 (7.390221981195156E-005,-8.775420857591800E-004)
 (-7.599841690683471E-004,-7.368686369425701E-005)
 (5.655193375127011E-005,-6.483363654555679E-004)
 (0.000000000000000E+000,0.000000000000000E+000)
 (0.000000000000000E+000,0.000000000000000E+000)
 (0.000000000000000E+000,0.000000000000000E+000)
 (-5.910293602623284E-002,7.198926338633610E-002)
 (1.957102644810333E-002,0.115743047306910)
 (4.663113506096718E-002,-5.744721384545954E-003)
 (-6.148863580509481E-003,4.428600935511856E-004)
 (-9.191594707941253E-003,-6.600682976007343E-003)
 (8.328536990933898E-003,-9.695659865362851E-003)
 (1.064913727262479E-002,8.467226735260567E-003)
 (4.846605052583361E-004,6.743746668152323E-003)
 (3.799684161976585E-003,3.072658707275919E-003)
 (-5.904707567904945E-003,7.518135539919456E-003)
 (1.430742228022210E-003,8.992449821177697E-003)
 (1.282788488520661E-003,9.893909054651151E-003)
 (4.236046971538447E-003,3.136228281522205E-003)
 (1.272106727379844E-003,1.026884480644563E-002)
 (-1.391650298594598E-003,-3.405204653089016E-005)
 (-1.989227651465510E-003,1.405541047853725E-004)
 (2.553909176361844E-003,1.786644847689793E-003)
 (-1.943928176182241E-003,1.799761178316218E-004)
 (-3.504093809628744E-003,4.546281032056261E-003)
 (-1.300622771906998E-003,2.356988674344512E-004)
 (1.936454924550411E-003,1.476007814153054E-003)
 (-1.976771694498163E-003,2.787992750207862E-003)
 (-2.212483304578971E-003,2.833556348932738E-003)
 (5.479016721969591E-004,4.127219710011995E-003)
 (-1.729163508004539E-003,2.309546983863299E-003)
 (4.905154875832085E-004,3.456129609132316E-003)
 (1.128649680568660E-003,8.428867268494511E-004)
 (1.097245079013905E-003,9.057687585942397E-004)
 (3.331167155640751E-004,2.740103779677683E-003)
 (3.668589570234448E-004,2.753884708266489E-003)
 (-3.225884778987950E-004,3.602341751862588E-004)
 (-3.463693590157526E-004,3.647450153535566E-004)
 (7.540374449152999E-006,1.679202672721476E-004)
 (-8.815079841808215E-004,1.264140078866293E-004)
 (-1.068655241108096E-004,1.110553928513401E-005)
 (-4.851126339828403E-005,7.766855342609616E-005)
 (2.111248077529996E-004,2.996635570212355E-006)
 (4.987092143768443E-004,4.288012222377194E-004)
 (-2.868906635306111E-004,3.686868765830670E-004)
 (1.681111742578074E-004,1.057007791558479E-004)
 (0.000000000000000E+000,0.000000000000000E+000)
 (0.000000000000000E+000,0.000000000000000E+000)
 (0.000000000000000E+000,0.000000000000000E+000)
 (0.147214113192592,0.118794954848132)
 (4.903035704936330E-002,-0.145489330772589)
 (-1.792747109152363E-002,-7.263292196404182E-003)
 (7.675873935537841E-003,-2.955052485383577E-002)
 (1.716889187306383E-002,-2.157823368402143E-002)
 (8.211116157521047E-003,-1.485963202747147E-002)
 (-1.876660692566502E-002,-9.026466569526541E-003)
 (3.169155113510220E-003,7.865226854639874E-004)
 (3.744310860612585E-003,-1.492253870443829E-003)
 (-1.656489812054244E-003,-1.067200775391028E-004)
 (-1.808484068196539E-003,-2.488120782808665E-003)
 (-2.546598250641639E-003,9.802286413867608E-004)
 (1.819136742601488E-004,6.940875735028146E-004)
 (2.368197297758282E-004,1.043556218337036E-003)
 (-1.161006002713522E-004,1.142259358703696E-004)
 (2.446555708208638E-004,4.176965050658031E-005)
 (-4.345205750882931E-005,5.335236495479714E-005)
 (1.028189888398732E-005,-2.408055413579714E-005)
 (-5.223490204812073E-005,-7.021056326793579E-005)
 (1.447480503858089E-005,-1.037362891214334E-004)
 (9.154560890744632E-004,-1.252218917679557E-003)
 (7.251615924122042E-005,-7.417867673625404E-004)
 (-1.758512650065189E-004,-4.344531677805827E-004)
 (-2.815623259173462E-004,-1.723164869461408E-004)
 (4.203135682556911E-004,2.685495134114078E-005)
 (6.060127861269228E-004,5.042317129619434E-004)
 (-5.693568818800312E-004,-5.740511792030501E-004)
 (8.655724477221364E-004,1.368733112153253E-004)
 (1.046435204684290E-003,-3.727889012798553E-004)
 (-1.167364985318071E-003,-5.682765299269836E-004)
 (1.861368606613749E-004,3.121724539062867E-004)
 (-2.124335346022706E-004,-3.895591340273860E-004)
 (-5.340351455613852E-004,8.441080350490538E-005)
 (-3.866430566102754E-004,-3.347805874746289E-004)
 (6.844367764255346E-005,-6.264801392498579E-004)
 (-3.461219729670239E-004,2.943470869086957E-004)
 (-1.035927956151068E-004,3.551916958959828E-004)
 (8.478448279827089E-004,-1.109665101677471E-003)
 (-5.250909881083490E-005,3.898251755137763E-004)
 (4.590662462016758E-005,1.389012008359747E-004)
 (0.000000000000000E+000,0.000000000000000E+000)
 (0.000000000000000E+000,0.000000000000000E+000)
 (0.000000000000000E+000,0.000000000000000E+000)
 (0.139012094725167,-4.702072404273588E-002)
 (0.200814783417381,-4.248001213193837E-002)
 (-4.095373262226348E-003,-2.204899821004144E-002)
 (-2.164444787410431E-002,5.367723483878522E-003)
 (-6.735400463453714E-003,-2.135412867125712E-002)
 (1.086626031787403E-002,1.843310198007293E-002)
 (2.259782735475142E-002,-1.450008087554407E-002)
 (-6.052649957999383E-004,-2.479666401168477E-003)
 (-3.073767445480658E-003,-8.702812128412124E-004)
 (-1.658125870728541E-003,-7.319016284796339E-004)
 (3.288646195942423E-003,1.157798254448939E-003)
 (-1.585448360829284E-003,1.669440546359597E-003)
 (-4.654636673728927E-004,6.415499658161429E-004)
 (-1.378484200315650E-003,-3.284659184245117E-004)
 (1.734672053068757E-004,-2.311135675952988E-004)
 (7.508856583027945E-005,2.646155334412666E-004)
 (5.925671745899144E-005,-5.233417810658793E-005)
 (2.870753114422547E-005,-6.275944881889264E-005)
 (3.097446192775460E-005,-3.266621120582405E-005)
 (-4.378934600360032E-005,-6.982381590499196E-005)
 (-4.078119353454982E-004,-1.229388039730043E-003)
 (3.555191370993033E-004,7.280278803972114E-004)
 (-5.925720560894855E-005,3.175299229718457E-004)
 (2.477162482788511E-004,1.709726155729238E-004)
 (5.029856508655048E-004,8.506758691118770E-005)
 (-5.903246098748893E-004,-4.957285646403510E-004)
 (7.984763861447784E-004,-7.943489993241222E-004)
 (-9.039280957842636E-004,2.781924919501561E-004)
 (7.121251939358959E-004,-8.050537303508605E-004)
 (6.192239090809274E-004,8.144747771691802E-004)
 (1.411484491779887E-004,-2.307480754794119E-004)
 (-1.318761036793036E-004,2.945037966601872E-004)
 (-2.039516461353365E-004,3.857025142180316E-004)
 (-2.232144584606248E-004,-6.074011132104664E-004)
 (-4.441596741850008E-004,-7.794522390936311E-005)
 (2.037968153896756E-004,-4.897543238044863E-004)
 (2.180043951019586E-004,-1.519551004390358E-004)
 (-3.663665060665904E-004,-1.046801151462695E-003)
 (-1.177051927886423E-004,-4.149543290340618E-004)
 (-8.969214481722701E-005,1.390728459170280E-004)
 (0.000000000000000E+000,0.000000000000000E+000)
 (0.000000000000000E+000,0.000000000000000E+000)
 (0.000000000000000E+000,0.000000000000000E+000)
 AAAAAA
 (5.434536477085870E-002,1.986817438398973E-002)
 (-2.595268743497588E-004,8.985214327489476E-004)
 (-8.245990288507099E-004,-9.210749654554326E-004)
 (-2.404774084467000E-003,-5.994079728009050E-003)
 (3.532098896871923E-003,-8.790042434860715E-003)
 (-8.605040103022946E-003,-3.282005355391683E-003)
 (3.102515064172830E-003,-8.413841680150044E-003)
 (1.257332079247489E-004,1.758819214846947E-004)
 (-8.003244236639586E-003,-3.218414720949712E-003)
 (2.944426339356412E-003,-7.598222949821406E-003)
 (-3.977195043843775E-004,1.477709095395407E-004)
 (1.305207046937464E-005,2.077128233269670E-004)
 (-4.060842465599040E-003,-8.396716846583815E-003)
 (2.142920682460421E-003,-5.748569314584515E-003)
 (2.735785314771566E-005,-3.903779126929185E-006)
 (-3.336472549827948E-003,-8.027852710062709E-003)
 (1.935048041197347E-003,-5.140847096660404E-003)
 (-4.608485248354617E-003,-1.903562858931866E-003)
 (-2.431020266220343E-003,-5.406459385240768E-003)
 (-2.262900043795085E-003,-5.402762746691481E-003)
 (1.394875908016072E-003,-3.863914814078805E-003)
 (-3.598429040158686E-003,-1.344986135565930E-003)
 (-3.100125175956687E-005,1.065319510860938E-004)
 (-2.475799855270855E-003,-9.036985486695106E-004)
 (-2.501701145605550E-003,-9.133583227081874E-004)
 (9.579965662994524E-004,-2.365475696743526E-003)
 (-4.698576284742025E-005,7.778743682184774E-005)
 (-1.425664909525414E-005,3.808148406595846E-005)
 (-3.272344712394802E-005,3.218645571806346E-005)
 (-1.011709480960300E-003,-2.323755241401951E-003)
 (6.580712945676818E-004,-1.700946069038440E-003)
 (-1.424448075133875E-003,-4.674594370068930E-004)
 (-1.306117864174942E-003,-5.373966427082695E-004)
 (-6.647493433032407E-004,-1.588176631059170E-003)
 (2.476284529864901E-006,-3.983194355036934E-005)
 (-6.183603581005130E-004,-1.452648929168683E-003)
 (4.318073837818999E-004,-1.003909275231555E-003)
 (-5.585675967303048E-004,-1.193933649657199E-003)
 (-6.353739242661154E-004,-2.378105687338630E-004)
 (2.227814008749558E-004,-5.834555066323933E-004)
 (-5.894098124253213E-004,-2.181907799428966E-004)
 (0.000000000000000E+000,0.000000000000000E+000)
 (0.000000000000000E+000,0.000000000000000E+000)
 (2.768789476123203E-002,-5.324382082753167E-002)
 (-2.753940645346142E-002,-8.512452249329477E-002)
 (-4.195591514374351E-002,1.189695441415380E-002)
 (5.893362119723280E-003,-7.990148643153210E-004)
 (8.717746326537337E-004,-1.063419598553839E-004)
 (1.127168690168697E-003,-1.497766970012870E-003)
 (-1.490276983770268E-002,-7.981910268249940E-003)
 (-2.932946967473472E-003,-9.438894877114103E-003)
 (5.789839226353169E-003,-1.076415636856284E-002)
 (-5.588953261279566E-003,-3.116782764636433E-003)
 (-3.539251511244671E-003,-1.174782131863434E-002)
 (-3.304907610289468E-003,-1.047813071484453E-002)
 (1.196647010821575E-003,-4.269796638845121E-004)
 (-5.177888545652640E-003,-2.702635009123960E-003)
 (-3.252162864423502E-003,-1.060203305526325E-002)
 (2.660751932615803E-003,-5.964465091091303E-004)
 (-4.270314218546997E-003,-1.958047910998229E-003)
 (3.243074252301132E-003,-5.802068445751092E-003)
 (9.662336813672841E-004,-3.044279426276538E-004)
 (1.273839895668221E-003,-3.747671980052240E-004)
 (-3.068356028074175E-003,-1.716051725291734E-003)
 (2.139392960465465E-003,-3.920335887533817E-003)
 (-1.676127678589362E-003,-5.224455160430528E-003)
 (1.986702824416583E-003,-3.557845873822732E-003)
 (2.067321712987571E-003,-3.888314354934024E-003)
 (-2.231154776794445E-003,-1.280763068169151E-003)
 (-1.236158863917107E-003,-3.817301100669819E-003)
 (-1.098628071687011E-003,-3.522391113572167E-003)
 (-1.035574117228856E-003,-3.398810554243967E-003)
 (5.465552724294137E-004,-1.719185617690178E-004)
 (-1.172308127072536E-003,-6.643766340589150E-004)
 (3.074955584669297E-004,-5.003794696214906E-004)
 (2.872897181413031E-004,-4.712530958271926E-004)
 (-6.233189812364826E-005,5.786581214394567E-005)
 (-1.369440880606023E-004,-4.655576798379372E-004)
 (7.648815511110060E-005,-3.779926533281066E-006)
 (-1.110931251205232E-003,-5.452100085072046E-004)
 (-1.269064937299642E-004,4.695931846801905E-006)
 (6.957601380317948E-004,-1.281987287278978E-003)
 (-6.530808809804941E-004,-3.832092824421093E-004)
 (2.692569402520671E-004,-5.112499316988375E-004)
 (0.000000000000000E+000,0.000000000000000E+000)
 (0.000000000000000E+000,0.000000000000000E+000)
 (4.064464748158428E-002,3.793491012835454E-002)
 (-1.280907013917942E-003,-4.804946375101525E-003)
 (2.723541990420277E-003,2.050393410633045E-003)
 (6.299463782799691E-004,-5.748789435176945E-002)
 (2.479759521929432E-002,-2.543781274311198E-002)
 (-1.732083169846427E-003,-4.082891615299454E-003)
 (-8.992029489068531E-003,8.229204649411622E-003)
 (4.378728603121378E-003,-1.440616690200882E-004)
 (-2.612186096500937E-004,-2.480155779869593E-004)
 (3.959956100249733E-003,-4.071734347322068E-003)
 (-2.354842589982722E-003,-1.530866488694541E-004)
 (-1.933078819922565E-003,-2.112610190139343E-004)
 (7.393313056024608E-005,7.338099042104236E-004)
 (-3.077527473516110E-004,1.647657692990188E-004)
 (5.649028966982823E-004,-5.249085717700331E-005)
 (3.076502971416712E-005,2.698320565002209E-004)
 (-2.315006085115098E-004,1.498423622373315E-004)
 (8.991245383977364E-005,-3.986702913189665E-005)
 (4.240118793870471E-005,-1.344469375911420E-004)
 (2.374692091602622E-005,-4.247094915881412E-004)
 (9.276437461758591E-004,-1.085411221427725E-003)
 (-1.242931820531520E-004,-2.469985307957611E-004)
 (-4.007160158509295E-004,-7.730498708478009E-005)
 (1.981372631496046E-004,9.034411748551830E-005)
 (-9.720887229197985E-005,-1.851401169637439E-004)
 (-3.914643716958949E-004,3.175177614719057E-004)
 (7.058746790582892E-004,-7.790901680162104E-005)
 (7.537946970959312E-004,-2.432898232232441E-005)
 (-1.121151921005576E-003,-7.525415501969181E-005)
 (1.407518256439541E-005,-1.032573226791312E-004)
 (7.950736676321337E-004,-8.184439434746040E-004)
 (1.383080924156149E-004,1.279460026193350E-004)
 (-1.520641129818449E-004,-2.070721356085859E-004)
 (6.486661175518081E-006,8.924762474762585E-004)
 (-4.729624779440981E-004,-5.544759141321414E-006)
 (1.649385840777479E-005,-1.069254453569644E-003)
 (1.307897633818483E-003,-1.353964764688858E-003)
 (2.087403292249583E-005,5.799277535757781E-004)
 (-1.354468822623866E-005,-5.967203501776709E-005)
 (-5.096823619210339E-005,1.487507849350994E-005)
 (8.056265993810641E-005,7.822184520835301E-005)
 (0.000000000000000E+000,0.000000000000000E+000)
 (0.000000000000000E+000,0.000000000000000E+000)
 (-6.671704412126146E-003,4.651294003258959E-002)
 (6.170644188212951E-002,9.310246297580124E-002)
 (-2.913917232965565E-002,1.778993412484523E-002)
 (7.639182188648613E-003,-6.661649255985452E-003)
 (1.669078245366813E-002,2.249579895390524E-003)
 (-7.337472826062060E-003,3.304108941989455E-002)
 (2.471475020953966E-002,5.959397415561373E-003)
 (4.733750026425476E-003,7.050435820740290E-003)
 (8.351386504030498E-004,-3.247267820374737E-003)
 (7.089218071686141E-003,1.586156779752936E-003)
 (1.678646666693884E-003,2.825105083877547E-003)
 (4.284296409265244E-003,6.758807053139838E-003)
 (2.363233271766127E-003,-1.441376038158542E-003)
 (5.844928335000053E-003,1.351735953470733E-003)
 (1.994086982219511E-003,3.058048835490082E-003)
 (2.954539292871110E-003,-1.703216094801090E-003)
 (5.292431375592580E-003,1.083570955066595E-003)
 (-1.439109486922457E-004,1.005662917502874E-003)
 (1.477320022887637E-003,-8.586513156167612E-004)
 (1.743717607913313E-003,-9.531175944801868E-004)
 (4.402168433092183E-003,9.605348162337355E-004)
 (-4.165977505466409E-004,2.029568801851265E-003)
 (1.157522060073146E-003,1.873246002752368E-003)
 (-2.713826305354542E-004,1.187525843671018E-003)
 (-4.633435423116527E-005,2.216995878571526E-004)
 (3.360838794678874E-003,8.634396633526806E-004)
 (1.451687101425628E-003,2.227037609399614E-003)
 (6.496395476501128E-004,9.452416666004858E-004)
 (1.049701338355478E-003,1.741904104504154E-003)
 (1.120939172117139E-003,-6.501027648720872E-004)
 (9.996870116677679E-004,2.430789137205826E-004)
 (-2.315116922286376E-004,9.361019344517069E-004)
 (-2.078742842481728E-004,1.016746399571143E-003)
 (3.053764898748637E-004,-1.145050134334625E-004)
 (6.200227321234557E-004,9.026881565995730E-004)
 (2.527508378598449E-004,-1.713888042973548E-004)
 (1.782991759482525E-003,3.578109552896827E-004)
 (7.432321758919872E-005,7.404577090672692E-006)
 (3.033171711647831E-005,-6.658026077920205E-005)
 (1.154294475787766E-003,2.796533615178689E-004)
 (1.512048206712403E-005,-4.113470659452049E-005)
 (0.000000000000000E+000,0.000000000000000E+000)
 (0.000000000000000E+000,0.000000000000000E+000)
 AAAAAA
 (4.338974867990884E-002,1.479298778408342E-002)
 (-1.292844737125752E-003,6.580904593542665E-004)
 (-1.025499928183965E-003,-1.469125617874300E-003)
 (-2.952365572929105E-003,-5.312765111774989E-003)
 (3.415532713508206E-003,-1.014608656342091E-002)
 (-8.857830173247351E-003,-3.126636700590188E-003)
 (2.696290831376777E-003,-8.124378113802195E-003)
 (-9.389449441438527E-003,-3.082582788382231E-003)
 (-7.499944848493416E-005,1.214099998633521E-004)
 (2.612259751167482E-003,-7.940096375564034E-003)
 (1.142691196118727E-005,1.595484017613462E-004)
 (-4.601008180987505E-003,-9.315375218195584E-003)
 (-4.524248877786797E-003,-9.338366356844013E-003)
 (-6.989047090077537E-005,1.680888812672192E-004)
 (-3.313225245510291E-004,-5.384031549459517E-005)
 (1.840465793935449E-003,-5.932871762222826E-003)
 (2.161447973896518E-003,-6.114095282240759E-003)
 (-5.013145068664012E-003,-1.778350421310807E-003)
 (1.436310786030817E-003,-4.035563973166579E-003)
 (-4.059876661207794E-003,-1.176638680216181E-003)
 (-2.615318294049715E-003,-5.121171575881801E-003)
 (-2.421246815635871E-003,-4.494611485312546E-003)
 (-3.281745013002363E-003,-1.017048904600638E-003)
 (-1.973168179333824E-004,-1.781822327799653E-005)
 (1.157641106907943E-003,-2.955605421122436E-003)
 (-2.977576211788069E-003,-1.057461378164575E-003)
 (-2.046576119344803E-004,6.704540911523275E-005)
 (-1.471843877802162E-003,-3.014858181952117E-003)
 (-1.877468643810339E-004,4.084407799637081E-005)
 (-6.895081367426243E-005,3.963271468585732E-005)
 (4.770242901594276E-004,-1.593915853344388E-003)
 (-8.830557209608549E-004,-1.741916427708392E-003)
 (4.015529691916195E-004,-1.196065057971535E-003)
 (-1.282534672173558E-003,-3.991985158175966E-004)
 (-1.315514841731099E-003,-4.305431892765799E-004)
 (-7.291462239826299E-004,-1.499568953904354E-003)
 (-3.123240799586492E-005,1.655945351850224E-006)
 (2.420985453455579E-004,-7.848374745325731E-004)
 (-8.356230929018018E-004,-2.777099797717788E-004)
 (-5.451228457603287E-004,-1.123745607564582E-003)
 (-2.715644255173991E-005,1.935627400772308E-005)
 (-6.017144319153617E-004,-2.156647440594076E-004)
 (0.000000000000000E+000,0.000000000000000E+000)
 (1.394993784944559E-002,-4.291499496337500E-002)
 (-3.037160557372977E-002,-6.110419639849267E-002)
 (-2.252443095426535E-002,1.147637867353234E-002)
 (2.420228400904960E-003,-9.903923517996522E-004)
 (-8.730515435541947E-003,-2.655924803396541E-003)
 (3.959265571678439E-003,-1.121921234898768E-002)
 (-1.604769533781508E-002,-5.603318968990995E-003)
 (3.675306352575659E-003,-1.102732878023995E-002)
 (-5.736302777895944E-003,-1.154257597065064E-002)
 (-8.791127891558828E-003,-2.913730112469387E-003)
 (-5.830529358542633E-003,-1.186790438404758E-002)
 (7.640292320382010E-004,-8.258479967650353E-004)
 (3.088420338022198E-004,-1.840054873259497E-005)
 (-5.207436747003272E-003,-9.912133572335162E-003)
 (-5.071283084857171E-003,-1.044061194024430E-002)
 (-7.128700357916300E-003,-2.610727294845539E-003)
 (-6.670972968956843E-003,-2.209985001736722E-003)
 (2.003930647119985E-003,-6.491431683888717E-003)
 (-4.596652690698302E-003,-1.619001480462626E-003)
 (1.535743014678950E-003,-4.612479488566208E-003)
 (-7.038584613517761E-005,-1.885793534275961E-004)
 (2.028005053666228E-004,-1.165167804533036E-004)
 (1.609892886978173E-003,-4.669024830339506E-003)
 (-2.901592658239397E-003,-5.850370959527337E-003)
 (-4.083973436896902E-003,-1.246327966214341E-003)
 (1.446357495893132E-003,-4.450249510328150E-003)
 (-2.352461496923487E-003,-4.562792831108477E-003)
 (1.095840853116419E-004,-7.740276186841174E-005)
 (-1.862693430431830E-003,-3.781612533783391E-003)
 (-1.753278889497763E-003,-3.263269373663136E-003)
 (-1.327272558524720E-003,-5.056552219677766E-004)
 (-1.495776850055215E-004,7.424297226849095E-005)
 (-1.686706488009155E-003,-5.757321107421485E-004)
 (2.002121767263804E-004,-6.461549627341304E-004)
 (1.855185132728218E-004,-6.977354446254249E-004)
 (-1.388773597428847E-004,3.853683279592438E-005)
 (-3.768140527006491E-004,-8.243199333561141E-004)
 (-1.484116759178156E-003,-5.166184275138621E-004)
 (4.942936499987871E-004,-1.660897303548566E-003)
 (-1.157690842447995E-004,7.002004772485864E-005)
 (-6.659778776911790E-004,-1.322010743564174E-003)
 (2.665657911538675E-004,-8.344699437002433E-004)
 (0.000000000000000E+000,0.000000000000000E+000)
 (4.832956619253257E-004,-1.478838748317005E-002)
 (-3.425597527167977E-002,-3.248637713251415E-002)
 (3.517553392772049E-002,-3.560194444225184E-002)
 (-2.981727322741335E-003,5.406897702387888E-003)
 (-9.550972533295224E-003,-2.209359363438343E-004)
 (-5.704422665913605E-004,-2.533648602900136E-002)
 (-1.322625778613627E-002,7.543699378391994E-004)
 (1.596852098904747E-004,7.924809929835288E-003)
 (-5.115186911983276E-003,-4.622574768441934E-003)
 (-5.244716470108774E-003,3.448959138284890E-004)
 (-8.309857691189132E-004,-7.149250842445930E-004)
 (-2.920655677614524E-003,3.183906165016832E-003)
 (-1.375928146419307E-003,1.734522505312830E-003)
 (-1.135120839273714E-003,-9.324541977567347E-004)
 (-3.281087838570331E-003,-2.864670731829832E-003)
 (-4.395454736100153E-003,3.149843563513830E-004)
 (-4.194606722590151E-003,2.628849757646974E-004)
 (-5.568556275526190E-005,-1.308896559644057E-004)
 (-3.084633751316920E-003,1.666633773644255E-004)
 (8.781374910477064E-005,-1.118388899158687E-003)
 (-6.575265658532122E-004,8.031253508669661E-004)
 (-8.825227025661158E-004,1.159438733094193E-003)
 (4.714028309180090E-005,-6.418957565864882E-004)
 (-7.321296220851885E-004,-6.096094363170842E-004)
 (-3.059060897601158E-003,1.881999719803573E-004)
 (2.103156135586110E-005,6.956282209046910E-004)
 (-1.366164760006882E-003,-1.166612105245458E-003)
 (-8.454480991596169E-004,9.793736027355719E-004)
 (-9.145994036603280E-004,-7.779444288607587E-004)
 (-2.879475038531051E-004,-1.730972259158026E-004)
 (-4.687601016470496E-004,6.361333123143376E-005)
 (-4.388008551162653E-005,1.483670608617636E-004)
 (-1.248731832202137E-003,5.594100817712618E-005)
 (-2.874198954573028E-005,-9.198925345878483E-004)
 (-1.412626467009984E-005,-9.049093832684413E-004)
 (-5.369997061421560E-005,6.561873434300156E-005)
 (-5.261670910066400E-004,-4.924842982502798E-004)
 (-1.253096944025714E-003,7.883775931710743E-005)
 (3.633349267551812E-005,5.740859529522809E-004)
 (-1.767165926803329E-006,2.244316927130848E-005)
 (-5.961986182517029E-004,-5.612938872294682E-004)
 (-1.296953344064766E-005,-4.273840172997054E-004)
 (0.000000000000000E+000,0.000000000000000E+000)
 (1.882121582587069E-002,4.065124453124386E-003)
 (2.813507080825583E-004,-1.252194599292330E-003)
 (-2.702889050527381E-004,7.630525950115558E-004)
 (-2.730494289947008E-002,-5.021678069130690E-002)
 (9.662309558992164E-003,-3.283651812619837E-002)
 (-2.775230472591987E-004,-3.975634724712681E-004)
 (-1.790790983905239E-003,5.637129372483824E-003)
 (-5.895829232919751E-004,-1.442813778412506E-004)
 (4.964230517547574E-003,-2.687702099665562E-003)
 (1.733586266673624E-003,-5.901462835381341E-003)
 (-1.814124100484729E-003,9.984487790052619E-004)
 (-8.850423859594952E-005,-1.084681525676207E-004)
 (2.267727475709307E-004,5.540661611504404E-004)
 (6.601918560976208E-004,-3.524645378824784E-004)
 (-7.560312391478211E-004,4.636076811977505E-004)
 (6.455522576535516E-006,-1.795637962746138E-004)
 (1.209766550488172E-005,-1.682182497712453E-004)
 (2.590360606972820E-005,2.844303183838948E-005)
 (4.235246414666196E-004,-1.382021825920454E-003)
 (-2.476255217431791E-005,-3.187832521933582E-005)
 (-1.726661764756273E-004,-3.174915199185535E-004)
 (-3.462195574196976E-004,-6.341648135047274E-004)
 (1.471748589354770E-004,5.497958420371039E-005)
 (-2.975830111800679E-004,1.454177183447187E-004)
 (-1.409751643870369E-004,4.016312526973082E-004)
 (-1.383998976655668E-004,-2.034664898686913E-005)
 (8.269585985768379E-004,-4.347999365207081E-004)
 (-1.143008219361289E-004,-1.730030701099186E-004)
 (-7.101136604536762E-004,4.003241960519159E-004)
 (6.245025782228564E-004,-3.437515110184587E-004)
 (4.141785418259929E-004,-1.350106974972295E-003)
 (4.724092033220663E-004,8.108073929183075E-004)
 (5.126987249741869E-004,-1.898519643047394E-003)
 (1.260973594277102E-004,2.089482558001905E-005)
 (-5.662399996659247E-005,9.301810258901369E-007)
 (-5.104184611213524E-004,-9.439090771310030E-004)
 (-1.941000580517867E-004,1.229407430097619E-004)
 (1.003664924775835E-006,-3.997477643678073E-005)
 (-6.331918249947599E-005,-1.278265646071951E-006)
 (2.197967423714857E-004,4.036377167425161E-004)
 (-2.077527230467557E-004,1.042938501882786E-004)
 (4.843496022638790E-005,2.491677386922736E-005)
 (0.000000000000000E+000,0.000000000000000E+000)
 AAAAAA
 (3.536017798026911E-002,1.472822006242194E-002)
 (-4.804114808082058E-006,9.235006913595892E-004)
 (-3.065721840186575E-003,1.888516916379819E-003)
 (-1.521550226162214E-003,-5.253119357149189E-003)
 (5.106521775307605E-003,-1.077883206136986E-002)
 (-9.127266609361195E-003,-3.532780022443479E-003)
 (-1.166333008002438E-002,-5.386358246586477E-003)
 (-5.764993536023202E-004,3.608162304817161E-004)
 (3.284549495296428E-003,-6.947575247234242E-003)
 (3.392474939599535E-003,-7.879964988056988E-003)
 (-1.341321977603037E-003,4.273208373580520E-004)
 (-4.454632176643590E-003,-1.229012578708723E-002)
 (-4.438638770978140E-003,-1.094225993814437E-002)
 (2.952481091390390E-003,-6.499458923591829E-003)
 (-8.839873376196355E-004,7.027794301799973E-004)
 (2.381398304441840E-003,-5.105997220633525E-003)
 (-6.297297203262681E-004,5.716478366699146E-004)
 (-5.727908428685387E-003,-2.470510299331090E-003)
 (1.852626324264109E-003,-4.004414663807442E-003)
 (-4.586703248799723E-003,-1.866517421701061E-003)
 (-4.256620742098507E-003,-2.021580582110455E-003)
 (1.692056670260787E-003,-3.404040354762904E-003)
 (-5.958594313520539E-004,5.431143434027844E-004)
 (-3.725846991112767E-003,-1.529630041756600E-003)
 (-2.016567070851290E-003,-5.157867128123935E-003)
 (-3.463591069323512E-004,3.878036874711910E-004)
 (-1.645983715036299E-003,-4.253222661697607E-003)
 (-1.719551058806868E-003,-4.274645653078224E-003)
 (-2.809596821815468E-004,3.171376132663597E-004)
 (-3.122936987394437E-004,1.937516763589019E-004)
 (-7.910887605578967E-004,-2.179595379090619E-003)
 (5.646686936841362E-004,-1.253512054725962E-003)
 (6.831894562894115E-004,-1.419882685893202E-003)
 (4.459070204190560E-004,-9.409078051579381E-004)
 (-1.178077932272302E-003,-4.591217612748659E-004)
 (-6.665991051112073E-004,-1.670174536622725E-003)
 (-1.204694172642404E-003,-4.885491142303531E-004)
 (-1.212027141542358E-003,-5.351792416538390E-004)
 (-9.440735962263554E-005,6.760131897154485E-005)
 (-8.108000294259625E-004,-3.436640776822098E-004)
 (4.791615866876393E-006,3.110504143629425E-005)
 (-4.257965407737610E-004,-1.112108576724453E-003)
 (-2.881175455865835E-005,5.237322871180216E-005)
 (1.292351119073978E-002,-2.531323826714736E-002)
 (-1.037579467021441E-002,2.648167992584958E-003)
 (-1.305356789555274E-002,-4.330313129166874E-002)
 (1.111286350802872E-003,-5.451863362431399E-004)
 (-1.138302567783357E-002,-6.145545329272336E-003)
 (7.255157494909932E-003,-1.287591328270807E-002)
 (5.194754734083699E-003,-8.681785734414589E-003)
 (-4.114405277716625E-003,-1.331571818579082E-002)
 (-1.154218118029484E-002,-6.466799555827367E-003)
 (-8.588885020630108E-003,-5.314380342921339E-003)
 (-3.557066684541024E-003,-1.311602757893020E-002)
 (1.508595583247347E-005,5.108397422694221E-004)
 (-8.876103927061932E-004,3.927690466705124E-004)
 (-6.849489803654255E-003,-3.890636596894942E-003)
 (-2.569836259203693E-003,-1.038429942680698E-002)
 (-6.196925241662844E-003,-3.200814277246380E-003)
 (-2.886411242500645E-003,-9.798335089324262E-003)
 (2.754141526019729E-003,-5.250891815689952E-003)
 (-4.641395049867351E-003,-2.661608493878408E-003)
 (2.146952438682036E-003,-3.972629652266406E-003)
 (2.524247029246714E-003,-4.500879674961399E-003)
 (-4.567903173798783E-003,-2.376858346775751E-003)
 (-1.966544075576068E-003,-6.790690588646236E-003)
 (2.165072498856293E-003,-3.614063509012807E-003)
 (-2.987384666890129E-004,4.253880196815460E-005)
 (-1.562961127932214E-003,-5.534640566758399E-003)
 (-9.061117780805499E-005,-9.047057468273070E-006)
 (-1.081597375589005E-004,-2.628691240702920E-005)
 (-1.123411420248692E-003,-4.057330502817858E-003)
 (-1.001123146966176E-003,-3.348670646777744E-003)
 (-2.713522943474242E-004,5.743892662813223E-005)
 (-1.755065939214352E-003,-1.058098931950237E-003)
 (-1.034326706406579E-003,-5.920702214329142E-004)
 (-1.866731230558682E-003,-1.082400625198643E-003)
 (8.891470932101942E-004,-1.572983597415121E-003)
 (-1.035341657444754E-004,6.779693468894046E-005)
 (3.528224913383126E-004,-6.134937792613367E-004)
 (3.891259912594643E-004,-6.638938137927622E-004)
 (-4.943141886031024E-004,-1.937724602315221E-003)
 (5.559524214969463E-004,-9.316393136788776E-004)
 (-2.705260271648086E-004,-9.697214577706506E-004)
 (-1.000912943984581E-004,4.390480155941497E-005)
 (-3.054634277950887E-004,-1.111250278014650E-003)
 (1.399834947405157E-003,1.978362808627355E-003)
 (2.503001244247682E-002,-3.993817226728514E-002)
 (-1.480579603127739E-002,-8.625484393063383E-003)
 (-4.392357636704401E-003,7.379980711611511E-003)
 (-2.546876247891054E-003,5.427507885999711E-004)
 (-4.029936762694558E-003,-1.527995106441493E-002)
 (2.869779333377922E-003,1.207623497779931E-002)
 (-2.965574036108066E-003,-2.075241785052677E-003)
 (-4.085120593618380E-003,1.011130526951298E-003)
 (-1.503405886946004E-003,4.476907373297380E-004)
 (2.623874843397491E-003,1.503676052401834E-003)
 (-1.992980674944955E-003,3.259183667997712E-003)
 (-2.056470768676652E-004,6.400910735284389E-004)
 (-1.132010493763588E-003,2.738383892975237E-004)
 (1.314483068697311E-003,6.180798101397074E-004)
 (-1.289218129937852E-003,2.802290942465129E-004)
 (-3.376614115351777E-004,-3.487208088997094E-004)
 (3.386950564613490E-004,9.648039759208037E-004)
 (-9.088174098710431E-004,2.142689462043523E-004)
 (8.060002805696377E-005,-1.174173022439214E-004)
 (1.936771941272051E-004,5.885301063448369E-004)
 (-1.241619622164926E-003,2.968469645911010E-004)
 (7.719670871285834E-004,3.549199430546239E-004)
 (4.473999152053213E-004,1.633216814049156E-003)
 (8.888608952013245E-006,9.547637402151357E-005)
 (-3.173333303646417E-004,-2.873036504326177E-004)
 (-5.007933109005300E-004,9.119328589811396E-004)
 (-3.249969296993719E-004,6.315323038941507E-004)
 (6.526220926182153E-005,-3.109663424187873E-005)
 (5.775784241419663E-004,2.861489644348846E-004)
 (1.016925603680595E-004,-1.844214165836335E-004)
 (-5.145924378869067E-004,1.055530160750558E-004)
 (1.040283919580008E-004,-2.488846118499663E-005)
 (-8.263122075933450E-004,2.035845541873505E-004)
 (3.104320671934510E-004,1.201853023512291E-003)
 (1.182760586151653E-004,-1.113052322873758E-004)
 (-1.085167267139039E-004,-5.887233513803945E-004)
 (-1.369567214939815E-004,-5.650393099896859E-004)
 (-5.236667691166720E-004,-3.178951702391657E-004)
 (-6.324397768503879E-005,-3.655450891706294E-004)
 (-1.519342765616874E-004,-1.074027634329811E-004)
 (6.484795142404089E-005,-8.889179057200342E-005)
 (-2.725619770834213E-004,-1.820357198456955E-004)
 (3.783709639505083E-003,-1.978418253727810E-003)
 (9.993255216385183E-004,-1.267993057184953E-003)
 (3.855085153414631E-004,-2.693598690571146E-004)
 (-4.182841464930118E-002,-2.938958998459994E-002)
 (-4.520421173742767E-003,-3.285998195176942E-002)
 (-2.985825667381764E-004,-1.514818529819409E-004)
 (5.470842201945827E-005,3.509567694840723E-004)
 (3.405921673659473E-003,-4.738765827722782E-003)
 (4.544705844207177E-004,3.040531436244048E-003)
 (-9.490803094598826E-004,-5.815922611542863E-003)
 (-1.585107421109300E-003,2.199050839944230E-003)
 (3.838101646382943E-005,1.745293525145997E-004)
 (6.014375011666607E-004,5.474915498370455E-004)
 (-1.409361623698165E-005,8.794270808887672E-005)
 (3.260580409847443E-004,-3.165453358047025E-004)
 (-5.475569043769345E-005,9.115353410497571E-005)
 (-3.724171911851952E-004,5.923604345868690E-004)
 (2.063559594759430E-007,6.421748627872571E-005)
 (-2.195074711579780E-004,-1.149676144540174E-003)
 (-5.006213816331010E-005,2.900646613080399E-005)
 (4.412822912687747E-005,5.245274619531954E-005)
 (6.724200752802718E-005,5.583522783769089E-004)
 (-2.008165010017358E-004,3.482562467722967E-004)
 (-3.830207972700847E-005,-8.992511931775791E-007)
 (-2.695217940031704E-004,-1.579605024485264E-004)
 (6.267815348412377E-004,-8.289693163878969E-004)
 (-2.429372967436085E-004,-1.358769293115914E-004)
 (-4.032508141441256E-004,-2.418751852944859E-004)
 (-4.562198873849661E-004,6.545041346634089E-004)
 (3.835649613063493E-004,-5.000056351995513E-004)
 (7.536104637302947E-004,5.598776918772168E-004)
 (-2.682267637109145E-004,-1.796977434291861E-003)
 (-2.379547987865259E-004,-1.312122164619700E-003)
 (6.489218951850714E-006,2.544209691724210E-006)
 (-2.923371195032450E-005,4.915261148424099E-005)
 (-8.854371560581343E-004,-6.469416667147475E-004)
 (1.298872940693872E-005,-6.781393103824372E-006)
 (-1.273845742876847E-005,1.549852470400815E-005)
 (-2.647201203955134E-004,3.541827977399479E-004)
 (2.043580965142809E-005,7.658816462361488E-006)
 (-7.748560319086419E-005,1.176721264500712E-004)
 (2.933500693366911E-004,2.097991459481584E-004)
 (1.856276979504562E-004,-2.444525017923591E-004)
 AAAAAA
 (4.232879780793471E-002,-1.731308463116321E-002)
 (-1.437508587694347E-003,1.614502199959162E-003)
 (3.791029359172020E-003,1.924619866847738E-003)
 (-4.590649083120882E-003,-9.855106120110422E-003)
 (-7.792896547248216E-003,-3.028753020115304E-003)
 (-8.504097296069863E-003,3.581288411047190E-003)
 (-3.579308685878592E-003,-7.987873314622427E-003)
 (-4.085830429078046E-005,-1.182920373663616E-005)
 (-7.664255571802349E-003,3.411868774713684E-003)
 (-2.288221622750962E-004,2.483389988241742E-004)
 (-1.039176908139431E-002,-4.019347989156051E-003)
 (-5.265946798075341E-004,4.052511332474524E-004)
 (-2.596230058281795E-003,-6.196004046281988E-003)
 (-2.389809455928557E-003,-5.541509940970731E-003)
 (-5.866837075040435E-003,2.387415427609433E-003)
 (-2.299278650999324E-003,-5.007132865016859E-003)
 (-7.618159800727550E-003,-2.834935098602880E-003)
 (5.619016359243497E-006,3.043725733756182E-004)
 (-5.862286979808317E-003,-2.086983171268791E-003)
 (-1.789814947733873E-003,-3.767836445978907E-003)
 (-5.149257765630142E-003,-1.783599050240313E-003)
 (-2.972479176998147E-003,1.365754988326962E-003)
 (5.717457330690597E-005,1.817228560947605E-004)
 (-2.648619796680940E-003,1.205520446133948E-003)
 (4.469409514407845E-005,1.089637027808262E-004)
 (-2.400757267515273E-003,1.087025922847873E-003)
 (-6.230520475570818E-005,1.757952770664568E-004)
 (-8.688965552508091E-004,-2.036513940033291E-003)
 (-8.486832070435832E-004,-1.981113649390919E-003)
 (-2.404854288282833E-003,-9.602986297909131E-004)
 (4.209867678320496E-006,1.481972240629013E-004)
 (-1.339372090276876E-003,5.858864078635588E-004)
 (-5.033996689385238E-004,-1.144476847004265E-003)
 (-1.659243067976832E-003,-5.989128238192182E-004)
 (-1.123562964716158E-003,4.704722387894949E-004)
 (-2.749845767944083E-005,-1.736154577426671E-005)
 (-1.272398726122719E-003,-4.885640394732872E-004)
 (-7.182708234819267E-004,3.107577614429711E-004)
 (-6.862098182598951E-004,2.979073107279192E-004)
 (-9.434129407904783E-004,-3.403212507459508E-004)
 (-2.220256401690025E-004,-5.331189618234612E-004)
 (-2.546421876350973E-004,-5.323559001314763E-004)
 (0.000000000000000E+000,0.000000000000000E+000)
 (4.900826527055573E-003,2.849536270424086E-002)
 (4.557091879279615E-002,2.798239941758239E-002)
 (2.541867028974675E-002,-4.220213132443218E-002)
 (6.181554374887167E-003,-7.958801509777987E-004)
 (1.160373669128584E-003,-2.592731994549592E-003)
 (-7.841687808305695E-004,-4.995113300159705E-003)
 (1.076684325626461E-002,-1.989292362792269E-003)
 (8.791853235117031E-003,5.060535607882632E-003)
 (2.881719796751047E-003,1.115437535509884E-002)
 (9.617158194158881E-003,5.978536643346091E-003)
 (-6.699374255518878E-004,1.556620068363572E-003)
 (9.482213421529375E-003,6.018273936431300E-003)
 (5.899463063750013E-003,-1.164756868492303E-003)
 (4.699312236507256E-003,-1.107804479546317E-003)
 (1.557908717224203E-003,6.837682797666858E-003)
 (4.490118602499020E-003,-1.005317805532639E-003)
 (-8.137122239868732E-004,1.992892411836973E-003)
 (7.296577110038089E-003,4.394256463965610E-003)
 (-6.803699094869763E-004,1.297500154406633E-003)
 (3.381880472777295E-003,-8.937807658032039E-004)
 (-2.653484690073619E-004,6.293724785384948E-004)
 (9.286942154189885E-004,3.183220205995803E-003)
 (4.550678298168194E-003,2.797195990335203E-003)
 (9.180180132527245E-004,3.693852146392083E-003)
 (3.822965005345798E-003,2.417522257422890E-003)
 (9.376313786637438E-004,3.729653783144144E-003)
 (3.424203866853223E-003,1.990558323467113E-003)
 (1.823657430769489E-003,-4.061408388618325E-004)
 (1.845044189109832E-003,-4.756882481004536E-004)
 (-3.422805284572418E-004,6.653982519399491E-004)
 (2.162041105915170E-003,1.320130858982225E-003)
 (1.115925532502752E-004,5.524358938567310E-004)
 (1.371987418019101E-003,-3.236571953877077E-004)
 (9.707109520930887E-005,-1.171964918261817E-004)
 (1.090593001113112E-004,4.604181242737449E-004)
 (4.853036073682386E-004,3.379007485372817E-004)
 (-8.039030585861356E-005,1.769572924427220E-004)
 (1.502171150817316E-004,6.670907601838123E-004)
 (3.371301900471116E-004,1.381017663288631E-003)
 (-4.124107256889785E-005,9.887471837336678E-005)
 (5.415496832771365E-004,-1.359697128179800E-004)
 (5.751807388331267E-004,-1.167949669707638E-004)
 (0.000000000000000E+000,0.000000000000000E+000)
 (1.367778801025965E-002,4.586555207196482E-003)
 (2.359874802234810E-002,-2.396375223908471E-002)
 (2.273493744935753E-003,1.907015512942565E-003)
 (1.252085897761827E-003,-4.289565587688531E-002)
 (-2.495636344724250E-002,-2.719611480881682E-002)
 (7.821575809802007E-003,1.027197492684251E-003)
 (6.798402913343594E-004,-1.268679188592491E-002)
 (6.935782841290402E-003,-6.522706888776193E-003)
 (-1.494578588867013E-003,-1.229058031203721E-004)
 (3.490562311971760E-003,-3.171889458535688E-003)
 (-2.746173106029961E-003,-3.272401509316730E-003)
 (1.467708256849327E-003,-1.446142800105511E-003)
 (5.193978493678998E-004,-8.882273438799996E-003)
 (3.502556097070355E-004,-5.835964144589680E-003)
 (1.043905919897715E-005,-5.346505870217690E-005)
 (2.304326420460361E-004,-5.362641331744836E-003)
 (-2.477898318663858E-003,-2.865795939648538E-003)
 (2.468664402771333E-003,-2.217722779865787E-003)
 (-2.056879700364695E-003,-2.154923950166873E-003)
 (1.109517381372135E-004,-5.246185462250928E-003)
 (-1.702717801612256E-003,-1.756543745039032E-003)
 (6.758218440779797E-005,-2.428889003515122E-005)
 (1.119816011075199E-003,-9.386573692290016E-004)
 (-6.708185034587489E-006,2.749276253332202E-005)
 (1.591049137626311E-003,-1.388445316333335E-003)
 (-5.064790966131063E-004,1.476587004107105E-005)
 (1.804284121581432E-003,-1.695815554342364E-003)
 (1.498305397483220E-004,-2.405658041399111E-003)
 (1.005485803783334E-004,-2.415218823067922E-003)
 (-1.228065316952564E-003,-1.369826543027735E-003)
 (1.456099981555770E-004,-4.587874792397401E-005)
 (6.288059604744286E-004,-5.231338630172166E-006)
 (1.161904256510110E-004,-3.148481445786427E-003)
 (-1.075121386811021E-003,-1.114166361176372E-003)
 (2.624039043896794E-004,1.458292956845707E-005)
 (3.800589233969450E-004,-3.204523599266479E-004)
 (-2.029578869724380E-004,-2.426943671352369E-004)
 (1.010061015713692E-004,-1.221523980888265E-005)
 (-2.956699612752894E-004,-1.564474154214822E-005)
 (-9.298518125733997E-005,-1.147806361033882E-004)
 (4.474570510302782E-005,-8.731354367803204E-004)
 (3.233928498633113E-005,-9.023582817267190E-004)
 (0.000000000000000E+000,0.000000000000000E+000)
 (-5.763510896129001E-004,-3.351562141510465E-003)
 (-0.126620308248562,-7.726225465057928E-003)
 (7.546058154845325E-004,1.438478799957065E-002)
 (-3.909253229552276E-004,-1.072744013638425E-003)
 (-7.199498866862740E-004,-5.502538568183007E-003)
 (-2.832370293863885E-002,-3.355304856480958E-002)
 (-1.587897042953666E-002,1.366927238225660E-002)
 (2.747009356667319E-003,-5.505396372974887E-005)
 (1.501823760073229E-003,1.626899799061486E-003)
 (-5.561027525791674E-003,-5.489407266380935E-004)
 (-1.423923805269950E-004,4.986321636951400E-005)
 (1.192144854255455E-003,-9.246878287299143E-006)
 (1.385657156492882E-003,-1.520026378578063E-003)
 (-9.463561727821254E-005,-1.614301433589417E-004)
 (-7.061619440033753E-004,-7.379397680785663E-004)
 (3.474999516431232E-004,-4.652230233817067E-004)
 (-1.224637344587400E-004,-3.883542871962979E-004)
 (7.864864701570072E-004,-3.723426060232247E-005)
 (-8.272441257583369E-005,-2.653501240009325E-004)
 (-5.312256732559125E-005,-1.137318444825746E-004)
 (-7.779280501378179E-005,-1.232671494655762E-004)
 (-7.394565494468651E-004,-8.329374752725685E-004)
 (-5.656548783124859E-004,-7.609706828724042E-005)
 (-4.186938539436956E-004,-4.649623280094656E-004)
 (1.273112897760712E-003,-3.840051548650660E-006)
 (-3.579529968804928E-004,-4.114925060471541E-004)
 (-3.835890705403965E-004,-8.278823086951110E-005)
 (-8.071713968827160E-004,6.338783073660134E-004)
 (7.463684405910034E-004,-7.593083410302344E-004)
 (-2.648186278658325E-005,1.404101788681717E-004)
 (-1.427518274509717E-003,-8.599722151982181E-005)
 (2.117214066439918E-004,2.651281211192506E-004)
 (-3.622954012241009E-005,-4.446000286644841E-005)
 (-3.932118851926995E-005,-9.370726534429714E-005)
 (-2.201595915486381E-004,-2.297845225255703E-004)
 (8.655729159143567E-006,3.979120201924522E-006)
 (3.540021571748412E-006,1.905569791665230E-004)
 (3.553109642414643E-004,4.013278622901783E-004)
 (-1.985406699283437E-004,-2.053247312614210E-004)
 (-6.456818007358146E-007,2.770193667988740E-005)
 (-4.251776011058375E-004,3.555149694685099E-004)
 (4.240346083366502E-004,-4.040035404635310E-004)
 (0.000000000000000E+000,0.000000000000000E+000)
 AAAAAA
 (3.166466019566755E-002,-2.071057744551975E-002)
 (4.368410788730948E-003,3.480534664289749E-004)
 (-4.539617684251266E-004,3.124469902880549E-003)
 (-7.989301835215613E-003,-1.077686691955151E-002)
 (-8.414328263738493E-003,-1.631616183705505E-003)
 (-7.483146095272407E-003,5.605964446717586E-003)
 (-4.592596796983185E-003,-6.479914759683552E-003)
 (-2.463179726898482E-004,2.638620961069663E-005)
 (-8.586790719320061E-003,6.188027723129800E-003)
 (-1.224519104529973E-002,-2.067212532214955E-003)
 (-2.722687882544686E-004,1.136429908167180E-003)
 (-4.202453546998647E-003,-5.738005576847460E-003)
 (-2.743543205701556E-004,6.624462871475808E-004)
 (-4.281036489549247E-003,-5.778351169203101E-003)
 (-9.885642459900078E-003,-1.472894006876246E-003)
 (-5.721989292565128E-003,4.029177061959731E-003)
 (-3.157402502853300E-003,-4.207911592169465E-003)
 (-1.609546669727293E-004,6.083142549388899E-004)
 (-2.513523516483105E-003,-3.626363638523443E-003)
 (-5.523395517620187E-003,-1.032411858504876E-003)
 (-2.272557998420051E-004,4.689376778728219E-004)
 (-3.060050199022250E-003,2.243978484043456E-003)
 (-5.232053560107088E-003,-8.707692313247558E-004)
 (-3.052482518821409E-003,2.099638544902581E-003)
 (-6.167424164931976E-005,9.097063465769749E-005)
 (-2.758858778095479E-003,1.911906015390237E-003)
 (-1.588337915192959E-003,-2.239565864940599E-003)
 (-1.887180854715483E-004,2.447344584852623E-004)
 (-3.498508266427540E-003,-5.656724678630265E-004)
 (-1.167000593803285E-003,-1.600248976889339E-003)
 (-1.353946144379218E-004,1.519699360998075E-004)
 (-8.782095202632163E-004,-1.161919782298122E-003)
 (-1.834657845525846E-003,-3.028281336822783E-004)
 (-1.088143975106935E-003,7.779769875456142E-004)
 (-1.536236645231833E-003,-2.458838944158968E-004)
 (-9.024382532430287E-004,6.499993925428490E-004)
 (-8.307262835539312E-004,5.698878031512008E-004)
 (-4.485612167411267E-004,-6.094128221654270E-004)
 (-2.161474487100286E-005,3.248815798371124E-005)
 (-5.129748430738282E-004,3.487933070056376E-004)
 (0.000000000000000E+000,0.000000000000000E+000)
 (0.000000000000000E+000,0.000000000000000E+000)
 (0.000000000000000E+000,0.000000000000000E+000)
 (6.852668156547123E-003,2.274698650308208E-002)
 (1.673867254693834E-002,-3.596068171491054E-002)
 (3.778609451475466E-002,1.571137657616189E-002)
 (1.357020353756701E-002,-5.021325335717930E-003)
 (8.506123382427443E-004,-3.413073149997784E-003)
 (1.160551495587535E-003,4.334709657939906E-003)
 (1.122126085956380E-002,-4.050162970886664E-003)
 (1.083585861451130E-002,5.278464916587440E-003)
 (3.734654871101157E-003,1.064277564716059E-002)
 (3.313729106238878E-004,-5.366517719593675E-004)
 (1.093285143732255E-002,5.111148840647593E-003)
 (7.246810791608424E-003,-2.853364712775354E-003)
 (9.935828007641688E-003,4.824709248238418E-003)
 (6.253070672436244E-003,-2.626460786031829E-003)
 (-5.207933498084624E-004,9.355441962233088E-004)
 (2.179425641374185E-003,5.989865973734076E-003)
 (5.257452475032934E-003,-1.970518448552721E-003)
 (7.615997617554842E-003,3.392985477514909E-003)
 (4.177737143483444E-003,-1.671109070349094E-003)
 (-9.507233669860463E-005,-1.897013738262601E-004)
 (5.655303399158837E-003,2.652424633890958E-003)
 (1.404534745411975E-003,3.895860614267094E-003)
 (1.016942480165286E-004,-2.910154347072467E-004)
 (1.204735112122587E-003,2.962173715569989E-003)
 (4.282823603046298E-003,2.011795699973060E-003)
 (1.482503142965233E-003,3.583239906341862E-003)
 (2.797303215677852E-003,-1.055707728351782E-003)
 (4.025352962672819E-003,1.736026070977876E-003)
 (-1.653406143234670E-004,1.020520309040237E-004)
 (1.761129561528960E-003,-6.152175041458977E-004)
 (2.721496254472642E-003,1.200871557998800E-003)
 (1.769914986270664E-003,-6.998635807526148E-004)
 (1.682523312206397E-004,-4.104261782031731E-004)
 (1.446464605268506E-004,3.932781562527327E-004)
 (5.946357610879722E-005,-1.287665108090276E-004)
 (1.611362407775065E-004,4.340946804081411E-004)
 (5.377264395847402E-004,1.543126696560732E-003)
 (1.029333878040776E-003,-3.742150302489768E-004)
 (7.130819394590832E-004,3.481286506529119E-004)
 (2.025243029556369E-004,6.051953854861605E-004)
 (0.000000000000000E+000,0.000000000000000E+000)
 (0.000000000000000E+000,0.000000000000000E+000)
 (0.000000000000000E+000,0.000000000000000E+000)
 (-5.795424294332795E-004,3.944685098659379E-003)
 (1.488761697478529E-002,-8.015677306651980E-004)
 (-6.493555968561885E-003,-3.122108496422201E-002)
 (-3.204744337240392E-002,-2.091746048932876E-002)
 (-3.275784690687625E-002,6.302284051457658E-003)
 (9.846003223925232E-003,-1.342378439079186E-002)
 (-9.966235840175501E-003,-7.027471524118641E-003)
 (-1.736874791084487E-003,-1.014182614027740E-002)
 (-1.685953740709430E-003,2.625551506968878E-003)
 (-3.252039631642370E-003,4.762989707553507E-004)
 (-1.942815072378478E-004,-2.011486539377594E-003)
 (-6.800655023283418E-003,-4.642257171072985E-003)
 (-7.697456949671126E-004,-4.924541688109487E-003)
 (-5.009760177912260E-003,-3.364146734348805E-003)
 (-3.931177527530303E-003,8.081578060019716E-004)
 (4.210081390512414E-004,-5.257618074760619E-004)
 (-4.036779321814597E-003,-2.780890721839616E-003)
 (-5.374436352234785E-004,-3.049814577481534E-003)
 (-3.818435822775493E-003,-2.659821610034114E-003)
 (-2.230544445774940E-003,4.051039423171269E-004)
 (-3.174495753342414E-004,-1.708754953831568E-003)
 (2.710218553698433E-004,-2.396715988415047E-004)
 (-1.743917153677444E-003,3.174103117936384E-004)
 (2.917661023407359E-004,-5.138568744434488E-004)
 (-4.825880882129876E-004,-2.930310481103055E-003)
 (-2.475044303962928E-004,2.693041250058611E-004)
 (-2.341801967830919E-003,-1.621947180744468E-003)
 (-3.875913424480297E-004,-1.676689053757945E-003)
 (-1.826817475370982E-003,3.956957170947023E-004)
 (-1.498362581241892E-003,-1.068751195159567E-003)
 (-1.908972872180910E-004,-7.831245841365543E-004)
 (-2.308861515752464E-003,-1.558135126240312E-003)
 (-1.141451264332895E-003,2.265003189243390E-004)
 (3.212947312003652E-004,-4.866637602944994E-004)
 (-1.326761237165252E-004,1.269528214334622E-005)
 (2.054415324610608E-004,-2.987527058345029E-004)
 (-1.959513940615568E-004,3.422884237669707E-004)
 (-1.065412163204497E-003,-7.353567880410744E-004)
 (-6.090391081006578E-005,-4.555544356289618E-004)
 (1.346877011052844E-004,-1.872327748840986E-004)
 (0.000000000000000E+000,0.000000000000000E+000)
 (0.000000000000000E+000,0.000000000000000E+000)
 (0.000000000000000E+000,0.000000000000000E+000)
 (-2.198729453633595E-002,-8.799122974352525E-003)
 (-1.220921677786285E-002,-2.424155070690402E-002)
 (-5.704755682406749E-002,2.653856535338791E-002)
 (7.658049036941774E-003,-2.010256034543391E-002)
 (-9.469599467655547E-003,-2.157686207581126E-002)
 (-3.055225975584697E-002,-1.208607798812739E-002)
 (-5.133211847708844E-003,1.273951693085905E-002)
 (9.378201351635325E-004,-4.187513641449470E-004)
 (2.338710312309237E-003,7.620704060463486E-004)
 (-2.312484036324334E-004,-3.566534591813153E-005)
 (-1.814415381163239E-003,7.804588832357913E-004)
 (3.614940304263550E-004,-7.841422507262235E-004)
 (-4.931246951622604E-003,2.056871913914542E-003)
 (-4.479011123456800E-004,1.186612254368012E-003)
 (1.085649616128822E-004,2.922526903138408E-004)
 (-2.048831344301971E-003,-7.612454303954370E-004)
 (-4.213874787742295E-004,1.120918365778083E-003)
 (-1.009472396444307E-003,4.829494350528446E-004)
 (-1.578740931121363E-004,3.797253320309427E-004)
 (-1.170450959229392E-004,-2.991312145514724E-004)
 (-1.531766370219649E-003,6.463527856153521E-004)
 (-1.493307721785262E-003,-5.892507489257430E-004)
 (-1.939230086169713E-004,-3.905747505681401E-004)
 (-1.460150127754711E-003,-5.441317824180908E-004)
 (-9.173751311587177E-004,4.062410185422523E-004)
 (-7.765310248005134E-004,-3.189338367892816E-004)
 (-5.736516750573775E-004,1.442041530770321E-003)
 (2.279531014058162E-004,-5.620718314608999E-005)
 (-2.789189601254828E-005,-1.277459511184074E-004)
 (2.431501497682359E-004,-6.298659737807067E-004)
 (-1.570706552191368E-003,6.622545230967104E-004)
 (1.728359595172423E-004,-4.611266942949552E-004)
 (-3.449523092952280E-004,-7.661764129522297E-004)
 (-1.946704502777863E-004,-4.942964427791419E-005)
 (6.219248474848899E-005,2.187721725372565E-004)
 (-3.346448148232365E-004,-1.353854142910815E-004)
 (-3.259341764931551E-004,-1.489611107105995E-004)
 (-3.200208627456574E-004,7.345599663464253E-004)
 (-2.516136239710865E-004,1.008247564260888E-004)
 (-4.510013037384669E-004,-1.694763710988577E-004)
 (0.000000000000000E+000,0.000000000000000E+000)
 (0.000000000000000E+000,0.000000000000000E+000)
 (0.000000000000000E+000,0.000000000000000E+000)
 AAAAAA
 (2.767155284109163E-002,-5.456998536311472E-003)
 (1.029857377982710E-002,8.447073692308682E-003)
 (-5.244141378916663E-003,7.015315526517948E-003)
 (-3.320428257341014E-003,-1.238847972189377E-002)
 (-8.138359857201969E-003,-5.354470891253311E-003)
 (-9.942435822581554E-003,1.721506169975363E-003)
 (-1.528786439209431E-002,2.340616415583705E-003)
 (-1.359648394670626E-003,1.453485723899520E-003)
 (-1.321353026661297E-003,-5.511565544894785E-003)
 (-1.106106290091529E-002,-7.545173874829348E-003)
 (-2.278709087818740E-003,3.251818565590455E-003)
 (-1.583886846849314E-003,-6.284261260449855E-003)
 (-1.360217018690562E-003,-6.502262777722046E-003)
 (-9.786778659212434E-003,-6.912158096455041E-003)
 (-1.651614606222497E-003,2.222011605634068E-003)
 (-8.424094716613669E-003,1.570685518707702E-003)
 (-1.611661133851697E-003,1.728579971302337E-003)
 (-7.697047932256459E-004,-4.071308584755151E-003)
 (-6.739428443853818E-004,-3.687850771484490E-003)
 (-5.584088244333584E-003,9.609243226372778E-004)
 (-1.212277489311164E-003,1.344071002214759E-003)
 (-7.442920352811068E-004,1.110746098378747E-003)
 (-6.494625729669491E-004,-2.531868366100513E-003)
 (-4.355522498100382E-003,8.322740149148553E-004)
 (-4.608867657640641E-003,7.548168764430904E-004)
 (-4.028601227177679E-003,-2.927205470874583E-003)
 (-4.180072091824563E-003,-2.759642604297542E-003)
 (-3.798177913052657E-003,-2.557023052295253E-003)
 (-7.437820867574993E-004,8.471835240901169E-004)
 (-5.692286508612810E-004,7.537024102609411E-004)
 (-3.283146685239617E-004,-1.435590247140065E-003)
 (-3.151590786533917E-004,-1.315559998457468E-003)
 (-1.911468972381948E-004,-6.947643953312460E-004)
 (-1.587295102489603E-003,-1.075631751653348E-003)
 (-1.668774762463432E-003,3.033104037375840E-004)
 (-1.410959815055745E-003,-9.333299796724856E-004)
 (-1.223600876488791E-003,2.133535015906780E-004)
 (-1.079115652429803E-003,1.998388770474974E-004)
 (-9.108188130187158E-004,1.247642402833027E-004)
 (-2.188108671198646E-004,2.715176649412292E-004)
 (-1.074094304229865E-004,8.778054422331819E-005)
 (-9.960256866382859E-005,1.594366930483090E-004)
 (0.000000000000000E+000,0.000000000000000E+000)
 (-4.113637598859465E-003,-2.602450223668443E-002)
 (-1.335622593117002E-002,1.975085376802632E-002)
 (-2.963591857546416E-002,-1.938994231870483E-002)
 (-2.258007971208122E-002,5.151463611258045E-003)
 (-2.576486878657270E-003,4.370032600849233E-003)
 (-2.253610022819554E-003,-1.085196695703885E-002)
 (-1.400846955374228E-003,-8.299323205172607E-003)
 (-1.182551344720754E-002,-7.498762927110624E-003)
 (-1.311367560764609E-002,3.081600664212184E-003)
 (-2.471156309191037E-003,3.468977086174513E-003)
 (-1.035516173130660E-002,-7.014130644963962E-003)
 (-1.019465608161730E-002,2.410416971730439E-003)
 (-1.036082108870131E-002,2.310976728200862E-003)
 (-1.334645564234431E-003,1.848803590803035E-003)
 (-9.169404110359981E-003,-5.647233763857821E-003)
 (-8.044452943298211E-004,-5.159174955416929E-003)
 (-7.285747994059988E-003,-4.671938136836045E-003)
 (-6.961344253109999E-003,1.544008784661312E-003)
 (-6.195290407827451E-003,1.113187604613884E-003)
 (-7.145960573338537E-004,-3.931858412915008E-003)
 (-5.818183683091597E-003,-3.777538265488643E-003)
 (-5.173413138149687E-003,-3.336831795253464E-003)
 (-5.054352157357205E-003,1.119819002558853E-003)
 (-5.907940238064240E-004,-2.706900450642572E-003)
 (-5.883175301224717E-004,-3.458809861423568E-003)
 (-8.120003742848438E-004,1.216699526134101E-003)
 (-8.156045100927802E-004,1.124825548957950E-003)
 (-4.495667986618126E-004,8.122469250572918E-004)
 (-3.593679519402916E-003,-2.423763176994921E-003)
 (-2.798385570796512E-003,-1.837331797057600E-003)
 (-2.160048981880452E-003,4.267933151452881E-004)
 (-2.614083704157747E-003,6.147808402968117E-004)
 (-2.033422991097452E-003,5.098357762043907E-004)
 (-4.483645133044661E-004,7.574209341503330E-004)
 (-2.947038369741695E-004,-1.600894318258917E-003)
 (-2.796569149932908E-004,4.453589190019183E-004)
 (-6.124669892744241E-005,-4.021510193400265E-004)
 (-8.303745574324688E-005,-4.364668118093111E-004)
 (-1.095828188419134E-004,-7.021996648346783E-004)
 (-1.163341675565629E-003,-7.252180457228774E-004)
 (-6.694171158225521E-004,-4.443028966932817E-004)
 (-9.037694155948695E-004,-5.595048622312190E-004)
 (0.000000000000000E+000,0.000000000000000E+000)
 (5.623265030993597E-003,8.488657518539236E-003)
 (1.101943778809853E-002,-3.332314496172992E-002)
 (-2.395135779854983E-002,-8.578691460065072E-003)
 (-1.280357396913729E-002,6.185239471892458E-003)
 (-5.345486768915961E-003,1.492368684898314E-002)
 (-8.418804393167896E-003,-1.827580159535976E-002)
 (2.483116923172605E-003,5.424610422021561E-003)
 (-5.839286502946317E-003,-1.943155440191127E-003)
 (-6.446785013768072E-003,3.237217243286459E-003)
 (1.933630034112154E-004,-6.797147697126326E-004)
 (2.395849379962210E-004,4.226645848921903E-005)
 (-3.214955964041819E-003,1.657441573672913E-003)
 (-2.342060895470750E-003,1.169522274497646E-003)
 (-8.362370138550809E-004,2.146043916796821E-003)
 (-2.824699611359584E-003,-9.452109614059539E-004)
 (-4.979715849601634E-004,-1.167321798576143E-003)
 (-1.331813204216638E-003,-4.083229936434120E-004)
 (-1.945217623347420E-003,9.281886512913680E-004)
 (-1.888703148035623E-003,8.266644898939934E-004)
 (-2.063878404578753E-004,-4.389047014460024E-004)
 (-9.124046042859597E-004,-2.776261403672451E-004)
 (-1.864375885505409E-003,-6.736457510951119E-004)
 (-1.835574071597884E-003,8.593124560127832E-004)
 (-4.986050708636061E-004,-9.826618504203924E-004)
 (1.487089109370564E-004,3.098300227271018E-004)
 (-8.199478237292160E-005,9.638494814107290E-005)
 (-1.737424161806996E-004,4.774882689752897E-004)
 (-3.565379423403260E-004,1.009299074139468E-003)
 (-4.412551707843405E-004,-1.369781589623400E-004)
 (-5.732698380744508E-004,-2.167798216102748E-004)
 (-3.215893626225638E-004,1.803799366004622E-004)
 (-1.148261041294686E-003,5.522484495532351E-004)
 (-1.218891254453015E-003,5.795635082886454E-004)
 (-5.784916747158085E-005,1.282143837038444E-004)
 (2.657941033142937E-004,5.707914378453603E-004)
 (9.999292761560111E-005,-2.389885054677873E-004)
 (-2.477692211288222E-004,-5.470396052561074E-004)
 (-1.581743561720778E-004,-3.351161613308647E-004)
 (-1.706725504063647E-004,-3.852530154902391E-004)
 (-5.632697680763485E-004,-1.933572030946032E-004)
 (-2.198742277646348E-004,-8.370252911082418E-005)
 (-5.354861264330326E-004,-1.853405317513981E-004)
 (0.000000000000000E+000,0.000000000000000E+000)
 (-2.477826052697477E-002,8.153870070822361E-003)
 (-1.991819669769264E-002,-1.170028967125545E-002)
 (-9.351747122351942E-003,1.957085354542309E-002)
 (-1.367803915340915E-002,-3.703287981913195E-002)
 (-3.042085617135847E-002,-1.363819717842281E-002)
 (-1.298016234025051E-002,4.156359355916990E-003)
 (2.328172779167628E-003,-1.051504763063661E-003)
 (2.620968982866889E-003,-5.721508301084329E-003)
 (5.943036595273973E-004,1.830369152895843E-003)
 (-1.109116526614358E-003,-6.068860991197713E-004)
 (-2.582847412873315E-004,4.808490439940803E-004)
 (-1.742689409033597E-003,-4.340242573445017E-003)
 (-7.661399974752888E-004,-1.800890935710227E-003)
 (-1.145582882667517E-003,-5.072225138036046E-004)
 (-5.233752677370502E-004,9.572500918175040E-004)
 (-9.443075928382532E-004,3.497889749489658E-004)
 (1.800877981606784E-004,-5.761751559669283E-004)
 (-4.263342925335925E-004,-1.071735434340095E-003)
 (-6.239086453931277E-004,-1.725220102536074E-003)
 (-8.642263275622781E-004,2.887840788135770E-004)
 (-1.327980224383901E-004,9.645898376789256E-005)
 (3.406102494148161E-004,-7.339288765294417E-004)
 (-5.671429102963999E-005,-3.873435471865247E-005)
 (-6.492762933531826E-004,2.049687455926735E-004)
 (-4.830427554156813E-004,1.760932859269771E-004)
 (-8.881778113439085E-004,-4.516831506753733E-004)
 (-9.235103073951389E-004,-4.079970954534310E-004)
 (-1.103767325057447E-003,-5.057907524693857E-004)
 (3.737655534030170E-004,-8.859908122427701E-004)
 (-3.178604463011396E-004,6.448087111874019E-004)
 (-5.237728193620158E-004,-1.473568464529643E-003)
 (-5.905590122785704E-004,-1.596567985300324E-003)
 (-3.237678525408124E-006,2.000850761074843E-005)
 (-1.225105113038776E-003,-5.902772180135251E-004)
 (-3.676705856723517E-004,1.299744492170647E-004)
 (2.302769636055722E-004,9.669661005864935E-005)
 (2.198636392815580E-005,-2.339839425041352E-005)
 (-2.846832123417858E-005,9.993771383596481E-006)
 (-3.287722607027701E-004,1.103755761191788E-004)
 (-2.077839752456659E-004,4.101193819836486E-004)
 (1.343322207034333E-005,-4.917066122228003E-005)
 (6.571898296558479E-005,-1.430589355370881E-004)
 (0.000000000000000E+000,0.000000000000000E+000)
 AAAAAA
 (1.668178928149715E-002,-2.895522865360125E-003)
 (1.505407349338339E-002,-2.494913455037658E-002)
 (1.023690114994620E-003,5.985459360776017E-003)
 (-1.289684726101003E-002,-6.939681104412183E-003)
 (-4.661056943716782E-003,6.534954746884107E-003)
 (-1.014072858844725E-002,3.100796027349317E-003)
 (-6.023409005475653E-003,-3.281690913813661E-003)
 (-1.469860115310458E-002,3.381704860225012E-003)
 (5.054408512765530E-004,1.404745053013352E-003)
 (-6.440489673586380E-003,9.885150602581175E-003)
 (5.551284823361270E-004,2.410075728397197E-003)
 (5.543953900671080E-004,2.872356766838296E-003)
 (-6.207919370038338E-003,-3.512111599863027E-003)
 (-5.146165372087065E-003,8.368683909278269E-003)
 (-4.903943269928417E-003,-2.964179334183506E-003)
 (-9.081710277849446E-003,2.473881580938054E-003)
 (-3.788431623853574E-003,-2.207460889508434E-003)
 (1.385114082337346E-004,1.321084336577809E-003)
 (-3.357198529429509E-003,-2.050410769317051E-003)
 (-6.114864602448542E-003,1.624673681379280E-003)
 (3.530554813287773E-004,1.429002475956566E-003)
 (-2.461619076180780E-003,3.755489218431478E-003)
 (2.576924074859344E-004,1.019003869453452E-003)
 (5.834965574947866E-005,6.773189402434071E-004)
 (-4.777174219636776E-003,1.121042844275318E-003)
 (-1.914322817119619E-003,3.252815996106210E-003)
 (-1.737798727909355E-003,2.733759393190682E-003)
 (-1.847577458504815E-003,-1.129719097699873E-003)
 (-1.823298574072396E-003,-1.010043323036655E-003)
 (-3.400393605388797E-003,9.456261904322367E-004)
 (-1.291939205291929E-003,-6.650927029043714E-004)
 (1.971233011297342E-004,5.276922141764405E-004)
 (-1.976618123453026E-003,5.347411898449362E-004)
 (-6.523077416843194E-004,1.119261573803355E-003)
 (-6.729050137531067E-004,1.101337536637817E-003)
 (-5.640362416926914E-004,-3.425065584784042E-004)
 (-5.713008220414608E-004,-3.260763110051088E-004)
 (-1.130160489452203E-003,2.427996053396561E-004)
 (-4.920871990972893E-004,8.015930182166237E-004)
 (-4.074745914828855E-004,6.797896734214542E-004)
 (1.779990166379426E-005,1.025084983007753E-004)
 (0.000000000000000E+000,0.000000000000000E+000)
 (0.000000000000000E+000,0.000000000000000E+000)
 (2.423177494570475E-003,4.699910539603230E-002)
 (-1.494650498020298E-002,-1.459893573181445E-002)
 (-2.595509071592310E-002,1.454194267501666E-003)
 (-1.593529233446085E-002,1.722935924608609E-002)
 (1.521220253127215E-003,1.152004672395080E-003)
 (-9.676633917547013E-005,5.204776317283025E-003)
 (-8.207161715490366E-003,9.376897069043232E-003)
 (2.042082648009329E-004,5.014072107959957E-003)
 (-1.278045280870675E-002,4.856690222074839E-004)
 (-6.283872469393896E-003,-5.870682282482787E-003)
 (-1.248941728778514E-002,9.685067782939294E-004)
 (-1.136601620918708E-002,5.925592147170583E-004)
 (-6.526233160772261E-003,6.783974084094448E-003)
 (-4.206116085006935E-003,-3.680211553674538E-003)
 (-5.774511291747725E-003,6.081685372350884E-003)
 (-6.990583919375343E-005,1.092150117981598E-003)
 (-3.984140354268029E-003,4.434564218115249E-003)
 (-6.697151552495405E-003,3.929116799380949E-004)
 (-3.824441056452542E-003,4.003315229969974E-003)
 (-1.101371374992877E-005,1.260821689395171E-003)
 (-6.031530171530167E-003,2.305952899447218E-004)
 (-2.326246527483991E-003,-2.198071757583895E-003)
 (-5.472283809704165E-003,1.860206059950407E-004)
 (-5.046340976935643E-003,3.172857470168655E-004)
 (7.926934028589980E-005,1.408224932368416E-003)
 (-2.027237889666491E-003,-1.919925551117871E-003)
 (-1.447325151065898E-003,-1.363995810352518E-003)
 (-2.036883206040123E-003,2.169094628791797E-003)
 (-1.976414770077665E-003,2.267578344211168E-003)
 (7.569436821762334E-005,6.254386187880698E-004)
 (-1.597258376892762E-003,1.798033086199068E-003)
 (-2.180328464005236E-003,1.534819527470543E-004)
 (2.722100418646553E-005,9.310753459935243E-004)
 (-2.213179139930533E-004,-1.914250686116982E-004)
 (-1.017736382340094E-003,-9.092268343965748E-004)
 (-6.684547111355793E-004,7.727478897466371E-004)
 (-7.081123608723540E-004,7.299333785826241E-004)
 (4.278180346004793E-005,2.409800938863951E-004)
 (-2.839887943177234E-004,-2.583093015098006E-004)
 (-2.984076526049287E-004,-2.739213403856879E-004)
 (-7.235475937122500E-004,5.970116084363032E-005)
 (0.000000000000000E+000,0.000000000000000E+000)
 (0.000000000000000E+000,0.000000000000000E+000)
 (2.521278851522341E-004,2.309693904702932E-003)
 (-9.923380595737386E-003,1.945186973964713E-002)
 (-3.484641144630263E-003,-1.215587262685074E-002)
 (-3.479286401957110E-002,-1.905590411139121E-002)
 (5.041875853784512E-003,-7.984121555030862E-003)
 (-2.325840805799478E-002,6.722711854718761E-003)
 (-8.629886537773600E-003,-4.904171032444270E-003)
 (-1.081437655413506E-003,6.102281628511165E-005)
 (-2.187459780876061E-003,-8.721420251766148E-003)
 (-1.853858293009219E-004,1.975002060540976E-004)
 (-1.326389073454609E-003,-4.422659571848884E-003)
 (-6.280315285872033E-004,-2.167181447144052E-003)
 (-4.556546541631964E-003,-2.734426168926721E-003)
 (4.712884969767031E-004,-1.079147122705223E-003)
 (-5.154117242995516E-003,-3.152956558944479E-003)
 (-2.377962955800938E-003,6.138763500786110E-004)
 (-3.032930801960324E-003,-1.757711956733827E-003)
 (-7.597718253156277E-004,-2.595903407018655E-003)
 (-3.238200300055781E-003,-1.945000451612594E-003)
 (-1.482969697774037E-003,3.789513611697295E-004)
 (-3.636586393855547E-004,-1.483050346221596E-003)
 (7.748799253568564E-005,-2.135046178461190E-004)
 (-5.250802789154044E-004,-2.134030068199967E-003)
 (-7.709730998777109E-004,-2.687146410750452E-003)
 (-1.078933383665040E-003,2.609322725907842E-004)
 (-3.628357527874312E-005,1.237644258374088E-004)
 (2.093842318303560E-004,-4.067496312679411E-004)
 (-1.617064501730179E-003,-9.732592532191512E-004)
 (-1.656093519982647E-003,-9.161479611771856E-004)
 (-1.404664594550049E-003,4.029626813379230E-004)
 (-2.080801809751020E-003,-1.181083984342640E-003)
 (-1.515693387024091E-005,-1.209667732871464E-004)
 (-1.034479695895414E-003,2.963139004021733E-004)
 (3.217431320059186E-004,-6.045040687327680E-004)
 (-1.866276516567312E-004,3.444733728808737E-004)
 (-7.751918737678276E-004,-4.433617600022596E-004)
 (-7.770704243338340E-004,-4.598633197856980E-004)
 (-1.074493250786974E-004,1.957176188866816E-005)
 (1.225669302562658E-004,-2.318917724677486E-004)
 (9.616986088070439E-005,-1.684288835424259E-004)
 (-1.065871338988795E-004,-3.464480578198979E-004)
 (0.000000000000000E+000,0.000000000000000E+000)
 (0.000000000000000E+000,0.000000000000000E+000)
 (5.046942699001675E-003,3.066918501797227E-003)
 (-1.783967874123510E-003,6.042793588843623E-004)
 (-5.308539220452507E-002,4.066203445267592E-002)
 (2.591006472519708E-004,8.976545786440955E-005)
 (-4.983246015011171E-002,-6.823718153417037E-003)
 (2.138046153435050E-004,-1.085136155318726E-003)
 (-1.985556056854160E-003,1.199156231193876E-002)
 (3.276138007046797E-004,1.291244995086160E-004)
 (2.433319155763075E-003,-1.933169168219273E-003)
 (3.099887615904916E-003,2.533365718253711E-004)
 (-4.691540367507708E-003,3.588727132956117E-003)
 (1.030827202896284E-003,-8.836421900261231E-004)
 (3.349339472260040E-006,3.347122334664060E-005)
 (-1.285834378735327E-003,-2.875889915399020E-004)
 (1.401653201156950E-004,-1.165376638144751E-003)
 (4.162247657867166E-005,-7.955941701393695E-005)
 (-1.724087729561845E-005,1.136336684350712E-004)
 (-4.940847323937239E-004,3.228035360365135E-004)
 (-2.978181027016259E-006,3.013763785165158E-005)
 (2.933458212058513E-005,-7.279386470420264E-005)
 (-5.007477925136085E-004,2.912529827774568E-004)
 (-7.152791867022646E-004,-1.439323014191219E-004)
 (1.402843764041626E-003,-1.058500229526736E-003)
 (-4.307858368519935E-004,3.145829397136413E-004)
 (2.653189418777804E-005,2.116968001225028E-005)
 (-4.729532924214434E-004,-1.171639777814180E-004)
 (-5.849845936268875E-004,-1.250985058018921E-004)
 (-1.216512739871975E-004,8.717378825012183E-004)
 (1.064553162604959E-004,-8.402491536477534E-004)
 (5.395398638269181E-005,1.927874596332045E-005)
 (3.491015723272935E-006,5.019898076754658E-006)
 (-1.195622274572865E-003,8.414410526891417E-004)
 (-6.473532728316867E-006,-1.244946408602571E-005)
 (2.971148919625663E-004,2.631949373919245E-005)
 (-4.412753345060725E-004,-8.515321859492041E-005)
 (-8.340671140940541E-005,7.338775492089501E-004)
 (1.128908725976581E-004,-7.164972842469726E-004)
 (2.668372750183552E-005,2.312689976305434E-005)
 (-1.115689144447372E-004,-2.201672442737711E-005)
 (4.331566800881138E-004,4.549460844153186E-005)
 (-8.325936958024976E-006,-3.610548058652133E-006)
 (0.000000000000000E+000,0.000000000000000E+000)
 (0.000000000000000E+000,0.000000000000000E+000)
 AAAAAA
 (5.234511640256137E-002,-1.685886763238599E-002)
 (1.003443834289463E-002,7.061226749007127E-003)
 (-3.839634072662338E-003,6.613263091035687E-003)
 (-4.014050143284937E-003,-1.206332431471350E-002)
 (-5.794633891738617E-003,-3.243883916765226E-003)
 (-9.022519155853016E-003,2.961323211461558E-003)
 (-2.416009360824610E-003,-7.575613903071676E-003)
 (-4.955871823585619E-004,9.036046790977504E-004)
 (-1.139771220467583E-002,-6.145124645672937E-003)
 (-1.662636378397928E-003,-7.441017153191030E-003)
 (-4.089198491538798E-004,1.015779135340153E-003)
 (-8.095898833301550E-003,2.198409459128457E-003)
 (-2.031665954575576E-003,-6.586651339630510E-003)
 (-4.054625149023370E-004,9.958705277866571E-004)
 (-7.248807900754486E-003,2.385081435894511E-003)
 (-6.818460136595671E-003,-3.788518165420479E-003)
 (-1.211530937184594E-003,-4.824638494449448E-003)
 (-4.881153173931191E-004,5.886456911702812E-004)
 (-5.528535607345793E-003,-3.079103116135636E-003)
 (-2.199745845531485E-004,5.210817131429866E-004)
 (-9.597237807194084E-004,-3.327439576016486E-003)
 (-3.712798824785837E-003,9.220325846019597E-004)
 (-4.431233168561621E-003,-2.397980664696131E-003)
 (-3.402783345682829E-003,9.457419636312990E-004)
 (-1.897773131476852E-004,5.104861581668265E-004)
 (-2.806717089946536E-003,8.800494728627383E-004)
 (-5.177188821265909E-004,-2.037548369086194E-003)
 (-6.562767644935266E-004,-2.039274950190989E-003)
 (-1.709184888653910E-004,2.346567633496415E-004)
 (-1.941986729855608E-004,3.024648638089542E-004)
 (-2.253352942042621E-003,-1.209522578746020E-003)
 (-1.168778874895670E-003,4.050309393636213E-004)
 (-1.194984143101972E-003,3.370629122608211E-004)
 (-2.488230564092391E-004,-9.180700140447287E-004)
 (-1.045625522303122E-003,2.996637093284952E-004)
 (-1.236827292716763E-003,-6.810253405216196E-004)
 (-1.287721325177841E-003,-7.052060919584321E-004)
 (-2.118583107431831E-005,4.837029125154724E-005)
 (-9.323996958021844E-004,-4.931402947392441E-004)
 (-6.940602697366161E-004,2.176964007647795E-004)
 (0.000000000000000E+000,0.000000000000000E+000)
 (0.000000000000000E+000,0.000000000000000E+000)
 (0.000000000000000E+000,0.000000000000000E+000)
 (1.154536149971573E-002,4.057332847792173E-002)
 (2.176059818973453E-002,-4.520099798261292E-002)
 (3.072754608645720E-002,1.671433709074837E-002)
 (-3.430368027855958E-003,8.357565097515827E-004)
 (-3.698644255528342E-003,6.825300305159320E-003)
 (-1.073973988335396E-003,-3.398005940661934E-003)
 (8.129849584076469E-003,-2.517495407537317E-003)
 (7.252389242033886E-003,3.987577655884386E-003)
 (-4.031081422610078E-004,9.068546953158270E-004)
 (5.480166012774850E-003,-1.796321865148933E-003)
 (8.890657603659395E-003,4.409628618521292E-003)
 (2.433198712217778E-003,8.134016514650108E-003)
 (4.872891924818411E-003,-1.121183106992495E-003)
 (7.547221748478808E-003,3.906408989980764E-003)
 (1.858284969945160E-003,5.868018843571237E-003)
 (-5.590344337136162E-004,1.326305600313323E-003)
 (3.734881068112479E-003,-1.102865718311899E-003)
 (5.903148885061191E-003,3.257478599873071E-003)
 (-2.624131158618496E-004,7.757058118814527E-004)
 (4.744956336238133E-003,2.575656245108780E-003)
 (2.187885763471015E-003,-6.838992171246171E-004)
 (1.160580878545231E-003,4.009146157955972E-003)
 (-2.121127860463649E-004,3.075545171075081E-004)
 (9.686889512430063E-004,2.697155311447456E-003)
 (3.465015813737297E-003,1.872028209448730E-003)
 (8.955527065980231E-004,2.795323497160975E-003)
 (1.549229718233607E-003,-5.064354302730873E-004)
 (1.493742062250759E-003,-3.336259058228145E-004)
 (2.460511515437156E-003,1.309256668362651E-003)
 (2.461474260145859E-003,1.310144023913498E-003)
 (-3.410721800662357E-004,5.529204877011988E-004)
 (1.421495337100607E-004,3.485789287559361E-004)
 (9.591719754795676E-005,3.802276320846897E-004)
 (6.670866494299776E-004,-2.168905597469999E-004)
 (5.105656225392252E-004,1.610302378115658E-003)
 (-5.111531381009522E-005,3.576507353845131E-005)
 (-3.362399140404999E-006,3.617015688623043E-005)
 (5.832668302105648E-004,3.402349044774162E-004)
 (4.060044601665092E-006,-1.020872540428595E-005)
 (1.605934201030417E-004,4.626794683160780E-004)
 (0.000000000000000E+000,0.000000000000000E+000)
 (0.000000000000000E+000,0.000000000000000E+000)
 (0.000000000000000E+000,0.000000000000000E+000)
 (-8.955980949443488E-003,-4.870776475903600E-002)
 (6.287512406071401E-003,6.225661345346350E-002)
 (-0.114846502794549,1.054246091960957E-002)
 (-3.265702109063080E-002,5.294509956438200E-003)
 (-1.461163664640619E-002,-2.846653764394327E-003)
 (-2.168371260964347E-002,-1.119790931491903E-002)
 (-8.283918217835522E-003,1.507946047481850E-002)
 (1.027877153969873E-003,-3.861276593725945E-003)
 (2.414592602454390E-004,5.655087489270748E-004)
 (-5.373236651828672E-004,-2.495278350521122E-003)
 (-3.705212878385586E-003,1.578114608965900E-003)
 (7.143662087666599E-004,8.685951817132827E-004)
 (-1.363753634727822E-004,2.737982482166952E-005)
 (1.377737042318668E-003,4.125556094154017E-004)
 (-4.821486076739319E-004,-3.812812076000605E-005)
 (-8.901638948486019E-005,-2.432552000900091E-004)
 (3.238496690666131E-005,-9.769756484238807E-005)
 (7.190879190348965E-005,-2.405735458412224E-005)
 (-2.339329464806786E-004,-4.200770903298127E-004)
 (-4.217462854516224E-004,2.657985621920285E-004)
 (-9.853685881354728E-004,1.298248907012338E-004)
 (-3.835425924077851E-004,9.130760125740622E-005)
 (-1.036805393973319E-004,1.263009534995708E-004)
 (-4.516476419277638E-004,-1.554231836004287E-004)
 (7.150552717437905E-004,-4.746311800400675E-004)
 (-2.590987324397045E-004,-2.689799315446100E-004)
 (-6.748432475617871E-004,9.803580016049575E-004)
 (3.091985049328668E-004,-9.022444628275961E-004)
 (-7.382024043882335E-004,-2.715178389586571E-004)
 (-4.572836047844999E-004,4.904275348752263E-004)
 (-2.505806761136649E-005,6.914517139018499E-004)
 (9.688938334409333E-005,-4.867974482728030E-005)
 (-9.753252956779409E-005,6.880985779280491E-005)
 (-8.315742541473860E-004,1.020662398824668E-004)
 (-2.209101518601434E-004,-4.451806588437254E-005)
 (-2.086514905025958E-004,8.609906857998058E-005)
 (1.716764432763028E-004,4.265513061904409E-004)
 (1.027905832030398E-004,9.314780919449745E-005)
 (6.849821543637496E-005,8.480221221884142E-005)
 (1.956517689463473E-004,9.788710000894346E-005)
 (0.000000000000000E+000,0.000000000000000E+000)
 (0.000000000000000E+000,0.000000000000000E+000)
 (0.000000000000000E+000,0.000000000000000E+000)
 (-7.952599008016609E-002,-5.391406052222408E-002)
 (-1.522728789574419E-002,1.369952731196877E-002)
 (-3.178745514386513E-002,-3.692929914317313E-002)
 (-3.757508563315023E-002,5.050900635338086E-002)
 (1.312728629225372E-002,3.422677263613547E-002)
 (1.118680575452227E-002,-4.708508291469484E-003)
 (-2.962019531684783E-003,-9.198925554784987E-003)
 (-8.925467703690064E-003,3.458112842576889E-003)
 (-5.208640794687000E-004,-5.636661885672464E-004)
 (-1.766551813716770E-003,4.450271416386841E-003)
 (1.640090083434211E-003,-2.092366262503638E-003)
 (3.241430229828555E-004,6.672292518090592E-004)
 (-1.025471197631093E-004,-3.881162994748102E-005)
 (1.745434176094824E-003,1.183592638154328E-005)
 (4.853673025366732E-004,9.675295728685022E-005)
 (6.594084396981199E-005,-7.469751328545387E-005)
 (2.990116708800269E-005,-1.094546667265774E-005)
 (-3.962187423796596E-005,4.213163494351459E-005)
 (2.674209934707584E-004,2.534243709366377E-004)
 (4.282210971638956E-004,-3.035088113280725E-004)
 (-1.130063561407382E-003,1.444997328403243E-003)
 (5.533952565538493E-004,2.096292206567622E-004)
 (7.620923179080962E-006,1.943337871202446E-004)
 (2.897784408992768E-004,-2.141150862425140E-005)
 (-8.253502430552053E-004,5.412306067121814E-004)
 (-2.048332668426270E-004,-2.586208661243855E-004)
 (-4.000139503732957E-004,-2.776633575084583E-004)
 (-3.674708345996578E-005,7.486890124533389E-004)
 (-1.041330216164163E-003,2.280553466855610E-005)
 (9.269366357438077E-004,-5.178115002935091E-004)
 (-1.902912214436157E-004,3.774761202718738E-004)
 (-2.789816942277042E-004,-1.302039671589134E-004)
 (2.513590972984202E-004,1.100757145130032E-004)
 (-9.472132712326192E-004,1.268625945464431E-003)
 (2.408559542546927E-004,3.399142011918231E-005)
 (8.982110534398258E-005,5.263101400942508E-004)
 (-2.380837872103110E-004,-2.755242970028569E-004)
 (2.882776291932166E-004,-7.165862409157251E-005)
 (-8.023066054871987E-005,-1.932208515764188E-004)
 (-1.703458146741951E-004,1.019931381202362E-005)
 (0.000000000000000E+000,0.000000000000000E+000)
 (0.000000000000000E+000,0.000000000000000E+000)
 (0.000000000000000E+000,0.000000000000000E+000)
 AAAAAA
 (3.561045350340136E-002,-2.866222327059309E-003)
 (1.560684830043002E-002,1.133527995571348E-002)
 (-6.995755352800913E-003,7.285330327865029E-003)
 (-1.213007820281238E-003,-1.331257458962919E-002)
 (-5.600945969206982E-003,-4.720391490538092E-003)
 (-9.126161559246232E-003,4.076733727629328E-004)
 (-1.965271734350890E-003,1.892165551784694E-003)
 (-6.508890365890235E-004,-5.846356747990912E-003)
 (-1.041002226684703E-002,-8.423392628627884E-003)
 (-5.296297679168746E-004,-6.319745859085885E-003)
 (-1.116232447279727E-002,1.215576330383053E-003)
 (-6.414381154509297E-004,-6.426366790836002E-003)
 (-1.670613553393472E-003,2.111969182256382E-003)
 (-1.910942079408566E-003,2.427031663264136E-003)
 (-8.433450872893048E-003,6.990586602910267E-004)
 (-7.071205028352510E-003,-5.766611048670971E-003)
 (-1.348011780306879E-003,1.374869098662060E-003)
 (-2.535581333671551E-004,-3.859742852600130E-003)
 (-1.406710441867685E-003,1.648658625345695E-003)
 (-4.888921804081929E-003,5.082622440518525E-004)
 (-2.190760679421498E-004,-2.817321661763602E-003)
 (-4.094932739137260E-003,-3.380308363101297E-003)
 (-4.061591530285125E-003,4.430540716567425E-004)
 (-4.100260455941660E-003,3.630505067995097E-004)
 (-3.500450888666848E-003,-2.880653329937577E-003)
 (-7.382233620295646E-004,9.571410484118488E-004)
 (-3.221891397628738E-004,-2.040091598297036E-003)
 (-7.904168200722318E-004,7.567789833322284E-004)
 (-6.052501065687562E-004,7.348430221322057E-004)
 (-2.398480092609560E-003,-2.062151413439748E-003)
 (-1.178533961606677E-004,-1.459851827598211E-003)
 (-1.631183340024527E-003,1.540817301166440E-004)
 (-9.612019628992132E-005,-8.881033596834431E-004)
 (-1.129693150600116E-003,-9.552901929981003E-004)
 (-1.080080371628519E-003,-8.898568332353742E-004)
 (-1.119935432072936E-003,1.116881692275185E-004)
 (-1.155050652802664E-003,8.128025309246916E-005)
 (-3.039963900808193E-005,-5.466329618597981E-004)
 (-1.352161472706490E-004,1.557770967910481E-004)
 (0.000000000000000E+000,0.000000000000000E+000)
 (0.000000000000000E+000,0.000000000000000E+000)
 (0.000000000000000E+000,0.000000000000000E+000)
 (0.000000000000000E+000,0.000000000000000E+000)
 (-1.207987430370761E-002,-3.902498855877688E-002)
 (-2.023917727387225E-002,3.792665519622827E-002)
 (-2.276975542907433E-002,-1.283612927744571E-002)
 (-1.058366209796497E-002,2.122398481643957E-003)
 (2.758197743440177E-003,-6.105752642821874E-003)
 (2.842561576652661E-004,-5.041496685034485E-004)
 (-8.374495625677186E-003,-4.937174611586203E-003)
 (-9.488711027255526E-003,2.630784273422581E-003)
 (-1.761555476726945E-003,3.274557571148566E-003)
 (-7.858181397701407E-003,2.154781937963288E-003)
 (-1.696123365814255E-003,-6.428915517790099E-003)
 (-7.825145181322988E-003,2.068849269950110E-003)
 (-7.758414590068850E-003,-4.639300531537341E-003)
 (-7.335957810692324E-003,-4.527312692918606E-003)
 (-1.063431085572017E-003,-3.964807310902931E-003)
 (-4.964416479637940E-004,8.526241118548199E-004)
 (-5.218804578031476E-003,-3.235375719556646E-003)
 (-4.674026183778929E-003,1.299515519264139E-003)
 (-4.998824431768314E-003,-2.884323490427365E-003)
 (-8.277885011997686E-004,-3.100357526785564E-003)
 (-3.516546094802958E-003,8.626932218988605E-004)
 (-5.825690231148366E-004,9.654640005578403E-004)
 (-4.363305838494780E-004,-1.772829484523938E-003)
 (-6.047197100720965E-004,-2.376493041770645E-003)
 (-4.903099521069569E-004,7.713969203867902E-004)
 (-3.015055500776196E-003,-1.757533227942262E-003)
 (-2.690162359927559E-003,7.144891924807387E-004)
 (-2.785478164297449E-003,-1.631381349284151E-003)
 (-2.536922471967069E-003,-1.450905230021012E-003)
 (-2.259170009982096E-004,2.794858997724304E-004)
 (-1.766380838196071E-003,5.059008340255896E-004)
 (-3.889421015382318E-004,-1.605565828433115E-003)
 (-1.178535582823216E-003,2.875549456267605E-004)
 (-2.045453169178665E-004,4.355572082979839E-004)
 (-1.918846321923775E-004,3.224289106744383E-004)
 (-5.078699580428762E-005,-2.223982995231194E-004)
 (-7.250671907204953E-005,-1.710277582791845E-004)
 (-8.564362002604504E-004,2.298448678089468E-004)
 (-5.720869315910813E-004,-3.531237573208034E-004)
 (0.000000000000000E+000,0.000000000000000E+000)
 (0.000000000000000E+000,0.000000000000000E+000)
 (0.000000000000000E+000,0.000000000000000E+000)
 (0.000000000000000E+000,0.000000000000000E+000)
 (2.183651759292011E-002,5.652412735885811E-003)
 (2.340901774891248E-003,6.070249821858958E-003)
 (6.515745334186165E-002,-3.284172715904270E-002)
 (6.790382405434260E-003,-2.302014862235261E-002)
 (-2.146011879559955E-003,-7.184691325748436E-003)
 (3.133830150655058E-002,1.022321499525540E-002)
 (9.492217221979812E-003,-5.032072828897806E-003)
 (5.934966380916935E-003,-1.824280299157861E-002)
 (-1.362368571192206E-003,-2.269081015117625E-003)
 (2.226575974852462E-003,-6.999112818801802E-003)
 (6.529680147050718E-004,7.224062470478194E-005)
 (2.163700783118019E-003,-6.973259048079244E-003)
 (8.166956834255903E-003,-4.213736768512036E-003)
 (4.312066197972819E-003,-2.053700005668195E-003)
 (3.091021549179040E-003,8.226015928097755E-004)
 (-1.030381843143790E-003,-2.069314957711136E-003)
 (4.244061202481974E-003,-2.107384812265847E-003)
 (1.415721720005288E-003,-4.496306899687005E-003)
 (3.716805050324365E-003,-1.978696525115456E-003)
 (1.180692191439508E-003,3.188629758014966E-004)
 (1.277307694354978E-003,-3.722782481566991E-003)
 (-4.245388290625527E-004,-9.963323826998227E-004)
 (1.780058533869626E-003,5.447734710445136E-004)
 (1.814853988390386E-003,5.870738234935405E-004)
 (-3.601389804598179E-004,-7.812210725291347E-004)
 (1.725878234455702E-003,-8.782456079503118E-004)
 (1.051920862984709E-003,-3.400221524367001E-003)
 (2.754778712044361E-003,-1.449747196178809E-003)
 (2.181622206798861E-003,-1.176758636860875E-003)
 (-4.441876423017118E-004,-1.095939067338643E-003)
 (2.726853192464456E-004,-9.413141634362638E-004)
 (3.893516756262862E-004,1.473116904807785E-004)
 (5.883176897423560E-004,-1.721505038966959E-003)
 (-2.087405282251621E-004,-3.752638556204433E-004)
 (-1.207035389674097E-004,-2.725933932371216E-004)
 (5.114007660812241E-004,1.483580470910010E-004)
 (4.812896783975958E-004,1.002092757760591E-004)
 (4.983904034981185E-004,-1.580481129129897E-003)
 (5.249691280874982E-004,-2.734895997493791E-004)
 (0.000000000000000E+000,0.000000000000000E+000)
 (0.000000000000000E+000,0.000000000000000E+000)
 (0.000000000000000E+000,0.000000000000000E+000)
 (0.000000000000000E+000,0.000000000000000E+000)
 (3.107417709953894E-002,-9.948710744858136E-003)
 (-3.747707877047219E-004,-1.441695740631215E-003)
 (5.915399716037564E-004,7.846536078902275E-004)
 (-2.648977758113089E-002,-5.905780700880649E-002)
 (-4.700175846964825E-002,-1.938277311877755E-002)
 (-5.163430733616282E-003,1.579836169231737E-003)
 (4.245790951352563E-003,-1.031819128789655E-002)
 (2.641491327864086E-003,5.858166114422115E-003)
 (1.269111858851443E-003,6.184248158814209E-004)
 (-2.363304742383053E-003,-5.360560067049227E-003)
 (-2.179293916777353E-004,4.030944455285681E-004)
 (5.872562032516143E-005,-6.236544491180956E-005)
 (-4.264661607777061E-004,1.772452907473934E-003)
 (-3.841945917621535E-004,1.485758516369459E-003)
 (-2.524761156347408E-004,3.926281878589952E-004)
 (-1.319583159679346E-004,5.327457870974299E-005)
 (1.276178167503870E-004,8.823504743954558E-005)
 (2.707154790984663E-005,-4.493631296231655E-005)
 (-4.132854886055227E-005,4.308645651385181E-004)
 (-3.230028653225233E-004,3.267849773995484E-004)
 (-6.865801132285345E-004,-1.672865741715241E-003)
 (-7.104144979514466E-004,-2.234076839470173E-004)
 (-1.277982308077790E-004,2.164059015145153E-004)
 (1.930603591604196E-004,7.832702003609405E-005)
 (-2.792694897439820E-004,-5.536252714657169E-005)
 (4.204827025484722E-004,-8.592430890641027E-004)
 (1.695321332658468E-004,3.144764864944532E-004)
 (3.466402520251873E-004,-6.487995459850624E-004)
 (-3.071012060696192E-004,9.549600680483784E-004)
 (-2.058840975093899E-004,-2.504985348418172E-005)
 (-4.504122612307207E-004,-1.126550920588857E-003)
 (-1.512213904549469E-004,1.589505775453893E-004)
 (-7.203196834720872E-004,-1.709915530428771E-003)
 (5.805420591154700E-004,2.713324264326348E-004)
 (-6.869726069300387E-004,-2.936216727031894E-004)
 (8.613555077236832E-005,-2.433538777960699E-005)
 (-8.746567447447923E-005,6.670297205033564E-005)
 (1.170913107821145E-005,-5.949586329996887E-007)
 (-4.163022810603286E-005,1.402490727293706E-004)
 (0.000000000000000E+000,0.000000000000000E+000)
 (0.000000000000000E+000,0.000000000000000E+000)
 (0.000000000000000E+000,0.000000000000000E+000)
 (0.000000000000000E+000,0.000000000000000E+000)
