 AAAAAA
 (-7.412588485908124E-003,9.583289644186857E-002)
 (7.883822226632288E-004,1.339967422874250E-004)
 (-3.915073009637879E-003,-3.874928804151653E-003)
 (-5.910265351779052E-003,-6.960544289217007E-003)
 (-8.720410662293000E-003,-7.228321555430243E-004)
 (7.170955365045865E-004,-9.627207610037762E-003)
 (-9.559899103326884E-003,-5.520027422854540E-004)
 (-8.171062920597945E-003,-6.345053340774366E-004)
 (1.521766451847220E-004,-5.586351619311924E-006)
 (6.454740910932736E-004,-7.191875626789053E-003)
 (-7.086804506230688E-003,-4.525528976279135E-004)
 (-5.843347759713381E-005,3.655492033936223E-005)
 (7.753984677042695E-006,8.901053469257574E-005)
 (1.629618404433665E-004,-1.395050686380384E-004)
 (-4.893370763484884E-003,-6.195544289220242E-003)
 (-4.980237646451431E-003,-5.587148849253583E-003)
 (-4.359357491432783E-003,-5.082660055972897E-003)
 (-4.021100615408081E-003,-5.065774432252949E-003)
 (4.020862006911836E-004,-4.198160413665910E-003)
 (-4.105310310904645E-003,-3.794288492569202E-004)
 (2.264874020420846E-004,-3.548550953564576E-003)
 (-3.464368764515162E-003,-3.413287480781634E-004)
 (1.732357460526707E-004,-2.306825532010470E-003)
 (-2.311148229043651E-003,-1.283620333544267E-004)
 (4.540908505718487E-005,2.400798388050889E-005)
 (-1.931039000641017E-003,-7.579196749680806E-005)
 (-1.824712730729847E-003,-1.410763564553567E-004)
 (1.271460411057584E-005,-3.112889033727521E-005)
 (3.326551940631634E-005,-1.350828875121529E-005)
 (1.288785876655169E-004,-1.590560723447747E-003)
 (1.675083546735541E-004,-1.664897303117051E-003)
 (6.400821094429247E-005,2.379937428608039E-005)
 (-4.387356458182242E-005,-7.671275211245274E-006)
 (-1.318350790035517E-003,-1.539983040619310E-003)
 (-1.185391537506551E-003,-1.429510170144451E-003)
 (-1.237727909336080E-003,-1.470132310858805E-003)
 (7.497889591273307E-005,-1.006422112984327E-003)
 (8.221884229057562E-005,-1.010322566484216E-003)
 (-8.676401500012879E-004,-1.071886673620318E-003)
 (-7.808842119042177E-004,-2.778487522320805E-005)
 (-7.471300577775405E-004,-7.618165513461150E-005)
 (7.283177059977917E-006,3.144103139849755E-006)
 (0.000000000000000E+000,0.000000000000000E+000)
 (0.000000000000000E+000,0.000000000000000E+000)
 (0.000000000000000E+000,0.000000000000000E+000)
 (0.000000000000000E+000,0.000000000000000E+000)
 (-8.013912909638768E-002,-6.907001561460438E-002)
 (-3.471829197002524E-002,-0.265598182609499)
 (-4.591364442940537E-003,1.729274362424813E-003)
 (-3.145520836698043E-002,2.940348709266130E-003)
 (7.375059014273656E-003,-9.938914320437326E-003)
 (1.108097813226733E-002,7.675083693222349E-003)
 (-2.470274558795843E-002,3.186037804295828E-002)
 (-2.060652046140892E-003,2.404049552784488E-003)
 (7.724465150184844E-004,6.766970169204923E-003)
 (3.798720066142524E-003,3.106015933653074E-003)
 (-5.552455160569792E-003,7.662264409849903E-003)
 (9.055255016374745E-004,8.662206294731552E-003)
 (1.200524407424251E-003,9.830555939487454E-003)
 (1.218217022868793E-003,1.013347578542859E-002)
 (-1.281418797439738E-003,1.718032544302246E-005)
 (-1.652231691348814E-003,2.059260151520679E-004)
 (-1.983155685288981E-003,2.225126068229307E-004)
 (-1.911252433715553E-003,-2.831236378523323E-006)
 (2.528746518340532E-003,1.942511127976485E-003)
 (-3.460873359801130E-003,4.380231710389845E-003)
 (1.969621127302513E-003,1.429485578352245E-003)
 (-1.937040535032824E-003,2.773018087220152E-003)
 (1.593810014069317E-003,1.289722508649856E-003)
 (-2.262653859094793E-003,3.022661921590703E-003)
 (4.901491373499263E-004,3.394922238746109E-003)
 (-1.316149825268119E-003,1.806326989888382E-003)
 (-1.405465176294508E-003,1.730469051600035E-003)
 (2.371804326019890E-004,2.022886129389009E-003)
 (2.308737474536989E-004,1.994203918833408E-003)
 (5.792791870079472E-004,5.445785541348732E-004)
 (5.815367528798752E-004,4.610579714936264E-004)
 (1.299157993639370E-004,1.102976642225454E-003)
 (5.997217323436862E-005,1.122346236969171E-003)
 (-1.270918220311831E-003,2.457501905699304E-004)
 (-8.973506820443417E-004,4.867137422501862E-005)
 (-8.509425443641023E-004,1.412442280709703E-004)
 (7.056820206691889E-004,5.360461605194947E-004)
 (7.729479646013185E-004,6.029594562427635E-004)
 (2.483614946391161E-004,-4.322654975680147E-005)
 (-2.822229212571217E-004,3.740969311543520E-004)
 (-3.202124865393672E-004,3.353708726999540E-004)
 (9.332065497421298E-005,4.976189385305619E-004)
 (0.000000000000000E+000,0.000000000000000E+000)
 (0.000000000000000E+000,0.000000000000000E+000)
 (0.000000000000000E+000,0.000000000000000E+000)
 (0.000000000000000E+000,0.000000000000000E+000)
 (-0.151829924390843,-0.319386415919010)
 (0.330642320000420,-4.366248907000547E-002)
 (-2.221316186187210E-002,8.938846352085656E-003)
 (7.997260629813416E-003,2.868240870168879E-003)
 (1.120094273417808E-002,1.849976731894898E-002)
 (1.875757652285033E-002,9.186791427212069E-003)
 (-6.036119664806158E-003,-4.490786085923143E-003)
 (9.255408738866144E-004,-7.061792577406579E-004)
 (-9.500597536993618E-004,-2.515958859710419E-003)
 (-3.466021750601347E-005,-3.302217194100889E-003)
 (2.318174939527843E-004,-1.707564447399445E-003)
 (2.836219132184395E-003,-1.413461287359989E-003)
 (1.002405527932870E-003,1.910366366103414E-003)
 (-1.634855201416804E-003,-3.945231038248788E-004)
 (-1.037813165347649E-006,-2.594765092171247E-004)
 (2.184162377076836E-004,-4.842730241198088E-004)
 (-1.894660441601622E-004,-1.197435879670519E-004)
 (2.295702844751754E-005,-6.032560329208671E-005)
 (3.173724631375802E-004,1.416864868322642E-004)
 (-4.095615852075475E-004,-3.772259565094518E-004)
 (-1.042648764853084E-003,1.286146899265248E-003)
 (-6.913778495280997E-004,-1.013928253708792E-004)
 (-5.322703978897568E-004,2.845971494462816E-004)
 (3.154425352365899E-004,9.150687233123057E-005)
 (8.594026888636179E-004,-1.286871649381519E-004)
 (2.979272319144082E-005,-5.616080731448091E-004)
 (-3.317552302017883E-004,2.552258706444978E-004)
 (7.324237463809293E-004,1.025827978912363E-003)
 (-1.566847796671545E-003,-8.971289506106743E-005)
 (-2.932206035080487E-005,-8.335210125616954E-004)
 (9.544969947252052E-004,-3.616023727370968E-004)
 (3.575766943926015E-004,-1.051780546954368E-003)
 (-4.203995138997666E-004,1.036046296356653E-003)
 (-2.211825045496630E-004,-2.751938392683901E-004)
 (3.808037383253453E-004,-3.651298048456460E-004)
 (-8.799286719718641E-005,5.797062760899948E-004)
 (1.148750295970272E-003,-1.068550072006956E-003)
 (-1.457469951215634E-003,5.212410522397032E-004)
 (-6.612941774036653E-005,-2.948961939953780E-004)
 (2.695748162044306E-004,-2.623265113561240E-004)
 (-4.264587552891200E-004,-2.014680150395391E-004)
 (-5.326178099835917E-004,3.518894401916305E-004)
 (0.000000000000000E+000,0.000000000000000E+000)
 (0.000000000000000E+000,0.000000000000000E+000)
 (0.000000000000000E+000,0.000000000000000E+000)
 (0.000000000000000E+000,0.000000000000000E+000)
 (0.275302368309096,-0.388224197389081) (0.107788099475587,-0.236941901379155)
 (5.459716074967758E-003,-2.924352812318521E-002)
 (2.998689895300102E-003,1.328923191840502E-002)
 (7.866746977438331E-003,-1.428009066351177E-002)
 (-2.184957359137044E-002,1.417499570112296E-002)
 (-5.167780746325490E-003,2.320151197873814E-003)
 (1.350614447005815E-003,8.473787071234279E-004)
 (3.296225478878483E-003,7.210968710207236E-004)
 (1.502169002455624E-003,-3.890825366528017E-003)
 (6.475286508119584E-004,1.638411001904327E-003)
 (2.322299758427074E-003,-2.166744458856232E-003)
 (-2.329387552835589E-003,-9.934820482644094E-004)
 (4.130461248421863E-004,1.066676839930091E-003)
 (-1.838181612654450E-004,-1.304348335445860E-004)
 (-3.178377024336186E-004,1.075953471112864E-004)
 (-6.802693873351710E-005,-3.495116084974042E-004)
 (2.411856545005680E-006,-5.581187046465175E-005)
 (-3.378455615163331E-004,1.070132437295195E-004)
 (-3.123938037462586E-004,1.120870050641361E-004)
 (4.816260010922887E-004,1.148142166881124E-003)
 (-6.733088791691199E-004,-2.966401616744212E-004)
 (3.793237252298099E-004,1.745676204794226E-004)
 (3.618380641560903E-004,1.193499049494579E-005)
 (3.298539311643912E-004,-6.627995313470724E-004)
 (2.081238858887438E-004,5.465813014149023E-004)
 (-3.756184342712349E-004,-4.361496444664082E-004)
 (-1.251235839226752E-003,-6.310772533186357E-004)
 (-1.064765979111002E-004,1.093386009421987E-003)
 (4.082972346129275E-004,-9.742118585455081E-004)
 (-7.647765067585958E-004,-2.340577374400978E-004)
 (1.433186621312226E-003,-2.388812521042380E-004)
 (-1.445553947058140E-003,2.624543328758495E-004)
 (-1.538607028653082E-004,-3.712326831144933E-004)
 (-1.956585152969598E-004,5.285372520219172E-004)
 (4.265202564334253E-004,4.251579056262813E-005)
 (-7.348168992167504E-004,-8.842134329706099E-004)
 (1.252032090762022E-003,1.810639661242949E-004)
 (-2.118112665551635E-004,-2.572983360389547E-004)
 (3.519873450392092E-004,3.560650304209225E-004)
 (-4.155075057041409E-004,5.467449010926903E-006)
 (-5.570863159409659E-004,3.606500493183813E-004)
 (0.000000000000000E+000,0.000000000000000E+000)
 (0.000000000000000E+000,0.000000000000000E+000)
 (0.000000000000000E+000,0.000000000000000E+000)
 (0.000000000000000E+000,0.000000000000000E+000)
 AAAAAA
 (-2.462695312170608E-002,6.885707091749886E-002)
 (2.382885697480418E-003,-9.329854214071287E-004)
 (-3.448857741471908E-003,-8.360846471698503E-003)
 (-3.482331625531429E-003,-7.716227754687060E-003)
 (-8.768223992885731E-003,-3.522454750569115E-003)
 (3.624163917963209E-003,-8.766063774093556E-003)
 (-9.261274186018870E-003,-3.231315702852805E-003)
 (-8.161938620630487E-003,-2.965528758599453E-003)
 (-8.548644497524075E-005,1.403678094776049E-004)
 (-1.968689675962473E-004,-5.639764234364932E-005)
 (2.271327910903839E-003,-6.202876219924601E-003)
 (-7.369010047294546E-005,2.732331048769898E-004)
 (-6.079556145782018E-003,-2.473969516480519E-003)
 (-3.709887972888572E-003,-8.434893867767464E-003)
 (-3.495915481179362E-003,-7.746312724533950E-003)
 (-1.324439798226400E-004,1.638181406308397E-004)
 (-2.424912762475106E-003,-5.829888559535386E-003)
 (1.618751307213440E-003,-3.896759765796373E-003)
 (-3.945352690766720E-003,-1.599276172262658E-003)
 (-2.233566643580562E-003,-5.140623760474029E-003)
 (1.214687002334781E-003,-3.118062546518788E-003)
 (-2.840347668427013E-003,-9.571591409299315E-004)
 (-2.761402110746508E-003,-9.273736685330811E-004)
 (1.085350431174388E-003,-2.585906489621359E-003)
 (-3.543077980005019E-005,4.069369571789254E-005)
 (-2.214818687324198E-003,-7.730788749217782E-004)
 (-1.156807133395895E-003,-2.569543268938736E-003)
 (6.494180784237608E-004,-1.635651175897160E-003)
 (-1.403571132547153E-006,6.874395743531139E-005)
 (-3.839845539595644E-005,6.618458958195455E-005)
 (-1.534932822800710E-003,-5.479873281587645E-004)
 (5.122616687488068E-004,-1.421285894975085E-003)
 (2.493439989207204E-005,3.405278109198321E-006)
 (-8.047041002528429E-004,-1.776555039356695E-003)
 (-7.403707323639955E-004,-1.605921225209764E-003)
 (4.326991979691381E-004,-1.104684978951202E-003)
 (4.342842885940093E-004,-1.064160286306845E-003)
 (6.674279357435570E-005,-1.618036231298731E-005)
 (-6.231478370833468E-004,-1.287162086185012E-003)
 (-8.597975778456422E-004,-3.094622532659639E-004)
 (2.536384501298096E-004,-6.192281507810542E-004)
 (-6.061423066207272E-004,-2.339143557461410E-004)
 (0.000000000000000E+000,0.000000000000000E+000)
 (0.000000000000000E+000,0.000000000000000E+000)
 (0.000000000000000E+000,0.000000000000000E+000)
 (0.000000000000000E+000,0.000000000000000E+000)
 (-2.119758933315657E-002,-1.247209459270000E-002)
 (4.527038397041855E-002,0.154156204672718)
 (2.913022707053154E-002,-8.915929625160322E-003)
 (-1.930915152239358E-003,8.381734022186223E-004)
 (-2.359622503838028E-003,4.547368680454005E-003)
 (-7.133237323137993E-003,-4.059712903335105E-003)
 (1.536342564837741E-002,-2.852773573471504E-002)
 (2.929749065870802E-003,-5.212526187331526E-003)
 (-3.162695328208436E-003,-1.020730144126786E-002)
 (-3.016811445061285E-003,-1.157308477040976E-002)
 (-6.079752671015856E-003,-3.170719696507337E-003)
 (-3.291698296832243E-003,-1.060663023655447E-002)
 (4.453222384119675E-003,-8.367036115718231E-003)
 (1.084445663587329E-003,-3.960241123142222E-004)
 (1.881819044193621E-003,-7.647754378644431E-004)
 (-3.033830284577322E-003,-9.685839053238389E-003)
 (1.777505254048655E-003,-1.902722178510642E-004)
 (-3.169164321356418E-003,-1.696155899742521E-003)
 (2.913029152349752E-003,-5.304907985372518E-003)
 (1.386164099869490E-003,-4.050808228886007E-004)
 (-2.221912463678249E-003,-1.174648657997222E-003)
 (1.420984126132792E-003,-3.027425327324115E-003)
 (2.291815138728585E-003,-4.444046323634264E-003)
 (-2.382013690292131E-003,-1.334336053645792E-003)
 (-1.316797948897393E-003,-4.389063154332884E-003)
 (1.401871825833379E-003,-2.735847641900179E-003)
 (8.962299059831055E-004,-2.384184732907900E-004)
 (-1.331830399389876E-003,-7.356733729351303E-004)
 (-6.812391287660117E-004,-2.357548660312895E-003)
 (-6.503198140431854E-004,-2.053065272393936E-003)
 (9.463436946207612E-004,-1.583331246952844E-003)
 (-8.447331486581015E-004,-4.495113524337203E-004)
 (-5.255739835478340E-004,-1.631359722100647E-003)
 (7.776942714091185E-004,-2.814300870528866E-004)
 (7.953440390884778E-004,-2.132089669954942E-004)
 (-1.247717791283053E-003,-6.213323082558601E-004)
 (-1.201542626378247E-003,-6.333238050000492E-004)
 (-1.801934465682560E-004,-6.493856339087895E-004)
 (-2.384958381599234E-004,5.987697638790666E-005)
 (4.127378085415617E-004,-6.926880903222304E-004)
 (-8.157640881162264E-004,-4.130043615615748E-004)
 (2.774013088079492E-004,-5.278695734504629E-004)
 (0.000000000000000E+000,0.000000000000000E+000)
 (0.000000000000000E+000,0.000000000000000E+000)
 (0.000000000000000E+000,0.000000000000000E+000)
 (0.000000000000000E+000,0.000000000000000E+000)
 (-1.171020863502306E-002,-2.763081026203963E-003)
 (0.269912535368827,5.852556578426276E-004)
 (1.757756875866945E-004,2.489180845542979E-003)
 (4.458360183830917E-005,2.263461933050960E-002)
 (7.977239946321591E-003,7.458594209108684E-003)
 (1.389507399937248E-002,-1.255933357951496E-002)
 (-1.472262941952601E-003,-1.140655008238831E-003)
 (2.828458038812220E-004,-1.501102423405836E-004)
 (-1.842657816919656E-003,-3.959208617176396E-004)
 (2.125489488523351E-003,-6.769029813477994E-005)
 (3.508689673521576E-004,-5.777873461416652E-004)
 (1.569343690581313E-003,-2.047159000797455E-004)
 (-1.270930746761080E-004,-3.520701346144572E-004)
 (-5.306425319509382E-006,-2.782090891245752E-004)
 (3.425516404772892E-005,-1.013838735580281E-003)
 (-1.278082574889854E-003,-1.779124343339605E-004)
 (5.794559005479322E-006,1.935887652494437E-004)
 (3.101192747169539E-004,-3.860674144274554E-004)
 (-1.155181713174523E-004,-1.995489921726930E-004)
 (1.122706174341040E-005,7.111695531406728E-004)
 (-1.436475021968058E-003,1.394284101185962E-003)
 (-2.994166930851013E-005,-7.770321839452914E-005)
 (2.347186670979545E-004,1.355444489661386E-004)
 (-7.731969487385403E-004,7.104071607637779E-004)
 (8.417180980173215E-004,-6.302991424409477E-005)
 (-6.722912978577818E-005,-1.553306975905817E-004)
 (1.002876600942373E-005,-7.042221625986144E-005)
 (1.918298877164529E-004,-2.627609617521120E-004)
 (-3.736371535940291E-005,-8.741732470463203E-005)
 (-1.712754451064661E-003,-1.002486841609728E-005)
 (7.879800356965980E-005,9.230673627532064E-005)
 (1.082015853576899E-003,-1.101272433326817E-003)
 (1.352366746896657E-003,4.800017667952315E-005)
 (-1.609242596452450E-005,1.337805669776461E-003)
 (-6.211513051789528E-006,-8.650184009306989E-004)
 (1.452627170463724E-003,-1.445552449517676E-003)
 (-1.572953720935072E-003,1.511766120626487E-003)
 (-1.198755814332078E-005,3.276573719637947E-005)
 (-6.919896901312909E-006,-4.622105468781980E-004)
 (-6.270373783449039E-005,-1.335088296972942E-004)
 (-5.316278955396102E-005,2.114476615595872E-005)
 (-6.787496210729208E-005,-7.919252814571134E-005)
 (0.000000000000000E+000,0.000000000000000E+000)
 (0.000000000000000E+000,0.000000000000000E+000)
 (0.000000000000000E+000,0.000000000000000E+000)
 (0.000000000000000E+000,0.000000000000000E+000)
 (0.217379315761489,5.153509084909073E-002)
 (0.108623761460101,0.152258120580179)
 (2.440744435482646E-002,-1.655196415748480E-002)
 (7.715355571213299E-003,-4.052636902169024E-003)
 (-2.444584287549182E-003,1.375706615725231E-002)
 (-5.430812055676575E-003,-1.299615644280061E-003)
 (2.504779612662341E-003,-1.181412012589741E-002)
 (-1.775746092406045E-003,8.464617711623365E-003)
 (5.396930681495877E-003,8.718794249810662E-003)
 (1.688403126993554E-003,2.844062627374474E-003)
 (8.715681321644160E-003,1.899550834669365E-003)
 (4.254722300541526E-003,6.781278054453662E-003)
 (-3.094293156986819E-004,2.394896265847244E-003)
 (2.500955300986769E-003,-1.398445008825920E-003)
 (2.593429701749516E-003,-1.461988896501920E-003)
 (2.333092601182207E-003,3.778071559954650E-003)
 (2.084791860958930E-003,-1.307688398788796E-003)
 (3.618122721054161E-003,8.989129913874220E-004)
 (2.154016771217251E-005,5.736237627003318E-005)
 (1.554665727612384E-003,-8.495757233265899E-004)
 (2.380038732114318E-003,6.521002424362803E-004)
 (3.337244145293339E-005,1.229820625293619E-004)
 (-1.301960247997638E-004,7.397871406126587E-004)
 (2.800151769742662E-003,8.062955114211140E-004)
 (1.311526258879223E-003,2.074888197291038E-003)
 (-1.956425807548486E-004,9.764612264809569E-004)
 (1.304091263630577E-003,-8.194682523748402E-004)
 (2.256566595701508E-003,5.254670697939390E-004)
 (1.551568869893094E-003,2.499149018565607E-003)
 (4.092322078188686E-004,7.426257508931439E-004)
 (1.648814183809773E-004,-8.454271367239631E-004)
 (1.033673984497119E-003,1.845170561461765E-004)
 (-1.278914987775685E-005,-1.121876003667150E-004)
 (8.583747049970391E-004,-4.511180987413955E-004)
 (7.957436236068472E-004,-5.534498802666637E-004)
 (1.646712274356991E-003,3.459695646858030E-004)
 (1.608855643580634E-003,4.426458847990137E-004)
 (-2.307780245922678E-004,-3.609584597390720E-004)
 (-2.973667465172786E-006,-7.266301653241157E-005)
 (-3.128481110348238E-004,1.366533037113423E-003)
 (1.218665126839999E-003,2.703931382391757E-004)
 (1.888805439212852E-005,-3.557770987982058E-005)
 (0.000000000000000E+000,0.000000000000000E+000)
 (0.000000000000000E+000,0.000000000000000E+000)
 (0.000000000000000E+000,0.000000000000000E+000)
 (0.000000000000000E+000,0.000000000000000E+000)
 AAAAAA
 (6.201223773634794E-003,-5.227060882428313E-003)
 (-1.870364730936955E-002,5.450007498510546E-002)
 (-3.989735290416871E-003,-7.815974445591305E-003)
 (-9.107044626757686E-003,-2.783663899519306E-003)
 (-4.348338508714644E-003,-9.371694640205180E-003)
 (2.564297788798939E-003,-8.691608670956995E-003)
 (-9.679170858120411E-003,-3.637162365012973E-003)
 (-8.932336513333606E-003,-2.759860686166736E-003)
 (-4.328250371082682E-004,1.240726762143061E-004)
 (-1.331423772070964E-004,7.708874785244263E-005)
 (-4.862076183720230E-003,-9.350639390806135E-003)
 (-4.134742094648994E-003,-8.583876967145999E-003)
 (-3.861200482055773E-004,9.900671555134431E-005)
 (1.789889368599095E-003,-5.722076413886204E-003)
 (-5.895882142600553E-003,-1.917777298166090E-003)
 (-2.648639675240675E-004,3.272430249411620E-004)
 (1.280749987270765E-003,-3.918859905887632E-003)
 (-3.994297646153340E-003,-1.449992647283754E-003)
 (-2.493731754578911E-003,-5.077116594277325E-003)
 (-3.600500561806827E-003,-1.290538066933548E-003)
 (-2.339897190378937E-003,-4.619664245981597E-003)
 (9.710048344980161E-004,-2.991528728932680E-003)
 (-2.474005862469753E-004,-1.059576418796374E-005)
 (9.443759767600476E-004,-2.833108930646496E-003)
 (-1.661262330778924E-003,-3.247537496722074E-003)
 (-2.554689065557127E-003,-8.008661535112923E-004)
 (-2.460749481402987E-003,-7.937383737300546E-004)
 (-1.995990918889437E-005,4.124706619782989E-005)
 (6.444614154621002E-004,-1.868316573069821E-003)
 (-4.296986034345611E-005,2.255132959133740E-005)
 (4.156277591420679E-004,-1.252421059389044E-003)
 (4.674301022326942E-004,-1.326698577701384E-003)
 (-8.583335076463661E-004,-1.846519467491658E-003)
 (4.578232031094375E-004,-1.365997639576786E-003)
 (-1.361467429053610E-003,-4.689162646255088E-004)
 (-8.359007860177676E-005,4.319805229419777E-005)
 (-7.353388474216332E-004,-1.535782321895783E-003)
 (-1.053508595783080E-003,-3.788988697979273E-004)
 (2.455995379476728E-004,-8.844352160628274E-004)
 (-6.883806347315897E-004,-1.357451011690183E-003)
 (1.064970460293318E-005,8.965620137394391E-006)
 (-5.523022999258240E-005,4.418614540229636E-005)
 (0.000000000000000E+000,0.000000000000000E+000)
 (0.000000000000000E+000,0.000000000000000E+000)
 (0.000000000000000E+000,0.000000000000000E+000)
 (0.000000000000000E+000,0.000000000000000E+000)
 (3.054282341998294E-002,6.002966523799215E-002)
 (-3.662830121652970E-002,-1.171240760267077E-002)
 (1.490477496916799E-002,-7.727446981028912E-003)
 (6.217237855382072E-004,-6.518804757675231E-005)
 (-1.690735427466705E-003,2.403727557143170E-004)
 (-7.773835573936658E-003,-2.229800677798161E-003)
 (6.802525679627897E-003,-2.245920935793227E-002)
 (2.502804030829154E-003,-7.679775614922535E-003)
 (-5.973435895855961E-003,-1.218131648021367E-002)
 (-5.980095702737756E-003,-1.156040648380406E-002)
 (-2.059275936282029E-005,-2.454359722220334E-004)
 (1.572506841119497E-004,-3.662674019181958E-004)
 (-4.941991413131634E-003,-1.011196664639663E-002)
 (-7.350201256070756E-003,-2.660371476530211E-003)
 (2.305996385606410E-003,-7.825162673536791E-003)
 (-4.321301548044691E-003,-8.831284644844659E-003)
 (-4.375879935476551E-003,-1.409641296091348E-003)
 (1.524384722748940E-003,-4.925048725106438E-003)
 (4.590475615910820E-004,-3.175364206570355E-004)
 (1.723803033286081E-003,-5.500725959374468E-003)
 (3.086666294391544E-004,-2.165923419675444E-004)
 (-3.775769335407581E-003,-1.304813390288824E-003)
 (-2.720470544717504E-003,-5.188379120683445E-003)
 (-3.000557424055098E-003,-1.023075468491288E-003)
 (3.418105677965691E-004,-3.720678386207393E-004)
 (1.103168447572689E-003,-3.288584268162964E-003)
 (7.336136579876602E-004,-2.593971925472723E-003)
 (-1.582784975813305E-003,-3.043903859837326E-003)
 (-2.088525236421751E-003,-7.123682523596578E-004)
 (-9.224508351107005E-004,-1.863298775664880E-003)
 (-1.846749927061464E-003,-6.224805657394550E-004)
 (-1.740385230465200E-003,-5.704690029760368E-004)
 (2.911035755131868E-004,-2.418937896417959E-004)
 (-1.058730734011968E-003,-3.540123993698434E-004)
 (2.928918045226021E-004,-1.063369685626507E-003)
 (-5.707156609651270E-004,-1.250918937510974E-003)
 (3.523797550521326E-004,-1.665481981580726E-004)
 (3.997415070368194E-004,-1.130167295951552E-003)
 (-1.650694244361957E-003,-5.611839663171871E-004)
 (-2.440914946303036E-004,1.120082584011340E-004)
 (-3.982662726321995E-004,-7.395169580939149E-004)
 (-6.560430833157618E-004,-1.318935012241654E-003)
 (0.000000000000000E+000,0.000000000000000E+000)
 (0.000000000000000E+000,0.000000000000000E+000)
 (0.000000000000000E+000,0.000000000000000E+000)
 (0.000000000000000E+000,0.000000000000000E+000)
 (-0.118147590368842,-0.104826875573565)
 (-9.401439458597217E-002,1.684542063610643E-003)
 (-2.608843205513682E-002,2.715821570817202E-002)
 (-7.971635983892308E-004,-1.911449980384447E-002)
 (-1.166786035865883E-003,2.821880243187994E-003)
 (1.019844117962292E-003,4.510742344578278E-004)
 (-1.097455673144945E-004,1.502996234284117E-002)
 (4.370015170105258E-006,-8.032505582979495E-003)
 (-6.825680806679265E-004,-5.580975707061603E-004)
 (-5.019138420574344E-003,-4.453863718503158E-003)
 (-1.457435054096541E-003,1.818190638434858E-003)
 (-1.998205240006155E-003,2.171666873185798E-003)
 (-3.115612284612579E-003,-2.737873338485320E-003)
 (-5.097215029919706E-003,3.595826411757906E-004)
 (-2.232664058707815E-005,-3.459641723653422E-004)
 (-1.600534785441594E-003,-1.503774826671986E-003)
 (-2.459728740326716E-003,2.317606561797042E-004)
 (-1.764698063091386E-005,1.103705157139588E-003)
 (-1.462306362465997E-003,1.652350068492060E-003)
 (-2.171892846632871E-005,2.979416864991314E-004)
 (-9.599133661317051E-004,1.098218426154049E-003)
 (-2.424251884262539E-003,2.150706000499755E-004)
 (-1.175198026733597E-003,-9.063921436542933E-004)
 (-1.650593068324600E-003,1.207886749086514E-004)
 (-1.128223517075808E-003,1.251478971623012E-003)
 (1.408836052533609E-005,-5.161326841303208E-004)
 (-7.255500400503088E-006,2.693436030165888E-004)
 (-1.474007222123903E-003,-1.320868486872175E-003)
 (-1.551528888221380E-003,1.164641680815344E-004)
 (-2.458503637715347E-004,-2.672133448061389E-004)
 (-1.207285030981843E-003,8.451456711311593E-005)
 (-1.357815360915647E-003,6.882538609542585E-005)
 (-7.677379582785943E-004,8.442280106539033E-004)
 (-5.133287847274641E-004,9.477293952520401E-005)
 (1.532153037256658E-005,1.094050756287838E-003)
 (2.766329974416564E-004,2.499269488818784E-004)
 (-6.926226818491127E-004,7.534883581485098E-004)
 (-4.965641869463281E-005,-1.472891548021857E-003)
 (-1.359629540088287E-003,9.095791093574905E-005)
 (1.562782255166387E-004,-1.622989228597617E-004)
 (4.548392568006844E-005,6.552220380922017E-005)
 (-9.656597157839512E-005,-9.514218992250153E-005)
 (0.000000000000000E+000,0.000000000000000E+000)
 (0.000000000000000E+000,0.000000000000000E+000)
 (0.000000000000000E+000,0.000000000000000E+000)
 (0.000000000000000E+000,0.000000000000000E+000)
 (0.170981561197797,-9.155369296870938E-002)
 (-1.305033457450052E-003,-1.320969326820973E-003)
 (5.893161685280117E-005,-2.026314527354097E-003)
 (7.096326498512506E-003,2.245677748207047E-003)
 (7.081865547461167E-003,1.245850504711315E-002)
 (4.885956972809135E-003,-1.728504568474134E-002)
 (-1.496193969145096E-003,-4.010041567560781E-004)
 (3.355413120990288E-004,5.279929820183162E-005)
 (2.138336331372735E-003,-1.169413972218597E-003)
 (-8.326519036413392E-004,4.108673279160114E-004)
 (-3.351873406536958E-004,-5.724146348854061E-004)
 (-7.393052284288735E-004,-1.350173270908204E-003)
 (1.141645889868700E-003,-6.191234998356562E-004)
 (2.373180948120705E-004,-8.487118178159120E-004)
 (-5.600924560989981E-005,9.557950068513245E-006)
 (-3.336552497764373E-004,1.842428384648656E-004)
 (2.865160992327392E-004,-9.361112642860262E-004)
 (-1.406611278533074E-004,-3.570794458289864E-005)
 (-1.787561148828423E-005,-5.565946387949434E-005)
 (1.211088915802467E-004,6.684555860388334E-005)
 (3.274341201990224E-004,5.930942674983639E-004)
 (-2.708553350782800E-004,8.632688992667035E-004)
 (1.016350883313164E-003,-5.541019060128496E-004)
 (-3.240681726404822E-004,1.150272115659521E-003)
 (-1.273142857763415E-004,-2.177414609385216E-004)
 (-7.082905519719529E-005,-7.469960912904808E-007)
 (-9.052432364382179E-006,9.906304947848538E-006)
 (5.844747811877649E-005,-3.026238662929980E-005)
 (1.009027914536017E-004,-3.659500407156542E-004)
 (-1.261902195498899E-003,7.046952878300630E-004)
 (5.374622839029294E-004,-1.909821422665842E-003)
 (-5.061267514567679E-004,1.796027676150705E-003)
 (5.759824866719485E-004,1.022630429798896E-003)
 (4.077947803876461E-004,-1.391679384453649E-003)
 (4.338142566149020E-005,9.174461926990450E-006)
 (9.479926886701489E-004,-5.213741383138658E-004)
 (-4.126870239747607E-004,-7.500703357510598E-004)
 (-1.523191901935951E-005,3.760447523671305E-005)
 (6.000720208929397E-007,-5.044256679682766E-005)
 (-1.977107655125631E-004,-3.903886474556237E-004)
 (1.579880585296341E-005,2.619254408008357E-006)
 (-3.425618322679583E-004,1.859947437003804E-004)
 (0.000000000000000E+000,0.000000000000000E+000)
 (0.000000000000000E+000,0.000000000000000E+000)
 (0.000000000000000E+000,0.000000000000000E+000)
 (0.000000000000000E+000,0.000000000000000E+000)
 AAAAAA
 (1.407646949665318E-002,-3.872673613736791E-003)
 (-1.992343048575793E-002,4.413418968293707E-002)
 (-8.870409143654178E-003,-3.859791987376960E-003)
 (-3.148909630314839E-003,-9.164509967149834E-003)
 (3.548370714495948E-003,-7.360410448983425E-003)
 (-3.898488060758536E-003,-9.758626889981560E-003)
 (-1.062275694496648E-002,-4.511986806929867E-003)
 (-9.773018208633435E-003,-4.090917799851952E-003)
 (-9.271039366943129E-004,7.022063182848173E-004)
 (-5.102586260121700E-004,5.445906995701060E-004)
 (-4.137403916248198E-003,-1.119539963179460E-002)
 (-3.718865021197295E-003,-1.023047904221308E-002)
 (-5.768824154902469E-004,6.183751103094100E-004)
 (2.218961140361464E-003,-5.054710469074076E-003)
 (-5.767846701218575E-003,-2.392619346230717E-003)
 (-3.345801478736907E-004,3.637851911538108E-004)
 (-4.689600896635647E-003,-2.115585339162503E-003)
 (1.749009609355909E-003,-3.606492049393760E-003)
 (-4.256161168750709E-003,-1.873195459207850E-003)
 (1.551110589421032E-003,-2.962416404618915E-003)
 (-3.463409219653861E-004,3.213265647057590E-004)
 (-1.735339564593268E-003,-4.535940634238747E-003)
 (-1.907491501215348E-003,-4.858172192543458E-003)
 (-2.985601899054175E-003,-1.286658378855970E-003)
 (-1.683020573953845E-003,-4.405725752476007E-003)
 (1.121218313250708E-003,-2.542074758215787E-003)
 (-1.861905142725103E-004,1.386936410205225E-004)
 (8.444938805272604E-004,-1.778610711237899E-003)
 (-2.210820253465571E-003,-9.670299031125878E-004)
 (6.301470293764230E-004,-1.357359629794679E-003)
 (6.013620391655130E-004,-1.293347537191565E-003)
 (5.329007444515938E-004,-9.813354552646971E-004)
 (-7.901747880896329E-004,-2.015732685008332E-003)
 (-1.244427726643920E-004,6.241643724361320E-005)
 (-1.212600611112279E-003,-4.854920312858367E-004)
 (5.467595651805936E-004,-1.206744301733348E-003)
 (-5.827519867103681E-004,-1.525406745391412E-003)
 (-5.850491125335453E-004,-1.567488162923659E-003)
 (-1.069331282106740E-004,9.126832969690967E-005)
 (-1.176028879190902E-003,-5.199516089057886E-004)
 (-1.406691369690114E-004,1.017105776651097E-004)
 (-4.767020772278624E-005,4.212464311821135E-005)
 (0.000000000000000E+000,0.000000000000000E+000)
 (0.000000000000000E+000,0.000000000000000E+000)
 (0.000000000000000E+000,0.000000000000000E+000)
 (0.000000000000000E+000,0.000000000000000E+000)
 (6.862173257291004E-003,2.190413318674964E-002)
 (-2.403408642334165E-002,-1.743051329606629E-002)
 (3.743366486439524E-003,-5.581367414781914E-003)
 (6.420353207676659E-003,-2.152042718821194E-003)
 (-7.885421693693936E-003,-4.115385808782982E-003)
 (-1.418849502402473E-003,1.581097433456698E-004)
 (7.858016179626101E-003,-1.455560209328057E-002)
 (4.253246524204914E-003,-8.535949330990538E-003)
 (-3.215450687263191E-003,-1.322226355829208E-002)
 (-3.558901506482793E-003,-1.293365555983546E-002)
 (-1.068429491622650E-003,3.719584185251316E-004)
 (-5.155031962642005E-004,1.469280362844765E-004)
 (-2.935227445983030E-003,-9.555146607176768E-003)
 (-5.990774302652159E-003,-3.519587541985579E-003)
 (3.261012218995456E-003,-5.455075159127494E-003)
 (-2.363022747335199E-003,-8.061692363417968E-003)
 (2.726978824480625E-003,-4.736221278262070E-003)
 (-3.906805044054224E-003,-2.186394680432798E-003)
 (2.111431815317018E-003,-3.546378194740251E-003)
 (-3.965734197886650E-003,-2.163612770430855E-003)
 (-1.825664530982156E-003,-6.201567332345223E-003)
 (-2.893513480406592E-005,1.653061176858442E-005)
 (-3.627710042991442E-005,1.094691927242620E-004)
 (1.808250313425163E-003,-2.949146833125465E-003)
 (-2.099758289904222E-004,-4.597610594009403E-005)
 (-2.510227448976717E-003,-1.316962427570331E-003)
 (-9.369046492475345E-004,-3.417928938501513E-003)
 (-2.174646939025492E-003,-1.221691293316006E-003)
 (8.677725818264773E-004,-1.576497849279388E-003)
 (-1.884168483850392E-003,-1.084720590750612E-003)
 (-1.867686795027305E-003,-1.027409118833009E-003)
 (-2.017474369123446E-003,-1.090458348946679E-003)
 (8.246527422380091E-006,-2.050058416570226E-005)
 (-4.919273982527516E-004,-1.780076506108794E-003)
 (7.706191689618555E-004,-1.304302287902837E-003)
 (-9.357114578409284E-004,-5.313372213668774E-004)
 (-2.258223297155981E-004,7.192398146814525E-005)
 (6.297135627100585E-005,1.219978817282319E-005)
 (-2.859492529472499E-004,-1.150039994593990E-003)
 (3.727621223887455E-004,-6.485521803327597E-004)
 (-4.316993117305386E-004,-1.550469121187894E-003)
 (-1.865687084743377E-004,-7.360986132669636E-004)
 (0.000000000000000E+000,0.000000000000000E+000)
 (0.000000000000000E+000,0.000000000000000E+000)
 (0.000000000000000E+000,0.000000000000000E+000)
 (0.000000000000000E+000,0.000000000000000E+000)
 (-0.114334416857968,-6.997350825948917E-002)
 (-5.036634063723083E-002,1.250663654432068E-002)
 (-3.647889627453619E-003,-1.750187718241202E-002)
 (-1.813366017347244E-002,3.103476921763400E-002)
 (6.789154344484082E-005,-3.807173912169306E-006)
 (-8.059044400811413E-004,1.430710503360634E-003)
 (3.921956946930164E-003,1.445466868438726E-002)
 (-1.471759835046549E-003,-6.374134451772766E-003)
 (2.689967627667172E-003,1.422485130333765E-003)
 (-1.676624949389872E-003,-1.230480856132821E-003)
 (-2.905242033990399E-004,6.148369111397165E-004)
 (-8.427272147625470E-004,1.548682788648633E-003)
 (-3.356856534598331E-004,-4.025325804126446E-004)
 (-1.342747798372266E-003,3.399136742937004E-004)
 (4.097782182908738E-004,1.211601649784501E-003)
 (1.771365955545384E-004,-1.156390590814280E-005)
 (4.003524383740662E-004,1.315799063101488E-003)
 (-5.207567970528203E-004,9.840115657096822E-005)
 (4.847759583659186E-004,1.813240722109770E-003)
 (-8.519630856592406E-004,2.098610867722188E-004)
 (1.772593873311358E-004,8.229289910280087E-006)
 (-8.258176380689309E-004,1.456147089301071E-003)
 (-6.045112303243051E-004,1.073297909527518E-003)
 (5.317443162853355E-005,7.125133474300625E-005)
 (-3.452450036778112E-004,6.483845411802830E-004)
 (-3.261939309292942E-004,8.754547677878463E-005)
 (-5.956804588953843E-004,-3.918024315504045E-004)
 (-4.233493532553274E-004,1.030132578273119E-004)
 (1.595418885196947E-004,5.059262917119570E-004)
 (-4.433434946632066E-004,8.978784550601976E-005)
 (-4.673268258097038E-004,9.569874322970555E-005)
 (-8.106134725296271E-004,1.772332356546567E-004)
 (-4.611806205523514E-004,7.512681336726095E-004)
 (1.954691298129883E-004,1.060640903258721E-004)
 (-2.539365856299631E-004,-1.201414234958373E-003)
 (3.618437686570239E-005,-1.139304144635981E-005)
 (2.381970069891253E-004,-3.651781690892914E-004)
 (-3.705206002541350E-004,6.348829465175430E-004)
 (3.833419729615185E-004,2.049327211498188E-004)
 (1.985874875296206E-004,6.950080196951317E-004)
 (2.830313894359683E-004,1.502777442659691E-004)
 (1.534094078211265E-004,7.647476947679370E-005)
 (0.000000000000000E+000,0.000000000000000E+000)
 (0.000000000000000E+000,0.000000000000000E+000)
 (0.000000000000000E+000,0.000000000000000E+000)
 (0.000000000000000E+000,0.000000000000000E+000)
 (8.272757080866260E-002,-0.115604597970010)
 (-1.833503646218115E-004,-1.297491914668905E-003)
 (2.431063486412652E-003,1.376900201041319E-004)
 (2.020707982174025E-004,6.884470379828521E-004)
 (-3.016324376099293E-003,-1.808914594882128E-002)
 (7.936351674527211E-003,5.548911468660969E-003)
 (-2.392357391168418E-004,3.268696960003371E-004)
 (-8.964914633654870E-005,7.562592789323288E-005)
 (1.612652826620182E-003,-2.031336148077507E-003)
 (-5.149737683318750E-004,7.768246505801186E-004)
 (-5.511191639566927E-004,-3.599532333713423E-004)
 (-1.378586149798491E-003,-9.380506470977090E-004)
 (4.217357110698545E-004,-4.932963148200601E-004)
 (-4.479345528959243E-005,-2.236119436815353E-004)
 (6.043495410176730E-006,6.976420125919731E-005)
 (3.325522695085177E-005,8.052518321466853E-006)
 (2.520415310757397E-005,6.312487279444215E-005)
 (-1.649090306367837E-004,-9.709976776478379E-004)
 (-1.877071978041311E-005,5.741604950009284E-005)
 (1.308598496422394E-004,1.114960533680323E-003)
 (6.847693713105718E-004,-9.047295112432023E-004)
 (-3.017346019586015E-004,-1.560562102826823E-004)
 (-6.827715910240724E-006,5.193708456796808E-005)
 (-1.231535902374618E-005,3.185350790770425E-005)
 (4.050288254316048E-004,3.283876576094609E-004)
 (1.182790717251249E-004,8.606292064152868E-004)
 (-1.924998436462345E-005,2.851019683628432E-005)
 (-7.894803074028715E-005,-2.866311727633875E-004)
 (-2.472468914940615E-006,2.226600931824685E-005)
 (-2.577897428298823E-004,-1.667461630278803E-003)
 (2.781744912201744E-004,1.687627863511728E-003)
 (-4.217868906369148E-006,1.447349176943820E-005)
 (1.024345021938910E-003,7.267092103239977E-004)
 (-7.841904346934941E-004,1.103146528218756E-003)
 (-3.471755233343780E-005,-5.111153335362601E-006)
 (-1.797575835032643E-004,-1.099553644147568E-003)
 (-3.671890439644678E-004,-2.484316390203573E-004)
 (-5.808397289048099E-004,-3.604272351745266E-004)
 (3.752846853038237E-004,-5.108697295192091E-004)
 (2.164126476060206E-005,1.686588710617686E-005)
 (-3.124512946144250E-004,4.296052907998140E-004)
 (-2.576717638318008E-006,7.470637489530277E-006)
 (0.000000000000000E+000,0.000000000000000E+000)
 (0.000000000000000E+000,0.000000000000000E+000)
 (0.000000000000000E+000,0.000000000000000E+000)
 (0.000000000000000E+000,0.000000000000000E+000)
 AAAAAA
 (3.778888995102195E-002,8.212614350317132E-002)
 (2.244110354716077E-003,-1.108199317364565E-002)
 (-5.959714281752209E-003,-1.963391744802236E-003)
 (-9.980552977079378E-003,-3.781223752935948E-003)
 (-8.373547306132385E-003,4.061750471389217E-003)
 (-3.717438585006415E-003,-7.954697817082815E-003)
 (-9.435829671329438E-003,4.102863471991463E-003)
 (-9.352906104283644E-003,4.250804182440515E-003)
 (1.302330526312566E-004,1.302644793057031E-004)
 (-6.847329956230516E-003,3.075572781350920E-003)
 (-2.847276469260224E-003,-6.155215939895656E-003)
 (-9.544970357855936E-003,-3.892477323755637E-003)
 (-5.170811712394436E-005,4.736967139951738E-004)
 (-1.491049990791360E-004,3.563318255605499E-005)
 (6.889966993073055E-005,4.317950638871189E-004)
 (-7.379469441817926E-003,-2.893113506976117E-003)
 (-2.085923171804333E-003,-4.841236987440900E-003)
 (-6.516357459751371E-003,-2.532138975991463E-003)
 (-3.913907630224586E-003,1.694948726695203E-003)
 (-5.238266874945620E-003,-2.038031623519096E-003)
 (-3.160507882635169E-003,1.447724272691705E-003)
 (-8.094220339712127E-005,9.439681031099182E-005)
 (-1.251423398821785E-003,-2.799329409334011E-003)
 (-1.132912190780635E-003,-2.488647084187651E-003)
 (-2.649618203456493E-003,1.252378262412316E-003)
 (-3.042643514709661E-003,-1.137565610563772E-003)
 (-1.707431619321510E-003,8.130685443106401E-004)
 (-1.737903202033573E-003,8.185613010573813E-004)
 (1.480451606205441E-006,4.861806268426498E-005)
 (-2.231132219782186E-003,-8.838907857785134E-004)
 (-6.938399716783632E-004,-1.503695342568706E-003)
 (-6.675900855612471E-004,-1.457801637735047E-003)
 (-6.500498138116695E-004,-1.380708472163252E-003)
 (-3.534787326539503E-005,6.041617667335868E-005)
 (-3.290735235403331E-005,1.077373248426846E-004)
 (-1.723448789357003E-003,-6.705841791949702E-004)
 (2.250243084647220E-006,4.701047221068216E-005)
 (-4.055890242997565E-004,-8.849061269150449E-004)
 (-1.311705144054317E-003,-4.843739545005020E-004)
 (-2.696833191845061E-004,-6.138651666381245E-004)
 (-6.990866185772723E-004,2.883799968516945E-004)
 (-6.643409360358073E-004,3.383140023228552E-004)
 (-2.139529042477689E-005,7.524384602589971E-005)
 (0.000000000000000E+000,0.000000000000000E+000)
 (0.000000000000000E+000,0.000000000000000E+000)
 (0.000000000000000E+000,0.000000000000000E+000)
 (-2.213824868731338E-002,4.655263933227152E-003)
 (-9.323882743928069E-002,-5.593001998981299E-002)
 (-3.334186356814539E-003,4.810270735353544E-003)
 (-1.021734436766291E-002,1.745001968956961E-002)
 (-2.601807826799196E-004,3.605180587477712E-005)
 (1.037712884980385E-002,-2.550817213006833E-003)
 (6.340366356034131E-003,2.677445047273961E-002)
 (7.401738084205044E-004,3.644596033419647E-003)
 (7.836788859733488E-003,5.094245417765490E-003)
 (2.491639906191543E-003,9.844259625725663E-003)
 (6.159372130653143E-003,-1.455273520304798E-003)
 (-6.272038988076921E-004,1.110092494167038E-003)
 (8.718780905744844E-003,5.099256199665009E-003)
 (8.079469700223501E-003,5.174870977152995E-003)
 (7.884301067370243E-003,4.715723972745894E-003)
 (-7.845235058610545E-004,1.481178116947081E-003)
 (3.971336009104759E-003,-8.739817074684698E-004)
 (-9.343996214523503E-004,1.311838094910745E-003)
 (1.347715889423493E-003,5.555315509490098E-003)
 (-6.057319676807875E-004,1.304692814805506E-003)
 (1.267717583704746E-003,4.995404841599434E-003)
 (4.375309223651904E-003,2.713177718566184E-003)
 (1.808548815503983E-003,-3.630137310141767E-004)
 (2.345201692600307E-003,-5.274645249001699E-004)
 (7.632080501370700E-004,3.048109736092651E-003)
 (-4.656771778106313E-004,8.794469362320301E-004)
 (5.957150918429522E-004,2.164746042160043E-003)
 (5.758469297151060E-004,2.178067801701921E-003)
 (2.067057418225505E-003,1.276178073632949E-003)
 (-3.843145785343251E-004,6.921403556542880E-004)
 (1.191731402830853E-003,-2.232249093919645E-004)
 (1.171202384243773E-003,-3.086761410210280E-004)
 (1.569438288755697E-003,-3.308585718212674E-004)
 (1.310878996692585E-003,8.511737501605218E-004)
 (1.314555385810526E-003,7.792930703625210E-004)
 (-4.670294330466242E-004,9.308448457607513E-004)
 (9.070310008286380E-004,5.820945265981066E-004)
 (6.770428292545302E-004,-1.266022590198512E-004)
 (6.461165343105786E-005,-1.063020900419741E-004)
 (7.354029836462029E-004,-2.057563412280861E-004)
 (1.337813706616327E-004,6.709175134529868E-004)
 (3.432677623772293E-004,1.345845128340026E-003)
 (1.052984645733111E-003,6.223920584065990E-004)
 (0.000000000000000E+000,0.000000000000000E+000)
 (0.000000000000000E+000,0.000000000000000E+000)
 (0.000000000000000E+000,0.000000000000000E+000)
 (6.687962683035339E-003,-0.164888188600990)
 (0.179995292742959,-0.171666008351273)
 (-6.741592047052358E-003,-8.264449397820948E-003)
 (-9.551630875881222E-003,-1.015502776865996E-002)
 (1.374532467606002E-002,9.953852581625795E-004)
 (9.212871208151845E-005,-1.264906485512759E-002)
 (-9.429267981962350E-003,-8.577089054672029E-004)
 (4.202084340842066E-003,1.917229662793704E-004)
 (5.776925832794469E-003,-4.521233148325342E-003)
 (-6.746842491558384E-004,3.522989048284020E-005)
 (3.464550379829578E-004,-9.090156017559775E-003)
 (-3.309356647973203E-003,-3.818018059155519E-003)
 (4.696712164058836E-003,-4.284376144064641E-003)
 (3.175196395624065E-003,-2.903431796695295E-003)
 (2.028191988607191E-003,-1.649125468784655E-003)
 (-2.898521088077493E-003,-3.273254155442990E-003)
 (3.141904086362532E-004,-4.931977761249930E-003)
 (-2.433552147434687E-003,-2.590327465979369E-003)
 (-6.760977978770173E-004,-3.829977871382810E-005)
 (-1.037497756628084E-003,-1.255581601965973E-003)
 (-2.510362194919646E-004,-1.502917703071617E-005)
 (2.174840334216830E-003,-2.063547600059121E-003)
 (1.317986285277884E-004,-1.393028861050550E-003)
 (1.075767346256520E-004,-2.165798992823010E-003)
 (-7.138338609253474E-005,2.506827376362451E-005)
 (-1.453632038918297E-003,-1.566575742015972E-003)
 (-8.060719943952744E-005,1.402211866311416E-005)
 (-1.249796422737547E-004,-6.157425620437158E-006)
 (1.100419187930392E-003,-1.007644608314688E-003)
 (-1.017798566132250E-003,-1.151143621129679E-003)
 (1.205567283430126E-004,-2.258954214720961E-003)
 (7.663230148785353E-005,-2.257280344211321E-003)
 (1.097149516139804E-004,-3.121832215276466E-003)
 (1.297211900205315E-003,-1.106989422550488E-003)
 (-4.408342380651945E-004,4.870903301852550E-004)
 (-3.738558008948602E-005,-1.196459511751229E-004)
 (2.233072489647451E-004,-1.664002511074347E-004)
 (3.322069076281753E-005,7.348832386402764E-006)
 (-5.630090938201991E-004,-5.893089697732078E-004)
 (2.945957511643780E-005,-1.059468524863537E-003)
 (1.311193585819819E-004,2.139081145238533E-005)
 (-3.395177444212713E-004,2.396542245417081E-006)
 (1.534197381903726E-004,-1.502078681734726E-004)
 (0.000000000000000E+000,0.000000000000000E+000)
 (0.000000000000000E+000,0.000000000000000E+000)
 (0.000000000000000E+000,0.000000000000000E+000)
 (-0.282008210817539,0.245982094430572)
 (2.331751577962225E-003,-3.730404283995038E-003)
 (3.931489016915923E-006,1.510221671851109E-002)
 (-2.979555857871800E-004,-3.574965054589054E-003)
 (1.015453069928659E-002,1.195621443665606E-002)
 (1.549573388745135E-002,-1.487099418507866E-002)
 (-3.177413413750198E-004,2.447945898871326E-005)
 (-2.687187051213931E-003,-3.090613175141487E-003)
 (-8.517782198200298E-003,-6.291612492496873E-004)
 (-1.807744103125888E-003,-2.114624238292799E-003)
 (-1.560245250101291E-003,1.170764825670199E-003)
 (-1.540446909885339E-004,-1.602363905394301E-004)
 (-1.091025577768588E-003,-2.094152017174398E-004)
 (2.547171943751280E-003,1.096660662963287E-005)
 (-7.542047772783154E-004,-1.234811088710980E-004)
 (-9.186740553102654E-005,-3.046904342738470E-004)
 (-6.657285920729147E-004,4.713006446992420E-004)
 (-7.669312260748668E-005,-1.398672110175465E-004)
 (-7.265775359579138E-005,-8.240667981635414E-005)
 (-4.252577416094999E-005,-2.000227449589163E-004)
 (-3.072547168384103E-004,-4.056216962953660E-004)
 (-5.955751774629382E-005,-5.104079330915789E-005)
 (-2.453438994610308E-006,-7.702075300712648E-005)
 (-3.283204928507547E-004,2.031297460702675E-004)
 (3.026187459931279E-004,3.787570890333640E-004)
 (-2.632164999550251E-005,5.048137371032804E-005)
 (-6.943624251594788E-004,-8.514641656669955E-004)
 (6.528427109000501E-004,7.618678367441838E-004)
 (1.793278466612066E-003,7.262277101140940E-005)
 (-9.246238545737497E-006,-3.126353025831837E-004)
 (-6.436297282827019E-004,5.386934935619630E-004)
 (6.247609129480697E-004,-6.355676350804952E-004)
 (2.834863241095367E-004,-3.310201379869072E-004)
 (-1.693473941696095E-003,-1.263961530772879E-004)
 (-5.648871351882120E-004,-5.118647361446258E-005)
 (6.539392457084259E-007,2.036865169191846E-005)
 (1.600641715322914E-003,4.554841708233331E-005)
 (-8.742050698611945E-004,7.373624661056143E-004)
 (-2.787528564167808E-005,3.597106157446828E-005)
 (-4.458297889414539E-004,3.815714938816098E-004)
 (-3.664291557108869E-004,-3.993446746600548E-004)
 (1.490304171840583E-004,1.701767377093010E-004)
 (5.397875601396388E-004,1.045337082426228E-005)
 (0.000000000000000E+000,0.000000000000000E+000)
 (0.000000000000000E+000,0.000000000000000E+000)
 (0.000000000000000E+000,0.000000000000000E+000)
 AAAAAA
 (3.876805680881032E-002,5.624993203457447E-002)
 (5.513197483591616E-003,-2.199822697572282E-002)
 (-8.090219979967381E-003,-1.208769724605475E-003)
 (-7.012256879598713E-003,4.970569265857881E-003)
 (-1.085811465171655E-002,-1.617663929554867E-003)
 (-5.021701262615841E-003,-6.678262210062338E-003)
 (-9.558930739330066E-003,6.515708043117414E-003)
 (-9.021973104313878E-003,6.457018193590161E-003)
 (1.154253975850332E-005,3.088905966465460E-004)
 (-1.158494695065036E-002,-1.823014776612114E-003)
 (-2.818321109715203E-004,1.066728220941057E-003)
 (-5.819102992777154E-003,4.551852987365775E-003)
 (-3.540485773078411E-003,-5.014480951531426E-003)
 (-4.918935366897068E-005,4.604299616752772E-004)
 (-8.890396148296318E-003,-1.524572252116207E-003)
 (-1.492597561516457E-004,5.143028687268499E-004)
 (-3.088355201835891E-003,-4.253415763305506E-003)
 (-3.852317030733106E-003,2.665558613150924E-003)
 (-6.073835566391508E-003,-8.124120253856879E-004)
 (-3.604693661232348E-003,2.538888999685547E-003)
 (-2.841409864503572E-004,4.880154206850714E-004)
 (-1.743283792395840E-003,-2.506302999679359E-003)
 (-4.783393054166980E-003,-9.189984676297078E-004)
 (-4.108318694129478E-003,-6.272268005775653E-004)
 (-1.577695612084325E-003,-2.053000988919875E-003)
 (-2.207972838517111E-003,1.448051022465335E-003)
 (-1.884730147748014E-003,1.344842337887883E-003)
 (-9.595455979322983E-004,-1.376589827712934E-003)
 (-1.009261116078975E-003,-1.487740395443519E-003)
 (-2.636835499607499E-005,7.391840736297421E-005)
 (-2.215535938666045E-003,-3.760059886555618E-004)
 (-1.033407508878250E-005,9.723445812851459E-005)
 (-1.413787564970742E-003,9.455087411200009E-004)
 (-9.190753401316617E-004,-1.218207738212060E-003)
 (-1.879871817744638E-003,-3.044635427622978E-004)
 (-6.944644470056583E-004,-9.123848475884921E-004)
 (-5.043994261954893E-005,2.245708736674364E-004)
 (-5.181967854623086E-004,-6.872766879744184E-004)
 (-1.375401879483666E-003,-2.189020046656804E-004)
 (-3.270453407987705E-005,4.649307922193299E-005)
 (-7.356435698453990E-004,5.292203178559701E-004)
 (-6.874210604902452E-004,4.733627765273901E-004)
 (-3.776350215942316E-005,1.269104425618089E-004)
 (-1.845436130277838E-005,9.071490867918796E-005)
 (0.000000000000000E+000,0.000000000000000E+000)
 (0.000000000000000E+000,0.000000000000000E+000)
 (8.016240264969096E-003,-5.319870633814460E-003)
 (-6.106957509308558E-002,-2.815287168134073E-002)
 (-1.169073347116916E-003,1.574875262474734E-003)
 (5.959865577012447E-004,3.361135584897170E-004)
 (-6.891117643617016E-003,1.421579382223856E-002)
 (9.096319945428399E-003,-3.032177283719675E-003)
 (7.504200114216457E-003,2.010188740518443E-002)
 (1.888744622966851E-003,4.653080057531328E-003)
 (1.109409585875659E-002,4.620893726039636E-003)
 (3.464887360057033E-005,-7.132253969307206E-004)
 (9.720446992665176E-003,4.370576213980808E-003)
 (2.806171528604043E-003,7.560518776121102E-003)
 (6.384618321441157E-003,-2.442926819279452E-003)
 (8.987921518192752E-003,3.897807801485799E-003)
 (-1.979622072369996E-004,1.215761304442882E-004)
 (7.602616222706496E-003,3.682143728411908E-003)
 (4.696477240452184E-003,-1.916698139150487E-003)
 (1.655005256210296E-003,4.952659138305869E-003)
 (-3.355849689633365E-004,4.538250861434669E-004)
 (1.610798551097010E-003,4.341315864314273E-003)
 (5.442824790176305E-003,2.493566408212062E-003)
 (3.084602726701962E-003,-1.262208427038133E-003)
 (-1.199605684703252E-004,2.034470087381175E-004)
 (-1.881651540970551E-004,3.268271829083133E-004)
 (2.281696786481271E-003,-8.628727293006979E-004)
 (7.056842629156459E-004,2.180836235996764E-003)
 (7.916727228417537E-004,2.131857591495926E-003)
 (1.879535145085616E-003,-7.227957516544557E-004)
 (1.710160647066842E-003,-6.916621875325949E-004)
 (1.978719402773925E-003,9.407385641848132E-004)
 (-9.874887775604901E-005,2.717100380072157E-004)
 (1.738373325914790E-003,7.902818870564739E-004)
 (4.322590825313114E-004,1.301877634055937E-003)
 (1.253420332203695E-003,-5.566548615829109E-004)
 (-2.656728672958508E-004,5.148960733177207E-004)
 (1.041408780091850E-003,-3.697772833312315E-004)
 (1.310294614691005E-003,5.949349553712536E-004)
 (1.274709184478483E-003,-4.662580462510363E-004)
 (1.336592277890002E-004,-2.905407680740615E-004)
 (8.035157254842290E-004,3.633742048391834E-004)
 (2.463882131353706E-004,6.473486360518993E-004)
 (3.853076412976017E-004,1.137636498409760E-003)
 (1.136959520726895E-003,5.242647105560738E-004)
 (9.942362038774708E-004,4.775759659071420E-004)
 (0.000000000000000E+000,0.000000000000000E+000)
 (0.000000000000000E+000,0.000000000000000E+000)
 (-9.855139477492446E-002,-6.597208744272523E-002)
 (-3.841168267893499E-002,-0.176574673078067)
 (-5.528318090768244E-003,1.729510763796097E-003)
 (4.850317779759790E-003,-8.238011588653192E-003)
 (-1.785170768664203E-002,3.888593846809504E-003)
 (-8.760164969907318E-003,-6.143743087077692E-003)
 (-4.312906948620045E-003,6.293446681122927E-003)
 (3.821591866809604E-003,-5.827279175847218E-003)
 (-1.562546637001229E-003,-8.325490787108109E-003)
 (-4.427453386104245E-003,1.019441106634774E-003)
 (-6.726769280473392E-004,-3.853545814058106E-003)
 (3.051530675930600E-004,-7.195145830817700E-005)
 (-5.791742053822416E-003,-4.007524472925338E-003)
 (-9.781302026684721E-004,-5.388961377589956E-003)
 (-4.214385819952619E-003,8.133387723485056E-004)
 (-4.187768997515281E-004,-3.021262083900948E-003)
 (-3.807304716281352E-003,-2.582861119432631E-003)
 (1.047389029724239E-006,1.981635033120414E-004)
 (-2.208018798848417E-003,5.342288827123588E-004)
 (-2.553436988166356E-004,4.155434591638521E-004)
 (-5.748821206569347E-004,-3.017391634763436E-003)
 (-2.003626087711103E-003,-1.421802529563312E-003)
 (-1.174779914676623E-003,1.236061092356215E-004)
 (-2.374486911876692E-003,4.857859635798922E-004)
 (-1.256015405006072E-003,-8.631841588799887E-004)
 (-5.770565296469893E-006,2.232716960293108E-005)
 (1.603756608895066E-004,-1.809467903872688E-004)
 (-2.147533365706370E-003,-1.479627827629481E-003)
 (-1.700694275870496E-003,-1.184474128068915E-003)
 (-3.316181020228979E-004,-1.861665227603175E-003)
 (-1.414069239085448E-003,2.360052095654811E-004)
 (-1.302742131199519E-004,-8.841280128632396E-004)
 (-2.187481172254360E-004,3.210900820596480E-004)
 (-1.416115564074770E-003,-9.000466182308853E-004)
 (-1.608109926013412E-004,7.980317714916538E-006)
 (-2.315883683430324E-004,-1.884127134732673E-004)
 (5.001603173174229E-005,2.870698492342168E-004)
 (-1.302172543348884E-003,-8.996154488698231E-004)
 (-4.799932664315804E-004,1.032412399631772E-004)
 (-3.320118827685218E-005,-1.833502438433845E-004)
 (2.441071715813983E-004,-3.477075032799890E-004)
 (-1.982744153065816E-004,3.389163488948203E-004)
 (-1.650045785601425E-005,-1.419388976177087E-004)
 (-5.636465247922814E-006,-1.482745097369710E-004)
 (0.000000000000000E+000,0.000000000000000E+000)
 (0.000000000000000E+000,0.000000000000000E+000)
 (-4.814019123597345E-002,0.115825429501999)
 (3.532796234876952E-002,-1.497846648967321E-002)
 (1.170168350720917E-003,5.247269150589532E-003)
 (1.414337842134286E-003,8.140463572339156E-004)
 (2.539891983088715E-003,6.591882999231110E-003)
 (4.768509625741212E-003,-1.158399802167317E-002)
 (-1.458902826936047E-004,-5.185170530595273E-004)
 (-7.570097090557006E-003,-2.446227655223275E-003)
 (-8.385416377912635E-003,3.471710872625257E-003)
 (-4.046983090152583E-004,-8.258544348423932E-004)
 (2.605810679649059E-004,-5.577138367670448E-005)
 (-2.619776959374821E-003,-1.023333672304557E-003)
 (-7.216091131795335E-004,1.737014971619432E-003)
 (-2.129688416561458E-003,9.897046466486570E-004)
 (-3.306084457034184E-004,-6.905591557058730E-004)
 (-1.910402317768130E-003,7.894302323641950E-004)
 (-4.914591403020536E-004,1.278768637064635E-003)
 (-1.122100402204917E-003,-4.935308470556629E-004)
 (9.036299024247556E-005,1.812080849969705E-004)
 (-4.126997834926300E-004,-1.350957944197740E-004)
 (-6.934034686668187E-004,2.761538292163656E-004)
 (-5.797863238593372E-004,1.566528608709001E-003)
 (1.117316135659756E-004,4.039284215994852E-004)
 (8.521251981456312E-006,-3.763356731365244E-005)
 (-3.501196295587988E-004,8.747455481472103E-004)
 (-8.984154383410281E-005,-1.544798704791199E-005)
 (-1.002666335123640E-003,-3.798363173521636E-004)
 (1.504511660528839E-004,-3.867485523827877E-004)
 (-1.855661340755748E-004,4.542541046171848E-004)
 (-1.412670625833470E-003,6.430463738778916E-004)
 (-7.815265210411306E-005,-2.605376936369908E-004)
 (1.332667660827475E-003,-5.650891941653348E-004)
 (8.670673842304587E-004,3.446371223269308E-004)
 (3.565759565492995E-004,-9.198984128457202E-004)
 (3.437914877824069E-004,8.040935290265984E-004)
 (-6.863101238562389E-004,1.725140763425224E-003)
 (-9.660727149096372E-004,4.251759738516511E-004)
 (-3.690635284426467E-004,9.494568873670004E-004)
 (-1.866454526163212E-004,-3.800913277823599E-004)
 (4.217824096743334E-004,-1.618486166042145E-004)
 (-7.602534965271868E-004,-3.088009512604027E-004)
 (1.813993201430224E-004,7.742611306527089E-005)
 (-5.278228750131911E-004,2.260670394790394E-004)
 (1.954940433241465E-004,-8.540897178902816E-005)
 (0.000000000000000E+000,0.000000000000000E+000)
 (0.000000000000000E+000,0.000000000000000E+000)
 AAAAAA
 (2.482113009979989E-002,-3.475021358256990E-002)
 (7.634805485564975E-003,5.290658514073294E-002)
 (-8.623499384299474E-003,1.749691088544764E-003)
 (-1.130607947838090E-002,-7.883307026704020E-003)
 (-7.223636809782580E-003,-5.158609560390722E-003)
 (-1.546291537874597E-003,-6.691724006129509E-003)
 (-1.428739383203319E-002,2.452924326307252E-003)
 (-1.162035589142787E-002,2.259977570428875E-003)
 (-2.098188958948838E-003,2.294384157927941E-003)
 (-1.050199600516648E-002,-7.137013737795786E-003)
 (-1.815218890894944E-003,2.155269889062046E-003)
 (-8.219392553210140E-003,-5.438813734929597E-003)
 (-7.829251225763331E-003,1.357346371225913E-003)
 (-1.473466851291256E-003,1.680867107987966E-003)
 (-1.082947650939824E-003,-4.298244496244714E-003)
 (-7.058063088403871E-003,1.211892788439145E-003)
 (-1.137460547579148E-003,1.733931840861875E-003)
 (-6.983410488689094E-004,-3.965518186225020E-003)
 (-9.478476612030705E-004,1.168160471442519E-003)
 (-5.770424288083476E-004,-2.716378883563967E-003)
 (-4.383404054375641E-003,-2.865554288083729E-003)
 (-5.136752944938296E-003,9.058827471583102E-004)
 (-4.705847466830280E-003,-3.265463933044378E-003)
 (-3.525450978357095E-003,-2.398495793738313E-003)
 (-3.054056466529967E-003,5.167894781910425E-004)
 (-4.246384956794609E-004,-1.910959850872000E-003)
 (-4.221075756617740E-004,-1.512151047700938E-003)
 (-2.607092730312298E-003,4.584719357469627E-004)
 (-3.471991107762102E-004,4.096353672648485E-004)
 (-3.737678004692792E-004,-1.579882598463178E-003)
 (-2.399306119043259E-004,-8.909420763373859E-004)
 (-2.071140062875440E-004,-9.152518410860976E-004)
 (-1.851671005285799E-003,-1.239345684979421E-003)
 (-1.631838521310425E-003,-1.204065028209521E-003)
 (-2.151099934956208E-004,3.202822073188371E-004)
 (-2.696214471463025E-004,-1.167161928999755E-003)
 (-1.683500029693898E-003,2.762776031785235E-004)
 (-2.414948126286836E-004,3.699983816409870E-004)
 (-1.151741137881172E-003,1.774087943224472E-004)
 (-1.159899391853758E-003,-7.079678840587742E-004)
 (-3.249752412044922E-004,4.391946348137255E-004)
 (-1.162863210592482E-003,1.724019286729998E-004)
 (-1.369843010425951E-004,1.659700165367528E-004)
 (-1.750042407571270E-004,2.645048598854728E-004)
 (0.000000000000000E+000,0.000000000000000E+000)
 (0.000000000000000E+000,0.000000000000000E+000)
 (1.564751182529027E-002,1.229688950020313E-002)
 (-7.969781834672313E-003,3.429659838504174E-003)
 (-2.775042841735948E-004,-3.135235862337510E-003)
 (4.059504310820514E-003,-5.643389555222857E-003)
 (-1.371126700999779E-004,1.655108042659287E-003)
 (-1.134413368238486E-002,2.550573488700187E-003)
 (-3.012610199501818E-003,-1.359001023135840E-002)
 (-1.018754897591171E-003,-5.770025150160845E-003)
 (-1.166162839859751E-002,-7.957301708493738E-003)
 (-2.103764457302470E-003,3.345730737532921E-003)
 (-9.448198150302912E-003,-6.483409444799124E-003)
 (-1.311647736136064E-003,2.201884928975414E-003)
 (-1.258233068366193E-003,-5.528637261230013E-003)
 (-7.917952796339004E-003,-5.250153807150201E-003)
 (-7.820211728668095E-003,1.827710035763582E-003)
 (-1.017822179918050E-003,-4.536170869866083E-003)
 (-6.669877177783679E-003,-4.452079893171278E-003)
 (-6.358493820737423E-003,1.319679034236772E-003)
 (-5.754804887392977E-003,-3.734825561945539E-003)
 (-4.795589305395820E-003,1.222302424370604E-003)
 (-5.326572260076379E-004,7.434910203683830E-004)
 (-7.338551608895226E-004,-3.053750656033120E-003)
 (-7.358633719844193E-004,9.485011826454318E-004)
 (-4.801454477739723E-004,7.748559080322545E-004)
 (-4.029141692870375E-004,-2.034232210880831E-003)
 (-2.862485673614999E-003,6.298781168222426E-004)
 (-2.937717083252292E-003,5.907291023877436E-004)
 (-2.108028179227179E-004,-1.048994574344678E-003)
 (-2.305030846306540E-003,-1.589915015488115E-003)
 (-2.516222903986121E-003,5.094894402173072E-004)
 (-2.271768449865993E-003,4.780414972164283E-004)
 (-1.725893764151030E-003,3.787936303588230E-004)
 (-1.813984117227927E-004,2.839680939516883E-004)
 (-5.296379329948052E-005,3.412112497134167E-005)
 (-1.187876891841655E-003,-7.903580827953473E-004)
 (-1.583032015692953E-003,3.496929335832926E-004)
 (-1.298181363914539E-004,-5.147952181882938E-004)
 (-1.104916633583442E-003,-7.723622266024709E-004)
 (-1.615027531090035E-004,-7.226723335433658E-004)
 (-3.368807479272873E-004,5.354760065295083E-004)
 (-1.211073584779601E-003,-8.035629504515006E-004)
 (-1.857902958538708E-004,-8.091659678914811E-004)
 (-6.203142732993296E-004,-4.320091984913732E-004)
 (-7.989078624857209E-004,-5.302075761992631E-004)
 (0.000000000000000E+000,0.000000000000000E+000)
 (0.000000000000000E+000,0.000000000000000E+000)
 (-0.113074446284224,-3.908216759668555E-002)
 (-8.207688741564492E-002,3.689922552202694E-002)
 (-4.164855071722318E-003,-8.467206859691812E-003)
 (-6.935010963163237E-003,2.026701342116360E-002)
 (-1.654651800827668E-003,4.434503942697164E-003)
 (-3.915602702381226E-003,2.017017709609149E-003)
 (3.253029349586929E-003,7.104549569013949E-003)
 (-4.471678794319834E-003,-9.509675749278971E-003)
 (-6.015830905794084E-003,-2.286342642674319E-003)
 (-1.748642790537026E-004,5.930060307904548E-004)
 (-1.165718912890749E-003,-4.061223160690810E-004)
 (-5.692186224252550E-004,1.560846982029653E-003)
 (-2.490242707384390E-004,-4.171256192462721E-004)
 (-2.380140877284765E-003,-8.356707326361435E-004)
 (-2.550166802762501E-003,1.267471765810631E-003)
 (-9.923344567050117E-005,-1.113648641540584E-004)
 (-1.472676311596290E-003,-5.488553338097572E-004)
 (-1.722187818371263E-003,7.963754282788536E-004)
 (-1.516895752813174E-003,-5.138416296544329E-004)
 (-1.392754292864530E-003,7.032348450984614E-004)
 (-6.068069918870202E-004,1.599900517036498E-003)
 (1.804642896050635E-004,4.860668096066357E-004)
 (-3.232294952441217E-004,7.650562371656462E-004)
 (-1.141089806963539E-004,2.910151997957764E-004)
 (-2.022284872606588E-004,-3.954333289619624E-004)
 (-4.046682477710667E-004,1.904355127824669E-004)
 (-1.088749898256784E-003,5.247841492665255E-004)
 (-2.564189776015555E-005,-7.101995723651886E-006)
 (-1.384368625678161E-003,-5.035166679474502E-004)
 (-8.120889794149402E-004,3.893530314760212E-004)
 (-1.275815602076306E-003,5.860180902637752E-004)
 (-4.405121886661491E-004,1.955296203608748E-004)
 (-2.841054304824150E-004,7.252196359282949E-004)
 (-1.426613858107103E-004,2.675819740238445E-004)
 (1.116719639627824E-004,5.099037723436110E-005)
 (-2.387382025039034E-004,1.510954104840053E-004)
 (1.821814704664626E-004,4.444553389783359E-004)
 (3.960233042990692E-005,1.307795332438299E-005)
 (-3.572118926878533E-004,-7.702509559143932E-004)
 (7.123504668817788E-005,-1.464425644014954E-004)
 (-2.475083981732785E-005,-8.541147052962077E-006)
 (2.245408768746459E-004,5.041471327793203E-004)
 (2.374196636762920E-005,6.095085233797818E-006)
 (1.548569243237706E-004,6.132748017686701E-005)
 (0.000000000000000E+000,0.000000000000000E+000)
 (0.000000000000000E+000,0.000000000000000E+000)
 (3.114331138270495E-002,-6.828791732713238E-002)
 (8.128018328486055E-003,1.820217211238553E-002)
 (-2.808096532788702E-004,4.071452018487862E-004)
 (-7.870188517161690E-004,-2.067014408285153E-005)
 (6.943391878189206E-004,-3.382387147264831E-004)
 (-4.811560484255933E-003,-1.291787224674436E-002)
 (-1.468082320688423E-003,6.449930375712897E-004)
 (-2.846038232066361E-003,1.205016516141867E-003)
 (-1.095958107648941E-003,1.902830020682562E-003)
 (-2.774075862880459E-003,-1.286954677655579E-003)
 (1.007764630957031E-003,-2.142949143974627E-003)
 (-2.472219390792191E-003,-1.141457775524650E-003)
 (-1.088714410979180E-003,3.407200300318841E-004)
 (2.587552683134198E-004,-6.478885197653689E-004)
 (-5.746386904706539E-004,-1.363809768192310E-003)
 (-5.353649715555788E-004,1.558143606804538E-004)
 (1.988219280140484E-004,-4.638761733776793E-004)
 (-4.659187568349234E-004,-1.237293691159546E-003)
 (3.776087899372213E-004,-8.715819364975188E-004)
 (2.799555550077370E-005,2.400175427293285E-004)
 (-1.214874460953452E-003,-5.359908564082428E-004)
 (-9.325856841954855E-005,-1.108388964284087E-005)
 (-3.848142988691769E-004,-2.012846068277202E-004)
 (-1.397654781301543E-004,-5.639843597778031E-005)
 (-4.783084195611878E-004,1.440441545024999E-004)
 (8.995444111139239E-006,1.386910510118155E-004)
 (-5.083287337688973E-004,-1.350735605208636E-003)
 (2.731656095399452E-004,-1.057889259628321E-004)
 (-9.129271054288902E-005,2.078994227945553E-004)
 (-2.372326729752956E-004,-6.645758373430004E-004)
 (-1.975149092457764E-005,-3.309971246368801E-005)
 (4.955031403504374E-004,1.346323166394214E-003)
 (-7.375241075132524E-004,-3.070115367655609E-004)
 (8.128195511420390E-004,3.386627173261738E-004)
 (5.783344391029989E-004,-1.216395175771076E-003)
 (-4.976193528995811E-004,-1.297718576338865E-003)
 (4.689830173651542E-004,-1.673370617527698E-004)
 (-2.819346481535994E-004,5.645203072041468E-004)
 (-4.646693400579577E-004,1.506293668771566E-004)
 (-5.450223179203943E-004,-2.550945586701723E-004)
 (-2.204043155320163E-004,4.406023936755326E-004)
 (4.566147379654816E-005,-3.408788874092153E-005)
 (9.775904467648788E-005,-2.275994835067900E-004)
 (9.515056906715223E-005,-2.253009033216269E-004)
 (0.000000000000000E+000,0.000000000000000E+000)
 (0.000000000000000E+000,0.000000000000000E+000)
 AAAAAA
 (5.869006606040256E-002,3.748218237020569E-002)
 (-1.095859466059053E-002,-4.170427971718724E-002)
 (-6.819427587785270E-003,1.580252112208981E-003)
 (-4.299365109393790E-003,7.354511324395833E-003)
 (-1.252786377588568E-002,3.177713049090868E-003)
 (-6.268908210699648E-003,1.052639505476619E-002)
 (-5.252743762444539E-003,-3.742133685523660E-003)
 (-7.547626764160629E-003,1.200057517358518E-002)
 (1.731397271458757E-004,1.725555944746639E-003)
 (-1.216338797338262E-002,3.148822832928357E-003)
 (-4.834671284848307E-003,8.296296034089027E-003)
 (-4.827842630040369E-003,-2.856763036860855E-003)
 (4.417484230810724E-004,1.785693120197406E-003)
 (-4.798945474857438E-003,-2.814399349744762E-003)
 (3.308536414670799E-004,1.802033999211795E-003)
 (-8.089236038315505E-003,1.993412450352736E-003)
 (4.729842022188702E-004,1.477715542430023E-003)
 (-3.001187968477668E-003,5.140729030089350E-003)
 (-6.716622175841507E-003,1.488136423501836E-003)
 (1.659857876109821E-004,1.165190221248930E-003)
 (-2.482841773402268E-003,4.333242582278106E-003)
 (-2.410774060431781E-003,-1.583391679258412E-003)
 (-4.383198050938630E-003,1.174369875379304E-003)
 (-4.390961122124950E-003,1.098440491978306E-003)
 (-1.835427544716274E-003,-1.060480652202597E-003)
 (-1.734388456842001E-003,-9.587113865361788E-004)
 (-1.434734407839985E-003,2.470977642454334E-003)
 (-2.916504237766656E-003,7.391736280976937E-004)
 (5.747476147616127E-005,4.702700531187509E-004)
 (-1.110614497001814E-003,1.803415288928393E-003)
 (-1.171081426542586E-003,1.919558047096340E-003)
 (-1.298552366820121E-003,-7.636404538649316E-004)
 (-1.285201717021154E-003,-7.418617354470341E-004)
 (4.599276333759768E-005,1.391291118346175E-004)
 (-6.554192803101375E-004,-3.754355384159568E-004)
 (-1.768773029656829E-003,4.205161170022098E-004)
 (-7.578545480644665E-004,-4.224430689938069E-004)
 (-6.583164317607208E-004,1.152883598341729E-003)
 (6.149261405646324E-005,3.205857870821104E-004)
 (5.063161012660807E-005,1.933152579490955E-004)
 (7.162507535151335E-005,3.593012914261664E-004)
 (-1.207190334372481E-003,3.340029634471954E-004)
 (8.642220234624594E-005,3.161388629933846E-004)
 (-4.342819682079320E-004,6.706125351956175E-004)
 (0.000000000000000E+000,0.000000000000000E+000)
 (0.000000000000000E+000,0.000000000000000E+000)
 (1.876470146322674E-002,-2.411321640843270E-002)
 (3.671341867182757E-002,-6.756980627518755E-004)
 (6.001018884742294E-004,-3.270144045720413E-003)
 (-2.114407934824459E-003,-2.047877415545069E-003)
 (-1.141410847257634E-004,-7.918407714194463E-003)
 (-1.033978470974527E-003,-6.556335238723440E-004)
 (-8.260317947501265E-003,8.335983635144300E-003)
 (-1.085452763047330E-002,-1.018738115874916E-002)
 (-1.246272611037992E-002,6.286541095132229E-004)
 (1.382698083847106E-004,3.560328443237266E-003)
 (-5.057475147689190E-003,-4.579041395820025E-003)
 (-5.312570411222906E-003,6.104166214695980E-003)
 (-9.227514876586674E-003,3.857343745939717E-004)
 (-4.935099547207127E-003,5.487963744321972E-003)
 (-8.493333878812672E-003,1.436594891663151E-004)
 (2.576872560768480E-004,1.727770468544456E-003)
 (-7.883570864319610E-003,4.256516729244969E-004)
 (-3.080018975109036E-003,-2.801354558963472E-003)
 (4.322863034404104E-005,9.818356158496234E-004)
 (-6.351076937486964E-003,1.389943260399389E-004)
 (-2.344999260400754E-003,-2.385444584055480E-003)
 (-2.627077894180042E-003,2.781725366210905E-003)
 (1.101843181001330E-004,6.089087412307699E-004)
 (1.348620011488240E-005,6.998570269581364E-004)
 (-1.747839027902724E-003,1.811493647352900E-003)
 (-1.904764220286295E-003,2.174247742989405E-003)
 (-1.166270748660287E-003,-1.213260785194977E-003)
 (3.740030084970240E-005,3.498523180085605E-004)
 (-2.403029106006211E-003,1.383277984098063E-004)
 (-9.232333790318106E-004,-8.183689693813281E-004)
 (-9.967134087775970E-004,-8.245326709787557E-004)
 (-1.313251639195694E-003,1.499560367706339E-003)
 (-1.326191177299642E-003,1.447844400146585E-003)
 (-1.723931362054493E-003,7.490209602132897E-005)
 (-9.339011212206799E-004,1.102815229241704E-003)
 (-1.444808248997071E-005,-1.649325695860335E-004)
 (-6.222037417316969E-004,7.031648267735407E-004)
 (-1.018367218971778E-003,-9.064284826044618E-004)
 (-1.123968930931425E-003,7.365161762646006E-005)
 (-1.041257870033697E-003,7.058025732123571E-006)
 (-1.402729934106720E-003,5.624348589680086E-005)
 (1.886257847846708E-005,5.567028557668342E-004)
 (-1.053295195934207E-003,7.575083365766571E-005)
 (-2.979155197355462E-004,-2.593590007316470E-004)
 (0.000000000000000E+000,0.000000000000000E+000)
 (0.000000000000000E+000,0.000000000000000E+000)
 (-0.109426984388134,-6.011032198722335E-002)
 (-3.898887624432891E-002,-0.129784440229148)
 (-1.393889259052836E-002,3.659798223500124E-003)
 (3.308904721882121E-003,-5.819379578150815E-003)
 (-1.178444228010583E-002,3.268481700538018E-003)
 (3.346405991758908E-003,-6.799032339888975E-003)
 (-8.064242914513740E-003,-5.112217756362848E-003)
 (-2.450618094702570E-003,4.741324441351049E-003)
 (-2.373844813107560E-003,-8.057440144101322E-003)
 (-3.290943360568149E-003,8.493085318547209E-004)
 (6.958060625679538E-005,-1.461866304076110E-004)
 (-5.115760891148786E-003,-2.895759764852354E-003)
 (-1.151805131327937E-003,-4.344267464812059E-003)
 (-3.589051350322516E-003,-2.102713359306133E-003)
 (-7.475484596070111E-004,-3.145237421627565E-003)
 (-2.711367323444007E-003,7.808092725594641E-004)
 (-6.783116068332048E-004,-2.586427076608623E-003)
 (9.354555940886309E-005,-1.487255715614752E-004)
 (-1.586787570492343E-003,3.565580193899687E-004)
 (-7.139274770881861E-004,-2.784602589058808E-003)
 (5.877658770991868E-005,7.686170073894030E-005)
 (-1.576359220608255E-003,-1.038880672965722E-003)
 (-2.098351212379989E-003,5.998113128393551E-004)
 (-5.377865924423100E-004,1.088594090780475E-004)
 (-7.531821779024293E-004,-4.852729327578806E-004)
 (-2.032530139482570E-003,-1.128002951055110E-003)
 (2.389426824742177E-004,-3.112369483342447E-004)
 (-1.052898454096032E-003,2.816914813674716E-004)
 (-3.175822864874869E-004,-1.173215427401060E-003)
 (7.011996965267786E-005,-1.923319077994317E-004)
 (8.887813217071765E-005,-1.850045584733639E-004)
 (-1.307297619999291E-003,-7.295129613400955E-004)
 (-1.311703404857889E-003,-7.319438006270189E-004)
 (-3.561011108090398E-004,-1.283694401226322E-003)
 (-1.157314165343680E-003,-6.471832015421861E-004)
 (1.352853066313055E-004,-4.906593094702909E-005)
 (-9.164613766880509E-006,-2.198267376485753E-005)
 (-1.815064718281655E-004,3.444630944312172E-004)
 (1.787007420999819E-005,9.352809902203976E-005)
 (-7.139532096522573E-005,-3.538878637555213E-004)
 (-3.631246728570746E-005,-2.088938031471235E-004)
 (-3.421712508180733E-004,8.686463899195891E-005)
 (-2.716151814084191E-006,-4.506655489451892E-005)
 (6.666776518071769E-005,-1.655927845280418E-004)
 (0.000000000000000E+000,0.000000000000000E+000)
 (0.000000000000000E+000,0.000000000000000E+000)
 (-3.958244083500925E-002,0.229697425368006)
 (-6.070698283798689E-004,-2.328197644345907E-004)
 (2.412925271228945E-003,4.320912689858607E-003)
 (1.270214758285214E-002,2.125391753325812E-003)
 (-4.615690355396782E-004,-4.557071895428173E-004)
 (-5.854728620212083E-003,-8.964761581783297E-004)
 (1.783424330401625E-003,-1.163028145357659E-002)
 (9.706298833415204E-005,5.250354626365591E-006)
 (-1.046659655575871E-002,7.726330918766702E-003)
 (1.026619087822010E-004,2.417302999745672E-005)
 (-2.065959334878189E-003,-3.988719273297652E-004)
 (-2.018490125831047E-004,1.257333348002281E-003)
 (-5.817974811916818E-004,3.912730915157345E-004)
 (-2.018492337978390E-004,1.532769285895497E-003)
 (1.215943614852886E-003,-9.826643781368576E-004)
 (5.102715202423233E-005,-1.053318871218856E-005)
 (-2.177053861405682E-004,1.041963602895925E-004)
 (-1.000177323425743E-004,-7.812214730609481E-005)
 (9.238064230185144E-006,-3.981456250846493E-005)
 (-9.792557234562797E-006,-2.087971677792942E-005)
 (3.964402339793777E-005,-5.847149103200202E-005)
 (-5.522795141427696E-005,4.516302159021420E-004)
 (8.227160285770790E-005,6.346141675565277E-005)
 (2.545176536031566E-005,-1.820013979185592E-005)
 (-8.018547504823034E-006,3.290740984965505E-005)
 (3.201012587666258E-005,-1.887481031774772E-004)
 (4.353887178739810E-004,2.262429478182514E-005)
 (-1.104737175909912E-005,-5.082840045204428E-005)
 (1.395212951376473E-003,-1.062746582102475E-003)
 (-1.235595136552152E-003,-2.071678428280345E-004)
 (1.290653038975394E-003,1.526683321817565E-004)
 (-9.996253614171175E-005,7.566364502606442E-004)
 (1.102792703493486E-004,-7.228980635130858E-004)
 (-1.194966961844361E-003,8.672874501384180E-004)
 (-1.277923338234865E-004,9.992264119594841E-004)
 (2.374679727721996E-005,1.335210239598914E-005)
 (-1.211708080291453E-004,8.544981954741353E-004)
 (4.940300105830015E-004,6.573610991154957E-005)
 (-2.815434289135105E-004,2.231118422908153E-004)
 (5.938560016126952E-004,-4.738817666857950E-004)
 (6.329720307003308E-004,-4.838020333481497E-004)
 (2.513880625390044E-005,9.995235005801753E-006)
 (-2.711471198176230E-004,2.041408199283480E-004)
 (-4.261801738588743E-004,-7.616724954765647E-005)
 (0.000000000000000E+000,0.000000000000000E+000)
 (0.000000000000000E+000,0.000000000000000E+000)
 AAAAAA
 (3.079447623811178E-002,0.106635296769163)
 (1.531176470756420E-002,-2.154937270737965E-002)
 (-5.819834211444781E-003,-3.519077281592076E-003)
 (-9.023169495159009E-003,2.658099299694058E-003)
 (-1.046543785819349E-002,-6.190912143018004E-003)
 (-2.011651417124063E-003,-7.740753073534994E-003)
 (-1.164183563069065E-002,3.537637503345261E-003)
 (-1.095079222102386E-002,2.981651203626159E-003)
 (-4.200063625243149E-004,6.563395560703800E-004)
 (-1.141136636890064E-002,-6.174652210563928E-003)
 (-2.419148400324546E-003,-7.290178023265590E-003)
 (-3.543460253472080E-004,1.047168440933874E-003)
 (-8.104400022639534E-003,2.198873729668655E-003)
 (-8.756613106454800E-003,-4.671035526806781E-003)
 (-3.706939015155589E-004,8.646307739227947E-004)
 (-1.345145602389613E-003,-5.028160762048073E-003)
 (-6.896755887531309E-003,-3.631037847397860E-003)
 (-2.168959279026965E-004,6.786563060074977E-004)
 (-5.702111141656464E-003,1.860881390473668E-003)
 (-5.533767157224676E-003,-2.985429905633978E-003)
 (-9.369579401889569E-004,-3.151352498932727E-003)
 (-8.406344597962047E-004,-3.169938105553348E-003)
 (-3.634879903738665E-003,1.041945894559348E-003)
 (-3.445011137121614E-003,1.023510479811926E-003)
 (-2.689062999418478E-004,4.112268530838583E-004)
 (-2.983888969953510E-003,-1.625278366472755E-003)
 (-2.151683470573650E-003,6.433921143850571E-004)
 (-2.139218328583912E-003,5.425074745406401E-004)
 (-2.218149176622454E-003,-1.269915389486746E-003)
 (-2.159654193270541E-003,-1.184182918559506E-003)
 (-1.071490823173195E-004,1.953574336406261E-004)
 (-8.102572666445515E-005,1.702772038915790E-004)
 (-2.936939855762010E-004,-1.143568335655051E-003)
 (-3.107620769628425E-004,-1.196619809105341E-003)
 (-3.948883242857709E-004,-1.300079779761839E-003)
 (-4.077802808942186E-004,-1.350192297437488E-003)
 (-5.178487702072300E-005,1.135652643208589E-004)
 (-4.079354794037126E-005,4.295101999050909E-005)
 (-1.037607091406269E-003,2.992873439493313E-004)
 (-1.787359669791813E-004,-6.274316464207759E-004)
 (-1.240342895661540E-004,1.661349328324074E-004)
 (-6.024677316606467E-005,1.688458492346892E-004)
 (-9.040862572756361E-004,-4.956665670755795E-004)
 (-6.922962462633842E-004,1.902128291930106E-004)
 (-7.128004422951084E-004,2.028061213671986E-004)
 (-7.669174426947610E-004,-4.228994877699867E-004)
 (-7.837619265975335E-002,2.526825865223283E-002)
 (-0.160372354484347,-8.583634151200661E-002)
 (-4.046334708758255E-003,5.821713934741438E-003)
 (-1.343029835050644E-003,-3.340774169171754E-003)
 (-6.162193986216680E-003,1.199214352713145E-002)
 (7.932860395540831E-003,-1.451146329389760E-003)
 (4.073150101745980E-004,1.763044687494683E-003)
 (5.679842351077716E-003,1.782823685190110E-002)
 (7.714243141053955E-003,3.842898795787508E-003)
 (-5.063517726826032E-004,7.624030098312209E-004)
 (5.666841669949816E-003,-1.684659366422854E-003)
 (9.207137060151735E-003,4.655374951447432E-003)
 (2.363411036060342E-003,8.266434161897686E-003)
 (-6.932021492111078E-004,1.272878960006817E-003)
 (7.735208662915526E-003,3.905318124681318E-003)
 (3.664611269379048E-003,-1.246552221062429E-003)
 (-5.379802978078239E-004,1.465091871322282E-003)
 (5.956024507140861E-003,3.023366034841814E-003)
 (1.742921481628466E-003,5.384800691678866E-003)
 (-2.827652982880869E-004,8.359104130817238E-004)
 (2.711820320787695E-003,-7.148772612722595E-004)
 (2.205703883779255E-003,-7.663028451758417E-004)
 (1.301191720008508E-003,4.003308805030545E-003)
 (8.864774880988711E-004,2.671279597216121E-003)
 (3.484221668058895E-003,1.825354003428700E-003)
 (-4.131680140584294E-004,7.303189044617456E-004)
 (6.460780981587433E-004,1.854517700572441E-003)
 (6.260927075843500E-004,1.880126001135340E-003)
 (-3.661910808893332E-004,5.676832832665209E-004)
 (-2.841389563284579E-004,4.952665218824928E-004)
 (1.665066642227533E-003,8.810663206024321E-004)
 (1.717132247778307E-003,8.782082866048065E-004)
 (9.574369832758180E-004,-2.993008091057817E-004)
 (1.011420598063660E-003,-2.503210468417698E-004)
 (7.164129059394687E-004,-2.675155746948515E-004)
 (7.689551246886022E-004,-2.103421233521819E-004)
 (9.117518402489537E-004,5.245016566932416E-004)
 (9.649209782278036E-004,5.186686358453075E-004)
 (4.981210865340556E-004,1.584699873539435E-003)
 (6.039345827235521E-004,-2.067126046250246E-004)
 (1.170160969193677E-003,6.335453574567781E-004)
 (1.187510501382789E-003,5.910630400486596E-004)
 (-1.151380266262896E-005,-5.935406537317363E-006)
 (1.542781825320767E-004,4.685897623747659E-004)
 (1.638228975778860E-004,4.845956202035972E-004)
 (-1.792289155254483E-004,3.337765624977629E-004)
 (-0.350745033075287,0.425640442282250) (-0.184610370150506,-0.144244074622144)
 (9.116227066289256E-003,3.252743839558761E-002)
 (9.831957649326295E-003,-4.839299757248887E-003)
 (-1.493816254423678E-003,-8.497451866852850E-003)
 (8.266436558047376E-003,-1.582878677813152E-002)
 (-2.831915028046462E-003,-2.329512522813849E-003)
 (7.562351837979588E-005,1.417962976634709E-003)
 (-8.998448013976566E-003,2.694322778086540E-003)
 (-3.649257989121280E-004,4.205240676596331E-004)
 (-3.385108734182750E-003,3.013074707244578E-003)
 (-3.002162224219181E-003,-8.566362036277894E-004)
 (-1.107101127199142E-003,-3.817630106238107E-004)
 (-4.867662195477408E-004,-2.236839454574887E-004)
 (1.757514378393625E-003,-6.710768209411007E-004)
 (-4.654967111350383E-004,1.003978892172225E-003)
 (-4.066043725849046E-005,3.262261020268289E-004)
 (-5.504734607404284E-005,6.986058270031770E-005)
 (-3.495923831106756E-005,3.911467488974782E-005)
 (6.130349648007831E-005,-3.735177624424326E-004)
 (1.994985004688065E-004,4.364050792188216E-004)
 (9.121521206222194E-004,-9.253492996584888E-005)
 (-2.732970453405658E-004,-3.622990253189265E-004)
 (3.028353814281325E-004,3.608158095805052E-004)
 (-5.168933779369146E-004,-3.528788148103154E-004)
 (-5.977563224622486E-005,3.122928902401667E-004)
 (-5.033435070048086E-004,-1.515928761540682E-004)
 (5.173734224929202E-004,3.150914838246386E-004)
 (-3.050662315339243E-004,-5.547499322095541E-004)
 (2.478170347266960E-004,-9.544719859563416E-005)
 (1.408996241769522E-003,-6.270739175032990E-004)
 (2.991590795009042E-004,6.807808096621697E-004)
 (-7.514596045729913E-004,-2.864392393590876E-004)
 (2.810501287207996E-005,1.100354366481689E-003)
 (-9.388528439629141E-004,8.749527733946606E-004)
 (-1.340846183578630E-004,-6.674634908787961E-004)
 (-1.512867874838961E-003,1.647176195103371E-004)
 (1.493516889152899E-003,-1.763206088682522E-004)
 (2.015221430725905E-004,2.028942343680522E-004)
 (-5.162275496220755E-004,5.710229033082445E-004)
 (-2.038202766840878E-004,2.744924185219017E-004)
 (6.069970593562432E-004,-1.419024074264210E-004)
 (-4.740806083090087E-005,1.426811058939511E-004)
 (-2.229793395053520E-004,-1.278083060823062E-004)
 (6.322053408298145E-005,1.461066269811798E-004)
 (6.083252440944670E-006,-1.012168460459404E-004)
 (-0.239417617211847,-1.136988541682404E-002)
 (-0.442581602053558,6.323758652341112E-002)
 (-1.516202077257649E-002,-1.023753990747442E-002)
 (-2.250128039815224E-002,-9.362625986235086E-003)
 (2.602748347484949E-003,-6.033544831395097E-004)
 (2.920588985178381E-003,8.842865593149649E-003)
 (-2.974409701868952E-004,-1.902862706510082E-003)
 (2.269796909895803E-003,1.703186587596624E-003)
 (2.036952130277627E-003,-4.183331121635041E-003)
 (-7.923701420659902E-006,8.758272563923468E-004)
 (-2.757891101020549E-003,1.291227342391350E-003)
 (-3.664502891446636E-003,-9.145695536923247E-005)
 (7.328926789560719E-004,-9.386091139922142E-005)
 (3.743930870901512E-004,9.226013114792164E-004)
 (-8.892680182201870E-004,9.611796762640918E-004)
 (-9.194908336032613E-005,-7.321891202515185E-004)
 (-1.226109356248356E-004,9.170677073001408E-005)
 (1.107376999937836E-004,-5.626950292635732E-005)
 (-1.754110267466551E-006,8.423834904045651E-006)
 (-8.100754258917294E-006,-5.064908479436919E-004)
 (4.396455365854407E-004,-1.024734104138433E-003)
 (1.075315384412117E-003,-1.449577852024377E-003)
 (-3.403203690394749E-004,-3.470915966933991E-004)
 (1.280945748569286E-004,2.695477437230654E-004)
 (-1.143315198240753E-003,1.878013252746609E-004)
 (-7.436595547598567E-005,2.074619745341242E-004)
 (4.084303115983051E-004,3.247027952499850E-006)
 (-1.372736888270457E-004,1.993006385228617E-004)
 (3.564129077035869E-004,3.672366062107714E-004)
 (-1.731053440552012E-004,-7.197535878315455E-004)
 (-8.544688645403034E-004,8.620416091658549E-004)
 (1.766856845178738E-003,-4.722423305713209E-004)
 (-1.065882402156272E-003,1.712283300773785E-003)
 (5.500487603167419E-004,-1.766869893495335E-003)
 (-7.842495084013981E-004,3.462379577754472E-004)
 (-4.449127526246824E-004,1.260183478263697E-003)
 (-4.497484669881799E-004,-4.842700249622866E-004)
 (4.356443615578056E-004,4.741828671294810E-004)
 (-5.681918925594040E-006,1.373206663664114E-004)
 (-3.359541294000402E-004,-3.027721717632472E-005)
 (5.605737361000650E-004,-2.662367522343119E-004)
 (-1.721861982332095E-005,2.666220026720507E-004)
 (-1.688154209958988E-005,1.701871044312281E-004)
 (5.175177415809648E-005,-7.776870422753266E-005)
 (1.537466411708828E-004,1.423619828329597E-004)
 (1.019539415610154E-005,-8.673976973553089E-005)
 AAAAAA
 (3.357285287772168E-002,-4.014122911242178E-002)
 (4.839478921141490E-003,7.338584690973880E-002)
 (-9.008208025121948E-003,5.220012210237969E-004)
 (-6.484683971068871E-003,-5.486927015133476E-003)
 (-1.034302816671316E-002,-8.243287325923639E-003)
 (-5.248720891467466E-004,-5.992302904430190E-003)
 (-1.278803066366078E-002,1.175346958645327E-003)
 (-1.334461870380029E-002,1.604862152351454E-003)
 (-1.618603209213315E-003,1.931446721214394E-003)
 (-1.041522162310484E-002,-8.542536381526987E-003)
 (-1.912198261073018E-003,2.198938084769468E-003)
 (-5.440673458909455E-004,-5.482182826159931E-003)
 (-8.229371250421386E-003,-6.973899382372951E-003)
 (-1.866997720198937E-003,2.603070545663314E-003)
 (-8.636658020717641E-003,9.884552036423587E-004)
 (-2.139703871029893E-004,-3.937000949575289E-003)
 (-6.286015315668402E-003,8.976429282310612E-004)
 (-1.085179545430933E-003,1.483846539881156E-003)
 (-5.020262830390499E-003,-4.310285883321927E-003)
 (-3.903474232097932E-004,-2.859097696050687E-003)
 (-5.323047151508632E-003,5.519588384588967E-004)
 (-3.981122711145062E-003,-3.375671292068487E-003)
 (-1.030976611722913E-003,1.140141089704017E-003)
 (-2.537115626201749E-004,-2.399263027824019E-003)
 (-3.235346186506064E-003,-2.585117949764739E-003)
 (-3.169271937727677E-003,2.098562431634096E-004)
 (-2.809039469006876E-003,2.742421804836987E-004)
 (-1.952859827746036E-003,-1.600208044840230E-003)
 (-7.586685325938156E-005,-1.126213542586501E-003)
 (-9.207337775564921E-005,-1.093895832849747E-003)
 (-1.811685886008802E-003,-1.527215585213555E-003)
 (-2.080758426068276E-003,2.129440090067265E-004)
 (-2.945587875228660E-004,3.631008229734318E-004)
 (-1.942953602049840E-004,2.046023930034854E-004)
 (-3.265621817616724E-004,3.224873762352818E-004)
 (-1.361726809333748E-004,-1.203670890507597E-003)
 (-1.113869606023722E-004,-5.811533970997594E-004)
 (-1.175176322100824E-004,-9.806893619872738E-004)
 (-1.388031621021576E-003,1.431475849687189E-004)
