 AAAAAA
 (-6.928243364633942E-003,9.567499893197030E-002)
 (1.406722581567404E-003,3.742261803495561E-004)
 (-3.908129214281304E-003,-3.848142113911548E-003)
 (-8.607546113466884E-003,-8.771350112767646E-004)
 (-8.856513697459451E-003,-5.923350949284882E-004)
 (4.040415560499586E-005,6.141093381472387E-005)
 (8.085364282985194E-004,-9.192203534130642E-003)
 (1.936721015004680E-004,-1.746296763942671E-004)
 (-8.143731380109185E-003,-9.894911277794577E-003)
 (-7.277977253845803E-003,-8.707263634104626E-003)
 (3.553119780963371E-004,-6.946439888749489E-003)
 (-6.833318534396522E-003,-6.264693865551134E-004)
 (-7.028057168931657E-003,-5.385482911502386E-004)
 (-6.307170246408610E-003,-5.521182917085878E-004)
 (3.062822044948678E-005,1.066938440757233E-004)
 (-4.980264800381560E-003,-5.586809985662215E-003)
 (-4.030928311137203E-003,-4.702472797766108E-003)
 (6.283677432544713E-004,-4.252508853286520E-003)
 (-3.491890178700171E-003,-2.664710495462019E-004)
 (2.987499015108849E-004,-3.295420613420338E-003)
 (-2.798935784376704E-003,-3.133287247033392E-003)
 (-2.353915569024189E-003,-2.673301767832493E-003)
 (-2.283556549745533E-003,-2.689351353009500E-003)
 (-2.443860569938657E-003,-2.753248487184954E-003)
 (1.924554935383020E-004,-2.350863925583894E-003)
 (-2.287731491196258E-003,-9.424936566971909E-005)
 (1.946326936354982E-004,-1.903903739017955E-003)
 (-1.877218864285478E-003,-1.606533193874133E-004)
 (1.704061758739879E-004,-1.797007121642113E-003)
 (1.406173507528492E-004,-1.736844748174820E-003)
 (3.280646577660644E-005,-8.401001090508546E-006)
 (7.387286763975627E-005,1.953963276979762E-005)
 (-9.626621257071325E-004,-1.185934221980348E-003)
 (4.176832691582836E-006,-4.386566100146948E-005)
 (9.020449225075565E-005,-9.846013850232866E-004)
 (-9.030752282660585E-004,-1.090350899122295E-003)
 (2.237345054955335E-005,-4.246789488275954E-005)
 (1.458027753210042E-005,-8.399249125324752E-006)
 (-8.544356563019211E-004,-9.844126994485835E-005)
 (1.857466394732191E-005,3.312224519231086E-005)
 (1.733325750412644E-005,3.245772156995462E-007)
 (7.333775960853344E-006,6.484527896205604E-007)
 (-8.876059720720919E-002,-6.973575212374029E-002)
 (-3.179791608087566E-002,-0.262866614714574)
 (-4.461235661572933E-003,1.772682434216636E-003)
 (7.464453526161581E-003,-1.075305159037506E-002)
 (8.206888158040574E-003,-9.158581580510203E-003)
 (4.561968621848347E-004,3.786080113061021E-003)
 (1.037749111638085E-002,7.880669877435860E-003)
 (3.029810271439920E-003,2.401969259204738E-002)
 (7.131636923177549E-004,-1.968957036206629E-004)
 (-5.794079070122448E-003,9.158484224053905E-004)
 (4.165157856258212E-003,3.314987237569859E-003)
 (-5.863741439850873E-003,7.478662858093538E-003)
 (-6.054669287375799E-003,7.614861903582629E-003)
 (-6.511079953535026E-003,8.377358915343861E-003)
 (9.649914118133403E-004,9.980249961142095E-003)
 (-1.645693583750931E-003,1.936469147928576E-004)
 (-1.847985409175998E-003,1.978123611871330E-004)
 (2.532509942394183E-003,1.908130563594951E-003)
 (-2.071685307531084E-003,2.538873210556599E-003)
 (1.350311907964527E-003,1.164653347592572E-003)
 (-1.874418365072391E-003,2.210708248464815E-004)
 (-1.050597589922493E-003,2.722252877815079E-004)
 (-9.370112367831998E-004,1.766549634405332E-004)
 (-1.068821438928564E-003,1.611042329106503E-004)
 (1.608659539104612E-003,1.171135762361371E-003)
 (-2.177872236618798E-003,2.900934892564774E-003)
 (1.097960407598198E-003,8.361824632744347E-004)
 (-1.414698845667868E-003,1.821983146468328E-003)
 (8.171617033547897E-004,7.057412477581615E-004)
 (8.501617538416400E-004,7.573204378201390E-004)
 (2.293810922317556E-004,2.016286188882615E-003)
 (2.247523701611186E-004,2.008164839914742E-003)
 (-6.649930535708841E-005,1.815984308468433E-005)
 (3.706283781403933E-004,2.948716121024611E-003)
 (7.413672361594500E-004,6.185756448883648E-004)
 (2.326093612026861E-004,-1.624721680963163E-005)
 (2.647778400828964E-004,2.036681088356293E-003)
 (2.859378917661056E-004,2.104302855312646E-003)
 (-5.547859806310510E-004,7.044276737067989E-004)
 (2.002468171233492E-004,1.378458757520195E-003)
 (5.517423115909697E-005,8.370963170514969E-004)
 (8.174037354806158E-005,4.986432644516137E-004)
 (-0.280910718879091,0.361134544959666)
 (-8.753142309857245E-002,0.238056420293810)
 (-8.204114388146513E-003,3.049457413672435E-002)
 (-8.516902542554244E-003,1.449908654471205E-002)
 (1.884543490448407E-002,3.282296657812720E-003)
 (9.106699295564414E-003,-2.529581047403569E-002)
 (4.754817605893720E-003,-2.214026902280588E-002)
 (2.667758550737872E-002,-4.302203261108096E-003)
 (-2.453735473492685E-004,-4.354967018599720E-003)
 (-1.481112711136108E-003,-7.097446548780053E-004)
 (-2.506941361401518E-003,-2.012187479235905E-003)
 (-8.017482550601476E-004,-1.879341906569027E-003)
 (1.168063681906193E-003,1.283710034156705E-003)
 (7.662091214015788E-004,4.428730670842327E-004)
 (9.064499822972735E-004,-7.803375004755342E-004)
 (3.630830567797569E-004,-2.572882427397627E-004)
 (2.855815426068245E-005,-6.318727885787745E-005)
 (-4.060099950523650E-004,3.369353945220663E-004)
 (-4.134093542375825E-004,4.029083593466598E-004)
 (3.401671325897547E-004,8.738847201016347E-004)
 (2.772253794891951E-004,5.260226618122822E-005)
 (3.069432068834023E-004,-1.304561732541062E-004)
 (-8.819659708329402E-005,4.263669791056403E-004)
 (2.211233748712167E-004,2.934490179720096E-004)
 (-1.148419757275727E-004,4.569707887429359E-004)
 (-2.399641887415701E-004,1.998318572104106E-004)
 (-4.753336892878291E-004,9.280777990318782E-004)
 (-5.041636695103907E-004,1.881285902812174E-005)
 (1.729520170202228E-004,-9.859860764912403E-004)
 (-1.072395527579083E-003,6.140536721264093E-004)
 (6.983409544027353E-004,-9.524619198991729E-004)
 (1.249557301959073E-003,6.405745797170186E-004)
 (-1.445776779563645E-004,-5.568497967691115E-004)
 (-9.549638181671519E-004,9.340143577907362E-005)
 (-1.330531970064741E-003,-1.404720018492195E-004)
 (2.897110216145119E-004,-2.914120396786546E-005)
 (3.644589119774554E-004,1.050538135295626E-003)
 (-1.441348265245744E-003,-3.430851595134198E-004)
 (4.971179534605263E-004,-2.652120188998354E-004)
 (-1.346241934631868E-003,1.836991393670759E-004)
 (-3.014124671396354E-004,7.387800672490570E-004)
 (1.496436620886879E-004,5.360301537542661E-004)
 (0.127663496491857,0.347357147031960)
 (-0.336785894622235,5.554811273716184E-002)
 (2.195394347363737E-002,-7.017628706701497E-003)
 (-1.086670049947588E-002,-2.017201215621078E-002)
 (1.961178061530311E-002,4.417865517092794E-003)
 (3.587321421799816E-002,-6.454865902422180E-003)
 (4.968529078422338E-003,-2.405054023844914E-002)
 (9.010876839933145E-003,-1.965542092376867E-002)
 (-3.107235951316375E-003,-1.562199387092156E-003)
 (-3.546531249961238E-004,-2.227493049409885E-003)
 (3.343859269202006E-003,-2.941458492168439E-003)
 (-3.886730870415530E-004,1.469971917721464E-003)
 (1.065923844981667E-003,-9.986896998123132E-004)
 (8.218587320626152E-004,-2.781333634459665E-004)
 (1.302837860520181E-003,-7.676061388124879E-004)
 (-1.356094663322410E-004,3.306139888264730E-004)
 (-3.122070182641167E-006,-3.922415649258715E-005)
 (3.043899254077349E-004,1.860635659175074E-004)
 (-5.169781024575443E-004,-5.862312132501831E-004)
 (-6.460064074219718E-004,9.560488359932489E-004)
 (5.933892775477652E-005,3.134197996248310E-004)
 (-5.494646915574653E-005,3.834306325896861E-004)
 (3.077577123254403E-004,-1.063875621289732E-004)
 (2.373946418280059E-004,3.214724398621253E-004)
 (-7.998292725951787E-005,4.573593385341412E-004)
 (-2.636330982942754E-004,-3.182984168546826E-004)
 (9.049974395560592E-005,8.753688550652807E-004)
 (-5.038860979283085E-004,-2.574756917735120E-004)
 (2.375466454029235E-004,-1.058155936832725E-003)
 (8.008334562394545E-004,4.197847450944514E-004)
 (1.397011816843173E-003,-4.993386260793836E-004)
 (-6.631524466052866E-004,-9.921525898543733E-004)
 (-3.798428187104849E-004,-3.443143117384379E-004)
 (-3.028912298426514E-004,6.522564809828800E-004)
 (1.375291230607429E-003,-5.078001512568880E-004)
 (9.407786234285210E-006,3.348033559102317E-004)
 (-1.365641282860570E-003,-3.012397821607373E-004)
 (3.203657677335799E-004,1.040792798534381E-003)
 (5.936454210222345E-004,4.000324323154335E-004)
 (-4.381704246623416E-004,9.484657592413738E-004)
 (-1.032750130189262E-003,1.847125947909060E-004)
 (-6.948035777424577E-004,-1.601908464989489E-004)
 AAAAAA
 (-4.225954335777055E-002,0.115417664337350)
 (1.439081048075178E-003,-5.174327509811644E-004)
 (-2.341197032169670E-003,-4.725135022683623E-003)
 (-8.257981429420667E-003,-3.351961711378362E-003)
 (-9.204352185321269E-003,-3.356712109873663E-003)
 (-2.131634181515201E-004,1.852017922775000E-004)
 (3.339597674572757E-003,-8.611174629844842E-003)
 (-4.955157665440055E-005,2.809001782646992E-004)
 (-5.764899386324141E-003,-1.233647471402815E-002)
 (-4.167895026291793E-003,-9.657022693288169E-003)
 (-6.972107099585851E-003,-2.343230174852940E-003)
 (-6.807008868288904E-003,-2.409171851198983E-003)
 (2.373231536540382E-003,-6.319858686625381E-003)
 (-3.803371948869350E-003,-8.481674769332913E-003)
 (-5.799767701499011E-003,-2.170773516588263E-003)
 (-9.300753121366766E-006,2.372064119113995E-004)
 (1.836773809442180E-003,-4.278169528305625E-003)
 (-2.313095174185549E-003,-5.629637326307544E-003)
 (-1.778433985657809E-003,-4.046271800706763E-003)
 (-2.776677357404023E-003,-1.012259967918046E-003)
 (9.661552778500819E-004,-2.567583089032590E-003)
 (-1.509586981845188E-003,-3.383467348332871E-003)
 (8.051313108112750E-004,-2.327762639071741E-003)
 (-2.025628906220894E-003,-8.634191688704925E-004)
 (-1.283828985316026E-003,-2.936858879621001E-003)
 (-1.329749106207875E-003,-2.838486472796466E-003)
 (7.681357350253495E-004,-1.958725077831295E-003)
 (1.225480983148806E-005,8.171744212879216E-008)
 (6.566329119171709E-004,-1.682498011184992E-003)
 (6.053846605089449E-004,-1.703574942158502E-003)
 (5.859196499849808E-005,4.396839559024505E-005)
 (-1.569991334434932E-003,-5.567249333778368E-004)
 (4.669266675287792E-004,-1.183767436928226E-003)
 (-7.405872379352924E-004,-1.668787452162814E-003)
 (-4.607114371404453E-005,6.061388771279970E-005)
 (-1.056463007542891E-003,-4.098869595226657E-004)
 (-1.114386720214812E-005,6.313845528845116E-005)
 (2.100828233123103E-005,2.204786084353684E-005)
 (-1.915452696324167E-005,5.803421372515378E-005)
 (-4.256198316196434E-004,-9.756933311422968E-004)
 (0.000000000000000E+000,0.000000000000000E+000)
 (0.000000000000000E+000,0.000000000000000E+000)
 (0.168347437612511,8.372637464290557E-002)
 (0.130767562808510,0.439684615908806)
 (4.224037018112093E-003,-1.766219208187022E-003)
 (-1.000258155902682E-002,1.669433581494847E-002)
 (1.308260451867793E-003,-2.091928868198034E-003)
 (-5.034318514309626E-003,-1.675258744214853E-002)
 (-1.480874258736277E-002,-7.352279650838274E-003)
 (-6.943099585141589E-003,-2.431752820792697E-002)
 (-4.069918598896246E-004,7.305078704510732E-005)
 (3.208003577653167E-003,-8.501712775815752E-004)
 (4.861776251420754E-003,-9.315345523431644E-003)
 (4.918331114643699E-003,-9.249950174097183E-003)
 (-5.879716165258699E-003,-3.148281811363614E-003)
 (1.918844188977412E-003,-5.694302982062801E-004)
 (4.825184614202433E-003,-8.747838624446478E-003)
 (-2.905635185928627E-003,-8.918187807627967E-003)
 (-3.528786186512946E-003,-1.854742470750343E-003)
 (1.321924429123197E-003,-2.758260433152911E-004)
 (1.751209554472996E-003,-5.828421743214096E-004)
 (1.725413311022334E-003,-2.864412102228938E-003)
 (-1.641146200477102E-003,-9.940674274352150E-004)
 (7.456789885560379E-004,-2.766247801564819E-004)
 (-2.072366339311814E-003,-1.113057165244001E-003)
 (1.755540467885648E-003,-3.187230237976540E-003)
 (8.679240429879512E-004,-1.475055758710726E-004)
 (7.701774250857599E-004,-3.136435460300921E-004)
 (-1.814417307694696E-003,-9.955744089829755E-004)
 (-9.431805873186248E-004,-3.160181452496519E-003)
 (-1.292837705088054E-003,-6.944877639423075E-004)
 (-1.212580184433008E-003,-5.436464408678937E-004)
 (-6.390326077198179E-004,-2.015484237634661E-003)
 (8.345997692053786E-004,-1.648568362226658E-003)
 (-1.514744557075786E-003,-8.009552492414831E-004)
 (-3.918856312087209E-005,2.024286822051795E-005)
 (-9.174266128737086E-004,-2.842076276867013E-003)
 (6.607184804072895E-004,-1.291953742332790E-003)
 (-6.647146096132000E-004,-2.246112759031198E-003)
 (-4.318680359112708E-004,-1.527861675827471E-003)
 (-3.690128776548704E-004,-1.168110712467491E-003)
 (9.417055194352965E-005,-2.450996788909144E-005)
 (0.000000000000000E+000,0.000000000000000E+000)
 (0.000000000000000E+000,0.000000000000000E+000)
 (-0.436445390934194,0.440846632903385)
 (8.428875036967093E-003,1.973268057066214E-002)
 (1.226287432991857E-004,5.898265698667310E-002)
 (4.012203497517162E-003,7.290763089255727E-003)
 (3.545597423866366E-003,2.369116927247057E-003)
 (-1.980816917571253E-004,-1.331409578403387E-003)
 (6.838769637778152E-003,-7.638475798736399E-003)
 (1.746150462837914E-002,-5.123123961245370E-004)
 (-1.377991281555765E-004,-7.644250632655933E-003)
 (2.660809228140088E-005,4.119720328890964E-004)
 (-3.321880286088312E-004,-6.453144156072189E-004)
 (6.614854045151818E-004,4.811995460694710E-004)
 (-1.102752480305036E-003,9.010415201548964E-004)
 (1.272330648623577E-005,-7.989381302420100E-004)
 (4.214155511423310E-004,2.335214587591021E-004)
 (2.411648694957947E-004,-1.459939655280329E-004)
 (-3.720764704876075E-004,2.724014264543373E-004)
 (2.335370084500019E-005,6.652729972789128E-004)
 (2.480562974985771E-005,1.685392744796341E-004)
 (1.107705751186875E-004,8.177977297259357E-005)
 (-7.621404339954374E-005,5.708675376369156E-005)
 (5.848964483699424E-006,9.580170194644313E-004)
 (-3.618994850406204E-004,3.413571670682088E-004)
 (8.602386741796792E-005,5.877327370608147E-005)
 (1.844123816291778E-006,-2.292577001512463E-004)
 (5.681468255783380E-006,4.304469089643562E-004)
 (3.165752676304151E-004,-3.816219862471685E-004)
 (1.866249319373356E-004,-8.309655631363769E-005)
 (-1.212212637618974E-003,1.179611459005816E-003)
 (-9.144221486174431E-004,9.098922852672991E-004)
 (1.654669047169783E-003,3.366141877245495E-005)
 (-5.003967100926441E-005,-4.114892918392681E-005)
 (-1.258407044076133E-003,1.153599943428694E-003)
 (1.076270226805045E-006,-8.938660659688794E-004)
 (-8.808692276338283E-004,5.109856792431887E-006)
 (6.038973931054922E-005,-4.051661550792674E-005)
 (-1.619330699060894E-003,-5.337523779512434E-005)
 (5.204623365310452E-004,2.172090784267714E-005)
 (-8.707837894633023E-004,-1.474005645674103E-005)
 (7.939686572422727E-006,-1.126249173194202E-004)
 (0.000000000000000E+000,0.000000000000000E+000)
 (0.000000000000000E+000,0.000000000000000E+000)
 (-0.322057977391585,-4.251846522068638E-002)
 (-0.288230887330994,-0.443687508559107)
 (5.719771730461329E-003,-1.285691071898844E-003)
 (5.375789897100745E-003,-2.415774416062264E-002)
 (-6.921791530588705E-003,3.344772914415887E-002)
 (2.108285282286045E-002,3.272031467253207E-002)
 (2.530966681051612E-002,4.816366555265886E-003)
 (1.035943068918934E-002,1.522276315889027E-002)
 (1.899152435162411E-003,-1.686951027535726E-003)
 (4.582983184736776E-003,-2.785736606191672E-003)
 (-4.358327694081577E-004,1.486224029702098E-003)
 (-3.586371143171552E-004,1.533555441704398E-003)
 (8.629297699623619E-003,2.001231166045258E-003)
 (2.869985940647898E-003,-1.718416608614097E-003)
 (-2.269161586951077E-004,1.135716282481225E-003)
 (2.651920781776505E-003,4.169349159784852E-003)
 (4.426611736958550E-003,1.149055172546186E-003)
 (2.000683113013913E-003,-1.101303928314351E-003)
 (2.031967546736648E-003,-1.214180962153832E-003)
 (-9.030404476069302E-005,1.261670436799583E-004)
 (1.747735998488297E-003,4.858594718719721E-004)
 (1.323257248216201E-003,-7.164926330471891E-004)
 (2.169460760113907E-003,4.924449388330433E-004)
 (1.079636743633843E-004,-3.830219760491453E-004)
 (1.054697079118107E-003,-6.950488677423693E-004)
 (1.072851977319548E-003,-6.064662707255008E-004)
 (2.684499334162570E-003,6.261321650460718E-004)
 (1.570427388077867E-003,2.416356020609542E-003)
 (1.586736102957988E-003,4.369544106525781E-004)
 (9.533099228879938E-004,1.960971097695212E-004)
 (4.931952121479896E-004,7.159582237928020E-004)
 (2.011607977296230E-004,-8.605898480620193E-004)
 (2.336922964469198E-003,6.146670328444025E-004)
 (3.257771302969530E-004,-2.265142267313286E-004)
 (-5.276911623821576E-005,5.940501850663801E-005)
 (-3.623672969725766E-004,1.733934819860955E-003)
 (2.778660324979355E-004,5.926970648980535E-004)
 (-2.521908297287621E-004,-3.498857485677907E-004)
 (-2.640522988969486E-005,6.392214154054432E-005)
 (1.198397057562322E-004,-4.875974832390488E-005)
 (0.000000000000000E+000,0.000000000000000E+000)
 (0.000000000000000E+000,0.000000000000000E+000)
 AAAAAA
 (3.203505250964439E-003,-8.239250423894562E-004)
 (-4.925382615625706E-002,0.139542182933772)
 (-8.372312470667507E-003,-2.672818645815760E-003)
 (-2.422344619079626E-003,-5.344058628752620E-003)
 (-8.853966154567357E-003,-2.829160729106280E-003)
 (2.181967940395081E-004,-5.566729627211331E-006)
 (-2.255812567158013E-004,1.991612405788587E-004)
 (2.153724238388113E-003,-8.455961622128147E-003)
 (-6.166857203493253E-003,-1.268143044899895E-002)
 (-4.848691485006274E-003,-1.036716170509239E-002)
 (-7.008883087246759E-003,-2.382450915087411E-003)
 (-6.886001800173501E-003,-2.092779364438910E-003)
 (-4.282525817698825E-003,-8.542679110751777E-003)
 (1.814756321002677E-003,-5.656034393509858E-003)
 (-5.407435146978698E-003,-1.694448272874830E-003)
 (1.497346211496485E-003,-4.640038110483963E-003)
 (-5.210581219915840E-005,2.026313127518014E-004)
 (-2.725846122460648E-003,-5.417677878664070E-003)
 (-2.093375811775270E-003,-4.047467288660300E-003)
 (8.499923150931271E-004,-2.450855257511086E-003)
 (-1.795175258493511E-003,-3.560789216336867E-003)
 (-5.342646795434029E-005,4.173281489677078E-005)
 (7.786078128203330E-004,-2.409480993965994E-003)
 (-2.457223142153798E-003,-6.985960980359745E-004)
 (7.330274221278266E-004,-2.294349133964351E-003)
 (-2.176748522341421E-003,-6.830385374103270E-004)
 (-1.311129856249414E-003,-2.556067871531271E-003)
 (-1.242492152506697E-003,-2.476746955534828E-003)
 (6.145596119593126E-004,-1.703567618604758E-003)
 (4.876763011912590E-004,-1.562500089142807E-003)
 (4.821238102788064E-004,-1.513785799244319E-003)
 (-1.400053147086107E-003,-4.914157680956360E-004)
 (-8.058119008275025E-005,6.650827039293846E-005)
 (-9.366958612443265E-004,-1.772106382536483E-003)
 (-1.107782536076303E-004,1.497557388470004E-005)
 (-1.334139967841624E-003,-4.864754967118405E-004)
 (-7.418852320377825E-005,3.718129258296020E-005)
 (-4.986555206978980E-005,1.322247263624992E-006)
 (-5.307283719903443E-005,9.479309922992599E-006)
 (0.000000000000000E+000,0.000000000000000E+000)
 (0.000000000000000E+000,0.000000000000000E+000)
 (0.000000000000000E+000,0.000000000000000E+000)
 (0.310897169321737,0.606716039072004)
 (0.230980492136539,7.513271806244051E-002)
 (-9.501325131687341E-003,3.044477198724957E-002)
 (2.363642760305574E-003,-3.000978823018942E-003)
 (4.296404533129166E-003,-1.165182937957055E-002)
 (-1.036012492032703E-002,-2.014305090187333E-002)
 (-1.100900540696682E-002,-2.172010890677909E-002)
 (-1.563525236659353E-002,-5.636414548603580E-003)
 (-1.455099675040084E-003,4.578526360731446E-004)
 (5.340663859084525E-004,-5.993210039734933E-004)
 (3.256399980265486E-003,-9.104793084355804E-003)
 (2.904539202400795E-003,-8.954530802618172E-003)
 (6.633169177077810E-004,-7.046913959584092E-004)
 (-7.401614808834743E-003,-2.274561727319297E-003)
 (2.431772657194097E-003,-7.396482255531615E-003)
 (-5.243888004418300E-003,-2.003334811063885E-003)
 (-3.372953255499288E-003,-6.800129039044819E-003)
 (3.970518516377285E-004,-3.867891295271401E-004)
 (5.256388489668592E-004,-3.561890087816172E-004)
 (-2.962804868740251E-003,-9.388011088528543E-004)
 (1.746786280591459E-004,-1.499352503328657E-004)
 (-2.111719021819600E-003,-4.014062749180192E-003)
 (-2.930166344451670E-003,-1.076390847308531E-003)
 (8.870081798510647E-004,-2.512375606750222E-003)
 (-2.108172840052164E-003,-7.350550275225410E-004)
 (8.789132952922833E-004,-2.858266249625013E-003)
 (2.585607947687737E-004,-1.597165842106979E-004)
 (2.247932946109262E-004,-2.140251892387500E-004)
 (-1.813479862233358E-003,-5.691704169526232E-004)
 (-2.282769375842527E-003,-7.687436543999406E-004)
 (-1.320293634451026E-003,-4.769148967525236E-004)
 (6.441105904447902E-004,-1.939292989297390E-003)
 (-9.182686369766820E-004,-1.873830702735077E-003)
 (-1.330172217732841E-004,3.270215633978185E-005)
 (-1.282896336307669E-003,-2.528222616777386E-003)
 (3.136391706186347E-004,-1.052752086959964E-003)
 (-1.082081911798690E-003,-2.188475316642876E-003)
 (-5.927482039171539E-004,-1.145911171892228E-003)
 (-5.277238367954569E-004,-9.759136059141534E-004)
 (0.000000000000000E+000,0.000000000000000E+000)
 (0.000000000000000E+000,0.000000000000000E+000)
 (0.000000000000000E+000,0.000000000000000E+000)
 (0.323001544139756,0.296408402459769)
 (0.172201780807450,-1.058095749446288E-002)
 (-1.088512721515054E-004,2.051683689754379E-002)
 (-7.363538563365000E-003,8.571627179173945E-003)
 (-4.180688811681525E-004,-2.544291556013038E-002)
 (-1.596979309309227E-002,-1.536076803124346E-002)
 (-6.491649347889592E-003,-5.941127701372584E-003)
 (-1.291727615478309E-002,9.669353402765558E-004)
 (8.999610200585717E-005,5.614780807555396E-004)
 (-2.446943156633252E-003,2.635184311062317E-003)
 (1.108897264377292E-004,2.731843500986138E-004)
 (1.165687799868616E-004,2.808705732953475E-004)
 (-2.681768853111918E-003,3.022853417091592E-003)
 (-5.093180309365085E-003,4.271456456565935E-004)
 (7.755983184121717E-005,4.054356650520337E-004)
 (-3.373537115241863E-003,2.125186696623477E-004)
 (-1.455673707150379E-003,-1.348023874205789E-003)
 (-1.110478118028458E-003,1.294183113542378E-003)
 (-1.689749440722326E-003,1.903931051442245E-003)
 (-1.714618918544810E-003,1.375882629355313E-004)
 (-9.215761766194939E-004,1.112831550909320E-003)
 (-1.520696632969553E-003,-1.328860650677963E-003)
 (-2.053332584369857E-003,1.483882459233254E-004)
 (7.392153606935592E-005,2.520324254240488E-004)
 (-1.188516800811749E-003,1.168365026801849E-004)
 (2.719502539339524E-005,1.038671723539300E-003)
 (-7.349270228122755E-004,8.460703279879718E-004)
 (-7.624759635296604E-004,8.174480556507679E-004)
 (-1.161316778520370E-003,1.107672844643014E-004)
 (-1.747527441000567E-003,1.214818598548943E-004)
 (-5.176715695779782E-004,8.027894569937884E-005)
 (-1.233763703891274E-005,-1.327919732050635E-003)
 (-2.197068081028372E-004,-2.016312628412720E-004)
 (1.832037768341646E-005,6.371651286610935E-005)
 (3.188069118734486E-004,3.143579640806894E-004)
 (8.564297966635707E-006,1.110271816563124E-003)
 (-9.138230479664754E-005,-9.287214488796748E-005)
 (2.508571920688641E-004,2.792732087284237E-004)
 (-6.005511459257251E-006,2.066676159079276E-005)
 (0.000000000000000E+000,0.000000000000000E+000)
 (0.000000000000000E+000,0.000000000000000E+000)
 (0.000000000000000E+000,0.000000000000000E+000)
 (-8.451978105991496E-003,1.082616579556656E-002)
 (-0.178735985349255,0.636626434873911)
 (4.107523753028433E-003,5.247531428352861E-004)
 (2.820044296653952E-002,4.846129545423570E-002)
 (2.379554915176861E-003,8.278298628660395E-005)
 (4.964072009839477E-004,-3.122605037768448E-004)
 (9.546951799328114E-003,-5.359679071071681E-003)
 (1.741894382941511E-003,-6.539756997181155E-003)
 (-3.622001056004125E-003,-6.280763062330370E-003)
 (-7.922436873072179E-004,-1.445047174082772E-003)
 (-2.335932273236161E-004,-6.646883313186989E-006)
 (3.002206570221424E-004,1.260006410993898E-004)
 (-8.231088350865224E-005,-6.375703103380719E-005)
 (-1.643043244990405E-004,4.912478383116149E-004)
 (1.248301346568956E-004,5.429030969229905E-005)
 (3.012316636737371E-005,-1.179942938795195E-004)
 (-1.622101435524457E-005,3.083631369961771E-005)
 (4.079137749288544E-004,7.554342177454085E-004)
 (-5.514934687187974E-005,-7.878367808362376E-005)
 (-7.390687770753609E-005,2.257795693714081E-004)
 (3.641458043476408E-004,6.849599690604566E-004)
 (2.904937896872832E-004,-1.549274464705593E-004)
 (1.693085623129251E-004,-6.148673962000188E-004)
 (4.582636626369939E-005,2.625766794892591E-005)
 (2.666680422008390E-005,-4.402867237231760E-005)
 (1.851458479489622E-005,1.434955470912420E-005)
 (-2.471162049398471E-004,-4.078481231415272E-004)
 (2.048872207581935E-004,3.678329328195062E-004)
 (-4.504013670507695E-004,1.507833375286383E-003)
 (-3.266365387364456E-004,1.101702966125953E-003)
 (-3.667975040544595E-004,1.304907358329947E-003)
 (3.689855569155226E-005,7.531149303020572E-006)
 (1.335223109526787E-003,-7.261940177934196E-004)
 (-4.532901967486463E-004,-7.857713016742897E-004)
 (-6.519372790471174E-004,3.527296193788819E-004)
 (-7.084119950465940E-005,-7.625925044845212E-006)
 (-1.246340876425632E-003,6.671635528261408E-004)
 (2.929957689411872E-004,-1.541242226266941E-004)
 (-4.629303512903605E-004,2.651073799980197E-004)
 (0.000000000000000E+000,0.000000000000000E+000)
 (0.000000000000000E+000,0.000000000000000E+000)
 (0.000000000000000E+000,0.000000000000000E+000)
 AAAAAA
 (3.414527563329902E-002,-1.813604120784684E-002)
 (-6.995013366417445E-002,0.152200299249817)
 (-9.270322035887835E-003,-4.759376400584652E-003)
 (-2.333758132481801E-003,-4.879164169273160E-003)
 (-8.320087978129357E-003,-3.627691001359701E-003)
 (-4.396067221204545E-004,5.055920204845923E-004)
 (-5.410962985744503E-003,-1.341176773537406E-002)
 (-9.488010894023461E-004,6.069908865333519E-004)
 (3.414106952811441E-003,-6.453169069199934E-003)
 (-5.146841262667888E-003,-1.331656884019086E-002)
 (-7.039749143711821E-003,-2.959457256530388E-003)
 (-7.156142812219872E-003,-3.061383883671160E-003)
 (-3.203553655358424E-003,-7.702196618841813E-003)
 (2.106520495629726E-003,-4.939322008286225E-003)
 (2.405762205841766E-003,-4.661584614436745E-003)
 (-5.205335934264672E-003,-2.000682141256294E-003)
 (-1.290146152718497E-004,2.705202294602960E-004)
 (-2.235238869125784E-003,-5.680023505799878E-003)
 (-1.762691429161379E-003,-4.569255301121278E-003)
 (-1.323933479385271E-004,2.635096959501303E-004)
 (1.106233037565061E-003,-2.492273143042536E-003)
 (1.098320647860870E-003,-2.492920360339144E-003)
 (-1.423404345335597E-003,-3.804809046928137E-003)
 (8.281081990589116E-004,-1.796021875436435E-003)
 (-2.337349178768740E-003,-9.319466044544867E-004)
 (-2.205890273417913E-003,-9.508539712679353E-004)
 (-1.926764060352025E-003,-7.639491890646682E-004)
 (9.284612175865666E-004,-1.872659126667888E-003)
 (7.051644048264534E-004,-1.571403119006515E-003)
 (-9.922850147153714E-004,-2.498915604551374E-003)
 (-9.748205388844355E-004,-2.495399639831542E-003)
 (-8.340062615982270E-004,-2.088745048950510E-003)
 (-3.012094556641428E-004,1.460134955287491E-004)
 (5.798759099461895E-004,-1.419040172753471E-003)
 (-1.294564843995232E-004,6.013520660790028E-005)
 (-2.315660231318000E-004,1.156517804027287E-004)
 (-1.189850350498050E-003,-5.073349313422903E-004)
 (-1.042625358313777E-004,8.231619442628950E-005)
 (-9.081276792684498E-005,4.930183670282568E-005)
 (0.000000000000000E+000,0.000000000000000E+000)
 (0.000000000000000E+000,0.000000000000000E+000)
 (0.000000000000000E+000,0.000000000000000E+000)
 (0.218327436748682,0.807113098188127) (0.203757254723748,0.118482539937254)
 (-1.788789289367070E-002,3.535232111018943E-002)
 (1.131953495725162E-003,-4.235140312970708E-004)
 (7.148864331345232E-003,-1.303933570272539E-002)
 (-5.589220753617915E-003,-2.034215365363638E-002)
 (-1.802868703898164E-003,3.944133806843596E-004)
 (-5.397205102310769E-003,-1.886370727739930E-002)
 (-1.117478955102806E-002,-6.712228445162258E-003)
 (-1.004473901919959E-004,3.547575969079881E-004)
 (4.035387048037688E-003,-6.777493070474681E-003)
 (3.713887954590335E-003,-6.876059877065870E-003)
 (-3.749907254126936E-004,-9.328445550303276E-005)
 (-5.947864023010068E-003,-3.412597525108382E-003)
 (-5.434447326990993E-003,-2.945721955141312E-003)
 (2.774075090789043E-003,-4.745267117106227E-003)
 (-1.560400589385072E-003,-5.406376987257900E-003)
 (-2.675176482241539E-004,1.014958340357823E-004)
 (-1.706056873155033E-005,-2.087528163887678E-005)
 (-1.312063796197553E-003,-5.032688713759368E-003)
 (-3.114113355527299E-003,-1.737838605963751E-003)
 (-2.888942470641144E-003,-1.546877186003833E-003)
 (2.408256162210359E-005,-1.969134618258483E-005)
 (-2.546633748662069E-003,-1.361674009761154E-003)
 (1.166589835232808E-003,-2.105764145667297E-003)
 (8.334358631707885E-004,-1.509614748307551E-003)
 (1.175641859118390E-003,-2.158565869921745E-003)
 (-1.494408626265282E-003,-8.077288255547525E-004)
 (-1.657739568400632E-003,-8.815940707214285E-004)
 (4.653012836754968E-005,8.615055955999633E-005)
 (3.476956161973550E-005,4.997468288425581E-005)
 (-1.984351824559128E-004,1.490605817753763E-004)
 (-7.390822512491094E-004,-2.472667027803252E-003)
 (-1.077791631230471E-003,-5.706145343969623E-004)
 (-4.567613289282117E-004,-1.717727625539985E-003)
 (-6.914142237462173E-004,-2.236416202866785E-003)
 (4.084359452662909E-004,-6.909598814770976E-004)
 (-2.575350405159568E-004,-9.704674189760858E-004)
 (-2.581469768837029E-004,-8.619543128239309E-004)
 (0.000000000000000E+000,0.000000000000000E+000)
 (0.000000000000000E+000,0.000000000000000E+000)
 (0.000000000000000E+000,0.000000000000000E+000)
 (0.255170154600284,0.154354282084673)
 (5.023399181074356E-002,-1.081487751022234E-002)
 (3.215951670506916E-003,1.183794092397457E-002)
 (-5.549117945051070E-003,7.962795206178640E-003)
 (-3.261975190672170E-003,-1.581220741268738E-002)
 (-7.542354498328085E-003,-4.731275059067401E-003)
 (8.710584155101411E-004,-1.248729631086219E-003)
 (-9.441020618127806E-004,-7.702413123548491E-004)
 (-3.985467244552074E-003,9.685573700462199E-004)
 (-1.033241933664569E-003,1.902575153771182E-003)
 (5.284802250013808E-004,1.687171713009193E-003)
 (6.002804010834053E-004,1.704376617794692E-003)
 (-9.646730065742118E-004,1.821711631593028E-003)
 (-1.296517090362039E-003,3.499857436643490E-004)
 (-1.050303005864972E-003,1.977430635202557E-004)
 (4.094829632644054E-004,1.094936710185659E-003)
 (1.850291571108087E-004,1.600549725037101E-005)
 (-3.648330108927217E-004,6.522750472141158E-004)
 (-9.726583538350102E-004,1.712170398986284E-003)
 (-6.779036614513291E-004,-5.161339377314606E-004)
 (-6.885679122036145E-004,1.738367261192157E-004)
 (-5.259899072580671E-004,1.570199794296329E-004)
 (-4.087045837375670E-004,7.100398130160195E-004)
 (-6.443329884544080E-004,1.549391852977553E-004)
 (4.135659810095938E-004,1.462019691670504E-003)
 (1.727415610803098E-004,4.968271053095606E-004)
 (-6.703176669983418E-005,-4.555614598380630E-004)
 (5.341094715868779E-005,-4.349516999835617E-005)
 (-2.044395137420677E-004,3.146822189793939E-005)
 (-3.173877985401605E-004,6.225615016351024E-004)
 (-3.467024758407409E-004,6.284491019250993E-004)
 (1.345445791365238E-004,-1.900023189533535E-004)
 (9.189024008097080E-004,5.486220702548147E-004)
 (1.050865355224381E-004,-3.187793966352335E-005)
 (2.281567831195324E-004,1.068320614826346E-004)
 (4.140899545704742E-004,2.372151468099077E-004)
 (1.928829133870576E-004,7.111329046506642E-004)
 (4.188168797298736E-004,2.224060780686297E-004)
 (2.357554685506349E-004,1.263912744127666E-004)
 (0.000000000000000E+000,0.000000000000000E+000)
 (0.000000000000000E+000,0.000000000000000E+000)
 (0.000000000000000E+000,0.000000000000000E+000)
 (-4.465087682099238E-004,-4.905452264374983E-004)
 (0.102585909603862,0.663139025920427)
 (3.038657293905717E-003,-4.709042709909033E-004)
 (4.124985052572966E-002,3.041592198681760E-002)
 (4.444543728028900E-004,-3.411233168498716E-004)
 (1.252527853211217E-004,-6.795656049589583E-005)
 (-5.382197814063548E-003,-4.103732722125326E-003)
 (3.634000611458001E-003,-4.638855934099053E-003)
 (-4.903606153089566E-004,-2.899470036213410E-003)
 (-2.449193971604019E-003,-1.590131059399540E-003)
 (-4.043843679227071E-005,6.258263397604910E-005)
 (1.200707165446855E-004,9.251886198206153E-005)
 (-2.122631915698024E-006,8.292511311336272E-005)
 (3.789866920950498E-005,3.438866915700425E-004)
 (-2.780841358293926E-005,-2.733219064445604E-005)
 (7.074512495705493E-006,6.095329508833769E-005)
 (-2.389124248730408E-004,3.463924653968297E-004)
 (8.770897644632445E-004,7.113487386407657E-004)
 (-5.281959343983980E-006,6.513610118055021E-005)
 (1.658224658170407E-004,-2.259909142451230E-004)
 (-1.011325898537800E-004,-6.395584623827667E-004)
 (3.547123711797005E-005,3.593391975957193E-004)
 (6.210801049521472E-004,4.718482921273565E-004)
 (1.282828317960116E-004,8.332075304294006E-004)
 (2.177263009606329E-005,6.814167372536990E-005)
 (2.533961726841852E-005,2.470949222377021E-005)
 (-6.865544546385898E-006,2.876942449618426E-005)
 (-5.600462967709837E-006,2.728736002370024E-005)
 (2.314855809704479E-004,1.722353855452869E-003)
 (-5.054382616323190E-004,-3.192704552746500E-004)
 (5.093155578863997E-004,4.159840881331787E-004)
 (-7.570599551750847E-004,-5.333616966950609E-004)
 (-3.776195860626526E-004,5.583996114148144E-004)
 (2.138737392498118E-004,1.364898928675259E-003)
 (7.933405706317498E-004,-1.035635226939839E-003)
 (-7.688563495985264E-004,1.099200932229582E-003)
 (-1.008241475435891E-005,1.779782967858288E-005)
 (1.230854691551553E-004,-1.604446807924172E-004)
 (-2.435743475339226E-004,3.317532224667568E-004)
 (0.000000000000000E+000,0.000000000000000E+000)
 (0.000000000000000E+000,0.000000000000000E+000)
 (0.000000000000000E+000,0.000000000000000E+000)
 AAAAAA
 (6.428830502198457E-002,0.141163278011709)
 (3.127826610233003E-003,-6.858892553448568E-003)
 (-2.014498542283213E-003,-1.291244360467619E-003)
 (-8.113991739465462E-003,3.782840302397583E-003)
 (-8.483262515168290E-003,3.699475066129759E-003)
 (9.389680908491408E-005,-1.090193199290495E-004)
 (-3.666828379977220E-003,-7.927533163616803E-003)
 (-1.243678712309028E-004,7.562261216079919E-004)
 (-1.294984459966690E-002,-5.087556361846616E-003)
 (-7.861963233755188E-003,3.521805251492838E-003)
 (-3.179603525492361E-003,-6.817835756602186E-003)
 (-9.933024479025047E-003,-3.871842248778188E-003)
 (-6.325282481977871E-003,2.598942946088196E-003)
 (-8.211261559460699E-003,-3.238540786616725E-003)
 (-5.239407188230678E-003,2.089265692566249E-003)
 (-9.719997763436286E-005,3.696568044568644E-004)
 (-1.676329622439529E-003,-4.075171467328742E-003)
 (-5.134145423894791E-003,-2.114377656324738E-003)
 (-5.049204064694447E-003,-2.050471441062284E-003)
 (-3.093559491779479E-003,1.231583055941985E-003)
 (-1.219006369409745E-003,-2.525355106267932E-003)
 (-2.684875964805057E-003,1.234146301826023E-003)
 (-1.162454267696104E-003,-2.497571470554676E-003)
 (-3.473688172533632E-003,-1.313843360274918E-003)
 (-3.036074931694886E-003,-1.095557186976823E-003)
 (-2.971187750867133E-003,-1.195458525661459E-003)
 (-9.036199423031595E-004,-1.824987674641836E-003)
 (-1.167087981833676E-005,1.322471890783693E-004)
 (-8.916857340648260E-005,9.208633564467564E-005)
 (-6.687673797744927E-004,-1.527539966571021E-003)
 (-1.643275781142511E-003,6.962806387502015E-004)
 (-5.740830700080082E-004,-1.379555656056489E-003)
 (-7.347472637720277E-005,1.576998473460324E-004)
 (-1.656403769247895E-003,-6.385187083644700E-004)
 (-2.979599735151051E-005,9.616110959156690E-005)
 (-4.126901515302898E-004,-9.892233070294787E-004)
 (-9.385855884572266E-004,4.328443155755522E-004)
 (-1.463223983936917E-006,1.089642045227503E-004)
 (-1.050960755402220E-003,-4.073059707106072E-004)
 (1.062626179445516E-005,3.827675391823616E-005)
 (1.579480333898696E-005,1.836273434426840E-005)
 (0.000000000000000E+000,0.000000000000000E+000)
 (-0.259578324745022,6.285160741169829E-002)
 (-0.235231182526513,-0.140231041040960)
 (-1.115879508047605E-002,2.012306249164536E-002)
 (-1.041042225793115E-003,-5.364618760435671E-003)
 (6.115344458214236E-004,-1.188004904609623E-004)
 (1.181439414576462E-002,7.027522294809151E-003)
 (1.213964163026575E-002,-2.698602266748126E-003)
 (1.795573259116236E-002,1.047886301701138E-002)
 (1.093367555538060E-003,-1.063906467245783E-003)
 (2.741704081008516E-003,1.112188789806317E-002)
 (5.926325656209945E-003,-1.400607410534999E-003)
 (-1.790858269057812E-003,3.157247950943913E-003)
 (2.000851340694179E-003,8.253109747970288E-003)
 (-9.447474942452395E-004,1.348447320523521E-003)
 (1.733173608099426E-003,7.522326158923783E-003)
 (6.463131486537021E-003,4.045564318144482E-003)
 (3.305456524901350E-003,-7.980953599687125E-004)
 (-5.948039128538230E-004,1.218879122689338E-003)
 (-1.086795818326273E-003,1.824173673953391E-003)
 (8.452432557456677E-004,3.246332771344447E-003)
 (2.309517396316042E-003,-5.821958282797253E-004)
 (1.047403634068998E-003,4.083024940564141E-003)
 (1.802179364326817E-003,-4.534543051433114E-004)
 (-4.133243518994107E-004,8.904250517835964E-004)
 (-4.592426773612716E-004,8.974405069084104E-004)
 (-5.184424914403201E-004,7.761734264215373E-004)
 (1.765669825796650E-003,-2.648383896601288E-004)
 (2.390157849827451E-003,1.477897382177920E-003)
 (2.339191911429617E-003,1.363776944086364E-003)
 (1.093473476047496E-003,-2.360202188143572E-004)
 (5.074564994390006E-004,1.942294040711108E-003)
 (6.763141242089568E-004,-1.417960458810599E-004)
 (2.391818720081027E-003,1.517326494849117E-003)
 (1.189232869188647E-004,-9.462569517685709E-005)
 (1.982513846736495E-003,1.142624934238318E-003)
 (9.260091665752425E-004,-2.085766914898785E-004)
 (3.169055036625355E-004,1.073862637242744E-003)
 (1.446789670099372E-003,8.382527443205024E-004)
 (-1.455138465174396E-005,8.226829353179759E-005)
 (8.634692753713548E-004,5.326357296656936E-004)
 (6.889414024225161E-004,4.352177063032613E-004)
 (0.000000000000000E+000,0.000000000000000E+000)
 (-2.786387368353244E-002,0.790073412498112)
 (-0.137200989868585,0.128564708890656)
 (3.035584905886320E-002,2.981707999415274E-002)
 (7.251879544610483E-003,-4.221494202687064E-004)
 (1.431209694113625E-002,6.662594303934229E-004)
 (1.656658690083747E-002,-1.556592343507757E-002)
 (5.954525724092199E-004,-2.492164122948839E-002)
 (1.375637366411224E-002,-1.285159009745595E-002)
 (-8.225557524401822E-003,-8.764069976855009E-003)
 (-1.713212551929002E-003,-1.620687462058147E-006)
 (3.170304913876085E-004,-8.215226079808527E-003)
 (-4.489206240102985E-003,-4.972423058767507E-003)
 (-1.749105039387463E-004,-1.288483013660816E-004)
 (-3.078475952027189E-003,-3.359577277972979E-003)
 (-3.501126995646984E-004,-8.838199904780987E-005)
 (2.424797437798300E-003,-2.120200801317155E-003)
 (2.625414659828754E-004,-3.691297679152126E-003)
 (-1.006575642520641E-003,-1.307202427934211E-003)
 (-1.860616111754968E-003,-2.108967814312703E-003)
 (6.258701857704815E-006,-1.225676861576365E-004)
 (1.555020653639327E-005,-2.205932996349671E-003)
 (-5.493907423419053E-004,-3.280851346671061E-005)
 (7.635897941260069E-005,-2.106695351005737E-003)
 (-1.175834703347702E-003,-1.338136811444747E-003)
 (-7.126076755666231E-004,-7.905885357075507E-004)
 (-7.516710315731309E-004,-8.448399731245068E-004)
 (1.275257303264783E-004,-2.819348325627935E-003)
 (1.476129914334287E-003,-1.295809682962512E-003)
 (1.364264135349775E-003,-1.379690999883151E-003)
 (6.579417056291342E-005,-1.680910938740394E-004)
 (-3.067130219896075E-004,-7.282399671553892E-005)
 (6.655489436460638E-005,2.403880191069066E-004)
 (-2.833506451547951E-004,2.625519997848905E-004)
 (-1.028185912729189E-003,-1.106853453532414E-003)
 (3.625245074559498E-004,-4.181866533209458E-004)
 (4.016320514291314E-005,-6.467863036224224E-004)
 (2.104952935739107E-004,2.512704237041176E-005)
 (-3.238615353966463E-004,3.594805898568420E-004)
 (-1.853726327726253E-004,-2.331193265649748E-004)
 (-1.185932064949298E-004,1.401329507125432E-004)
 (1.270168178289392E-004,-8.831820789124567E-005)
 (0.000000000000000E+000,0.000000000000000E+000)
 (3.879335911039982E-004,4.581960242195939E-003)
 (0.531563433978432,3.112963853724553E-002)
 (3.375572359390899E-004,1.064885693763998E-002)
 (2.901984039782256E-002,3.339072825170673E-002)
 (-1.004167983808341E-002,-1.174328215369424E-002)
 (-3.547643741848622E-002,-2.184450652863107E-003)
 (-6.266108619802624E-003,4.929458661958467E-003)
 (-4.944767576772061E-004,-5.997645512799802E-004)
 (-2.578846994401870E-004,-1.507275488498581E-004)
 (-1.720388945009230E-003,-1.992861193826231E-003)
 (-3.075260938197357E-003,2.448532382953452E-003)
 (-1.100508212100368E-004,2.045946814115361E-004)
 (2.591156259688206E-004,2.785296041737276E-004)
 (-7.002166581173623E-005,-4.700662718292902E-004)
 (-8.840251808652610E-005,-1.082242227053712E-004)
 (-1.721164316249445E-004,-1.020862665159312E-004)
 (-2.006611357970229E-004,4.431834188000657E-005)
 (-5.628566768350261E-005,3.262059247080383E-006)
 (-4.468671759244299E-005,-2.933974080234471E-004)
 (6.242393860424889E-004,7.359917126583952E-004)
 (2.746686483231348E-004,-3.354579789022715E-004)
 (5.108444285473113E-004,5.496993510954736E-004)
 (4.845187864484115E-004,-5.092623827175133E-004)
 (-1.565662202473333E-005,-3.119531802417274E-004)
 (-3.317655617755236E-005,4.092980258112220E-005)
 (-4.775127153644368E-005,-1.638121916661363E-004)
 (-4.380758159898796E-004,3.209494146807846E-004)
 (-1.163614388339038E-003,-1.044033351108940E-004)
 (1.141661970369376E-003,1.173498562333450E-006)
 (2.502535049295157E-004,-2.786664211122260E-004)
 (5.729510855054143E-004,6.739539198446322E-004)
 (-6.810078807116553E-004,5.922696927937100E-004)
 (-3.447387585185587E-005,-8.464050101128686E-006)
 (-1.502710857806205E-005,7.189190841815023E-005)
 (2.179454317417681E-003,7.221832399813907E-005)
 (-1.300079270126335E-003,1.143437502503048E-003)
 (-7.010311521409331E-004,-8.229801847429946E-004)
 (-8.367829390225447E-004,-5.007528872163320E-005)
 (-2.551020542512468E-005,-1.223931689035059E-004)
 (-1.029082350065892E-005,5.773495269071103E-007)
 (7.045005301391861E-004,1.939595706713169E-005)
 (0.000000000000000E+000,0.000000000000000E+000)
 AAAAAA
 (0.113656178262428,0.156592715592894)
 (4.833923154928255E-003,-1.976252230149220E-002)
 (-2.825464481950412E-003,-5.305017283614799E-004)
 (-7.496750052003995E-003,4.755984888027510E-003)
 (-7.599552220284371E-003,5.024086073201081E-003)
 (-2.227953818379107E-004,-1.032558090335910E-004)
 (-1.409205740043444E-002,-2.399718292106276E-003)
 (-4.727343703166428E-003,-6.691173619405282E-003)
 (-4.265880900440507E-004,1.037451447599663E-003)
 (-6.898180694774696E-003,5.324740122266721E-003)
 (-1.014936874149803E-002,-1.822365744317435E-003)
 (-3.944689967315130E-003,-5.371967729627763E-003)
 (-9.410977472061183E-003,-1.789743726900127E-003)
 (-5.540533985309924E-003,3.969200237782061E-003)
 (-4.569411345119445E-003,3.220017648323595E-003)
 (-2.679578352451862E-003,-3.739583714294885E-003)
 (-8.167949441219638E-005,4.288026174347183E-004)
 (-5.381912265730403E-003,-8.863041088132369E-004)
 (-5.213792886509748E-003,-8.834290483924195E-004)
 (-1.824817049436068E-003,-2.286758965747601E-003)
 (-2.516123095789901E-003,1.712212174174306E-003)
 (-2.335248283322657E-003,1.526441557241953E-003)
 (-1.376406838299840E-003,-1.906805692963002E-003)
 (-1.166382913850056E-005,1.971606087704176E-004)
 (-3.266919952187449E-003,-4.670724005192141E-004)
 (-3.343599667704198E-003,-6.007341663056413E-004)
 (-1.315358288947975E-003,-1.869493550515081E-003)
 (-2.896880375847496E-003,-5.047890163115627E-004)
 (1.624749488720765E-005,1.558007159710454E-004)
 (-8.862495137625480E-004,-1.222618440062487E-003)
 (-7.127791752275989E-004,-1.028661266558179E-003)
 (-4.613053390074839E-005,3.231075831260896E-004)
 (-2.018143308544335E-003,-3.558545395894156E-004)
 (-8.806851609085343E-004,-1.152776880885224E-003)
 (-1.293932342255591E-003,9.369150884269914E-004)
 (-1.111056861749714E-003,7.762246462373628E-004)
 (-7.453574429460135E-005,1.712029627452633E-004)
 (-6.186407404740993E-005,2.029996963229383E-004)
 (-8.461663785090366E-006,8.530340606851412E-005)
 (0.000000000000000E+000,0.000000000000000E+000)
 (0.000000000000000E+000,0.000000000000000E+000)
 (0.000000000000000E+000,0.000000000000000E+000)
 (-0.317145341455260,0.113781198677311) (-0.395627336469924,-0.182150594123586)
 (-8.235996849100313E-003,1.708033070562682E-002)
 (-5.278314201762008E-003,-1.318645923809414E-002)
 (1.714399259877530E-003,4.984602030603772E-003)
 (1.630725108345627E-002,7.220746093538579E-003)
 (1.202283677514877E-003,-2.867727467039186E-003)
 (1.156240406838843E-002,-4.509497504407710E-003)
 (1.652163038805169E-002,7.026073236392016E-003)
 (3.294771296216063E-003,8.984509326300044E-003)
 (-1.339160669830419E-004,3.386906817678319E-004)
 (6.726690017002271E-003,-3.072748092671893E-003)
 (-4.087426563939567E-004,6.353931730847216E-004)
 (2.546427443678308E-003,6.923092493818117E-003)
 (1.897170287839433E-003,5.246888169737712E-003)
 (4.315092152447532E-003,-1.680464340267149E-003)
 (5.490028323521326E-003,2.593361919042706E-003)
 (-3.357853290887308E-004,7.726709319409654E-004)
 (-9.686827021423159E-005,2.424387040539802E-004)
 (2.745306642771728E-003,-1.028111780000624E-003)
 (1.201161805750520E-003,3.153572065097904E-003)
 (8.137330184946589E-004,2.331412085676586E-003)
 (2.378791242483350E-003,-8.961401572041392E-004)
 (3.204551008670652E-003,1.558200968342829E-003)
 (-1.211267514019993E-004,1.423741287885454E-004)
 (-8.361184400560145E-005,3.331814345107394E-004)
 (1.784496775902411E-003,-7.971961462641360E-004)
 (-1.361822378098630E-004,3.628771253411080E-004)
 (2.350274833193377E-003,1.030163083480805E-003)
 (1.020875752504271E-003,-3.853730182562531E-004)
 (1.505523604767143E-003,-5.545006272446476E-004)
 (2.411715241248595E-003,1.104657204621189E-003)
 (1.706772008565430E-004,-4.197396486424430E-004)
 (9.958326346491400E-004,-3.730631057398121E-004)
 (4.151638174720236E-004,1.150932641212627E-003)
 (4.603284365426799E-004,1.258799344957426E-003)
 (1.598200475941111E-003,7.336689606640321E-004)
 (1.623257095736740E-003,7.856759892015480E-004)
 (8.017913839482951E-004,3.385528504322430E-004)
 (0.000000000000000E+000,0.000000000000000E+000)
 (0.000000000000000E+000,0.000000000000000E+000)
 (0.000000000000000E+000,0.000000000000000E+000)
 (0.587596559043050,0.398168752151783)
 (6.239713004648428E-002,0.334112580827040)
 (2.662156872347358E-002,-5.191532214918543E-003)
 (-2.404529040778503E-003,2.876403332243602E-003)
 (7.724442759384584E-003,-1.131334142097034E-002)
 (-4.072190065250736E-003,-2.057138780944359E-002)
 (-9.085874210632157E-003,1.649279022369585E-003)
 (-1.374765036126257E-002,-9.398731628178914E-003)
 (-2.487029812899792E-003,-1.194554401769547E-002)
 (9.951360505336529E-005,4.133712001596982E-004)
 (-4.388695296010013E-003,6.918215874069105E-004)
 (-5.772392869822230E-003,-3.696101666534556E-003)
 (-4.896009873084615E-003,8.731874009222947E-004)
 (1.017764916552401E-004,-4.762352683281148E-005)
 (2.582840240073500E-005,4.304787909483062E-005)
 (-3.161443982691974E-003,-2.208084160039816E-003)
 (-3.289801069046542E-004,-2.297285088113470E-003)
 (-2.645307092495549E-003,4.847386135333807E-004)
 (-1.132543154269867E-003,1.734368744167700E-004)
 (-1.848006173136262E-003,-1.240177877453815E-003)
 (-3.053145773140110E-004,4.117271746621660E-004)
 (2.185987433904750E-006,-2.522842526212160E-005)
 (-2.224930031861049E-003,-1.543833258255176E-003)
 (-3.175979992506529E-004,-2.087854763477230E-003)
 (-1.395253217623115E-003,2.994921060729095E-004)
 (-9.472441445902391E-004,1.350428402924221E-004)
 (-1.255097287232989E-003,-8.392873857771509E-004)
 (-7.052104304497335E-004,1.030559056990111E-004)
 (-2.788353547798209E-004,-1.581418299416984E-003)
 (1.003528704422784E-004,1.830471365385695E-005)
 (-8.690240782678012E-004,-6.171876011622122E-004)
 (7.146322263502176E-005,1.731923704327790E-004)
 (-1.204441447500338E-003,2.361854551292222E-004)
 (4.132077965252827E-005,-3.378681451033142E-006)
 (-2.651498597365148E-004,3.604068719582863E-004)
 (4.010133959363369E-004,-5.668856616026132E-004)
 (-2.474970178497498E-005,-1.549990764551067E-004)
 (5.328351971971876E-005,2.071475183441680E-004)
 (3.194295842551391E-005,6.137363213684844E-005)
 (0.000000000000000E+000,0.000000000000000E+000)
 (0.000000000000000E+000,0.000000000000000E+000)
 (0.000000000000000E+000,0.000000000000000E+000)
 (-0.128686441147252,0.314675583353931) (0.559023533030411,-0.235988302807878)
 (1.613962073412641E-002,3.930397922769506E-002)
 (4.087206595813442E-002,1.607636062414900E-002)
 (-1.788388436346034E-002,-6.681226404303773E-003)
 (-2.077604024249700E-002,8.715767949245393E-003)
 (-2.606210943349778E-003,-5.319191152178746E-003)
 (-1.240254816579490E-003,3.273366059313148E-003)
 (-1.386748874996549E-003,8.964607474841529E-004)
 (-2.590727996171606E-003,-1.012681718904149E-003)
 (-3.150881448153440E-004,-5.730346916030880E-004)
 (-1.157909167088626E-003,3.151769836752061E-003)
 (4.142172370330050E-005,8.248720760308376E-005)
 (-1.195569563912802E-003,-4.167303810692930E-004)
 (-9.762609635522192E-004,-3.648860724220407E-004)
 (-5.075693784958849E-004,1.288987654315044E-003)
 (-9.506338590021424E-004,4.244604745466602E-004)
 (1.378269954711703E-004,3.975174516929494E-004)
 (1.604528882521683E-004,4.951855196767521E-004)
 (-2.702672015878282E-004,7.404664621159945E-004)
 (1.217504305849383E-004,5.139784573185996E-005)
 (-3.958936085857547E-005,-4.044077009183946E-006)
 (-2.065618756228268E-004,4.765971631382314E-004)
 (-1.228205326216638E-003,5.230439954337367E-004)
 (-1.979413186663616E-005,-5.962778433907012E-005)
 (1.503471254521045E-004,3.896913092617484E-004)
 (-2.054853855948179E-005,8.011004629146685E-005)
 (1.360659477136187E-004,3.804135689727473E-004)
 (7.386605870827385E-004,-2.966940347244001E-004)
 (-2.733104202806345E-004,6.579608004995575E-004)
 (-7.268253660281114E-004,1.862952069042588E-003)
 (-5.678929447674758E-004,2.141995573178843E-004)
 (-3.239746003074703E-004,-7.059838380997605E-004)
 (-5.753372785180216E-004,1.473324082239631E-003)
 (7.372194029563921E-004,3.034323641768611E-004)
 (-1.461009346675007E-003,-5.369176028679272E-004)
 (1.061737479010353E-003,-4.531967881398459E-004)
 (-1.182898965609219E-003,4.973289728612262E-004)
 (-2.668524046456703E-004,1.161960506964200E-004)
 (0.000000000000000E+000,0.000000000000000E+000)
 (0.000000000000000E+000,0.000000000000000E+000)
 (0.000000000000000E+000,0.000000000000000E+000)
 AAAAAA
 (7.706625995517591E-002,-0.102482220983643)
 (3.644788719460025E-002,0.190495002375261)
 (-5.610035591000335E-003,1.384209908623957E-003)
 (-1.738306827152862E-003,-2.281110275031269E-003)
 (-9.712680839531253E-003,1.810030091718567E-003)
 (-2.742030511891863E-003,2.550245054440824E-003)
 (-1.135698654787982E-002,-7.890510404006748E-003)
 (-2.410055804946661E-003,2.562095282172761E-003)
 (-1.465792172992721E-003,-6.027366605084605E-003)
 (-1.115801255024132E-002,-7.330554218805681E-003)
 (-1.049092853061752E-002,1.726403480890189E-003)
 (-1.023441812634699E-003,-4.567121271031874E-003)
 (-7.736317710227631E-003,1.330838883306958E-003)
 (-6.996949848791717E-003,-4.742143159661170E-003)
 (-8.165705445041167E-004,-3.803798513934383E-003)
 (-6.011823002077203E-003,1.188422069931244E-003)
 (-4.743777562751900E-003,-3.255242934595726E-003)
 (-7.970041191760020E-004,9.040877563996775E-004)
 (-5.693710233097900E-004,-2.458766456548123E-003)
 (-4.107537522238447E-003,-2.910041759578896E-003)
 (-5.668274382780000E-004,8.403840991366687E-004)
 (-4.335106941317202E-004,-2.183135263138754E-003)
 (-3.606413788947204E-003,5.113494170526400E-004)
 (-2.868597492511967E-003,-1.946141739230349E-003)
 (-2.795228431531789E-003,4.270296704277104E-004)
 (-2.723752097643372E-004,-1.322656450841248E-003)
 (-2.542397528861159E-003,-1.804795952422301E-003)
 (-3.148818222657615E-004,-1.720243290948561E-003)
 (-1.939363612263497E-003,3.289223148760733E-004)
 (-2.554631493083128E-004,3.697033947691925E-004)
 (-5.717188541858090E-004,8.010716439831522E-004)
 (-2.224773945983856E-003,-1.575760488634246E-003)
 (-1.891381215642000E-003,-1.253875897877308E-003)
 (-1.746626744393028E-004,-1.057868758696271E-003)
 (-2.117579843728387E-004,-1.095441141565945E-003)
 (-3.969741437049230E-004,5.475312612277856E-004)
 (-1.541528498298601E-003,2.908260709592776E-004)
 (-2.450235386292339E-004,3.602915852406848E-004)
 (0.000000000000000E+000,0.000000000000000E+000)
 (0.000000000000000E+000,0.000000000000000E+000)
 (0.000000000000000E+000,0.000000000000000E+000)
 (0.000000000000000E+000,0.000000000000000E+000)
 (0.552682764095619,0.363257473609359)
 (0.411146807552482,-8.662333386228496E-002)
 (5.583910369854531E-003,2.770970153009680E-002)
 (7.446589479902732E-003,-1.136899254398342E-002)
 (-2.208528324017771E-003,-9.939482151533098E-003)
 (-1.738878467211706E-002,-1.138501170179920E-002)
 (-2.895342415576311E-003,4.914661272160609E-003)
 (-1.377118947071588E-002,-8.477335477610932E-003)
 (-1.268378097146092E-002,2.657297943832266E-003)
 (-1.798557780460918E-003,2.995180696237228E-003)
 (-1.596052664280376E-003,-6.894497742001159E-003)
 (-8.412921067154315E-003,1.665056312775375E-003)
 (-8.401817971724751E-004,-5.450491317061113E-003)
 (-1.003699653131713E-003,1.476832481060405E-003)
 (-6.380053326185731E-003,1.411704798089806E-003)
 (-5.225865401351420E-004,-3.278253410602598E-003)
 (-6.061015083247905E-004,7.910080790575215E-004)
 (-4.151976069469748E-003,-2.691248900282679E-003)
 (-3.934987510521850E-003,9.228017764934558E-004)
 (-5.724390055668405E-004,1.120989869542766E-003)
 (-3.713715876587234E-003,-2.518564394193634E-003)
 (-3.917163128920528E-003,8.371055154556824E-004)
 (-4.502557163609175E-004,-2.346435592541687E-003)
 (-3.349546066674388E-004,5.759848576208918E-004)
 (-2.734642805172563E-004,-1.270630299733198E-003)
 (-2.531847857159107E-003,5.090197902988985E-004)
 (-4.013615876340572E-004,5.395196343609816E-004)
 (-2.172505286473964E-003,4.038738629035160E-004)
 (-2.999443806425722E-004,-1.607015975026822E-003)
 (-1.948611537913154E-003,-1.290603271962315E-003)
 (-2.160450931563983E-003,-1.447620819638984E-003)
 (-1.243542000700361E-004,3.131265011404278E-004)
 (-4.952536964253854E-004,8.172801690986882E-004)
 (-1.530015479705917E-003,2.972561799993031E-004)
 (-1.250324191757061E-003,2.646542487854883E-004)
 (-1.606552084254706E-003,-1.023008220765141E-003)
 (-1.324142180975032E-004,-5.845806241520693E-004)
 (-1.109477675801698E-003,-7.560705318630555E-004)
 (0.000000000000000E+000,0.000000000000000E+000)
 (0.000000000000000E+000,0.000000000000000E+000)
 (0.000000000000000E+000,0.000000000000000E+000)
 (0.000000000000000E+000,0.000000000000000E+000)
 (0.453723781085664,0.158011942020407) (0.251458117479413,-0.117992632063230)
 (5.172927012770999E-003,1.445859956182229E-002)
 (-1.037281364013321E-003,1.995365522083773E-004)
 (-6.536516144607117E-003,-1.332577896467694E-002)
 (-1.393002066300281E-002,-4.871840873586428E-003)
 (-3.141324608990088E-004,1.452876363490617E-003)
 (-4.624150507644273E-003,-1.495822093893898E-003)
 (-6.083636905838198E-003,2.881110708087072E-003)
 (-6.284856781490607E-004,1.847052246076210E-003)
 (-8.755613028533490E-005,-1.860241399897025E-005)
 (-2.812755688310944E-003,1.307510745137337E-003)
 (-2.597538402745577E-005,-1.350651012454987E-004)
 (-6.351706572410758E-004,1.707248550787593E-003)
 (-1.680102186576206E-003,8.150232103489525E-004)
 (-1.272405566481505E-004,-3.384151152806298E-004)
 (-6.098836937572405E-004,1.619908569650489E-003)
 (-6.667765576319236E-004,-2.143614837627505E-004)
 (-9.680304924912736E-004,5.019594228920012E-004)
 (-5.728509538690207E-005,2.330980929788283E-004)
 (-1.472654816596447E-003,-5.429853220168445E-004)
 (-1.337878909293260E-003,6.314456069553027E-004)
 (2.192598184913429E-004,5.162770451181791E-004)
 (-1.188014734995691E-004,3.366180798198418E-004)
 (-4.071531893263384E-005,-9.555786156166871E-006)
 (-9.283745220365254E-004,4.004388781473208E-004)
 (-1.920451663381854E-004,4.538246519414232E-004)
 (-1.033359806937230E-005,9.002109507047804E-006)
 (-4.345374878379275E-004,-9.315626398430250E-004)
 (-4.241897522525206E-004,-1.347883253468921E-004)
 (2.992314014789110E-004,1.007470426568035E-004)
 (-3.625398533783761E-005,1.573007389409465E-004)
 (-2.273912171575507E-005,1.141590797114857E-004)
 (2.215544771133209E-005,-3.745055655254963E-005)
 (2.924606355169094E-004,-1.398038436953148E-004)
 (1.090732667640637E-004,1.211443039385483E-005)
 (1.455278286864472E-004,3.455404300480290E-004)
 (3.597049437743680E-004,1.309424561731193E-004)
 (0.000000000000000E+000,0.000000000000000E+000)
 (0.000000000000000E+000,0.000000000000000E+000)
 (0.000000000000000E+000,0.000000000000000E+000)
 (0.000000000000000E+000,0.000000000000000E+000)
 (0.162266277332276,-0.337409900458708) (0.237443885724896,0.667062186763846)
 (3.560403723286172E-002,-1.085997273903573E-002)
 (4.498451500442922E-002,2.014716487461408E-002)
 (-9.061494883145853E-003,2.842065226966051E-003)
 (-2.299218740208180E-003,4.578256083114793E-003)
 (-8.449269684420372E-003,-4.096263585518387E-003)
 (1.086174930929378E-003,-2.595388949573214E-003)
 (-1.263047908868510E-003,-3.186711902048704E-003)
 (-2.965659971686537E-003,-1.318853767262294E-003)
 (-1.253672518775520E-003,3.767001722355405E-004)
 (-2.726307521757642E-004,-6.179756836469158E-004)
 (-6.471901688757636E-004,2.287356533315036E-004)
 (-1.324596785431392E-003,-6.165986542298956E-004)
 (-2.832829380479542E-004,-6.645003948972042E-004)
 (-2.291610058457687E-004,9.189653491648215E-005)
 (-4.863151536932771E-004,-2.048636625933246E-004)
 (1.402877492371750E-004,-3.997481877799492E-004)
 (-1.086117725949542E-004,-2.740452802253922E-004)
 (9.706029083878114E-005,5.128650285286838E-005)
 (1.073820147519391E-005,-5.139425261696361E-005)
 (-3.656170444736711E-004,-9.523363447538852E-004)
 (3.115699303327807E-005,-4.266201354274961E-005)
 (1.276384526368511E-004,5.908842880352005E-005)
 (2.274649543302017E-004,-9.614406610094191E-005)
 (2.339085359875211E-004,6.707176280921497E-004)
 (-5.509775206338037E-004,-2.463630377423591E-004)
 (-1.933966115490897E-004,-5.333401915053292E-004)
 (-7.737416424054369E-004,2.759884880557717E-004)
 (6.522168860592555E-004,-1.384326906065746E-003)
 (-1.791000945854406E-004,3.411352061963816E-004)
 (4.519868159894471E-004,2.095116418057347E-004)
 (-1.195151106631043E-003,-5.603241447611697E-004)
 (4.244413067174920E-004,1.175770755062281E-003)
 (2.330470526262359E-004,7.222247445534588E-004)
 (-4.633621091632385E-004,9.285360501934816E-004)
 (3.544218846289697E-004,-1.223526987524931E-004)
 (3.081502414918069E-004,-6.933010156963642E-004)
 (0.000000000000000E+000,0.000000000000000E+000)
 (0.000000000000000E+000,0.000000000000000E+000)
 (0.000000000000000E+000,0.000000000000000E+000)
 (0.000000000000000E+000,0.000000000000000E+000)
 AAAAAA
 (0.193689202792723,0.118048537903105)
 (-1.049287127260216E-002,-4.972537364545665E-002)
 (-2.747349493254369E-003,-6.234436360942931E-004)
 (-3.665763845236984E-003,6.956101689310987E-003)
 (-3.735714226825298E-003,7.138174523141472E-003)
 (2.535006424060453E-005,1.036762008248570E-003)
 (-1.342749196755391E-002,3.568354862858733E-003)
 (-6.284715666570097E-003,-3.475592612883709E-003)
 (1.815828689132413E-004,2.440353605566714E-003)
 (-6.021104036573122E-003,9.828410091400997E-003)
 (-5.358620848922866E-003,-3.194069090493437E-003)
 (-9.404706428666525E-003,2.514942294244432E-003)
 (-9.422576102920615E-003,2.541406537156907E-003)
 (-3.460506505190011E-003,5.982922430499138E-003)
 (-3.395889460225190E-003,-2.041585261701302E-003)
 (-6.474067114045763E-003,1.750710805181325E-003)
 (-2.739071369410936E-003,4.762749997139408E-003)
 (1.581989662379725E-004,9.222946109326663E-004)
 (-2.301262200569608E-003,-1.379464189500483E-003)
 (-2.248508862039204E-003,3.733159474152464E-003)
 (-4.512248538886271E-003,1.084269422996941E-003)
 (-3.836679664295752E-003,1.064452335442279E-003)
 (-1.664308049307825E-003,2.845091495462707E-003)
 (-1.746785440103818E-003,-9.271081985311145E-004)
 (1.395479042443069E-004,4.919023916192060E-004)
 (1.246355156963499E-004,4.858681482299454E-004)
 (-1.687144137325384E-003,-9.820081959034728E-004)
 (-2.821539410646923E-003,7.437174159015752E-004)
 (-2.844705175321587E-003,6.509115406010365E-004)
 (1.435516269959592E-004,7.335864448060638E-004)
 (1.628571543458500E-004,5.255587488228937E-004)
 (-1.004029764390451E-003,-6.082551861233668E-004)
 (-1.913671248456537E-003,4.825566535151692E-004)
 (-1.010704833244658E-003,1.616907641613592E-003)
 (-9.158274280682808E-004,-5.251466552644347E-004)
 (-6.766170647630157E-004,1.108818223282822E-003)
 (-8.456518942873519E-004,-5.855938235670690E-004)
 (1.349518146795215E-004,4.125986910259400E-004)
 (-9.874879568102356E-004,2.472134534561889E-004)
 (0.000000000000000E+000,0.000000000000000E+000)
 (0.000000000000000E+000,0.000000000000000E+000)
 (0.000000000000000E+000,0.000000000000000E+000)
 (0.312481217158213,-0.347226432907255)
 (0.269964926917085,-1.356889190163289E-002)
 (-5.810230159984664E-005,-3.099987855744984E-002)
 (1.887490018409851E-003,2.419615566726186E-003)
 (-2.252813405575691E-003,-2.484447425641228E-003)
 (-1.706399133834783E-002,9.863575747293429E-004)
 (3.024481713423330E-004,6.345864227175735E-003)
 (-8.032851298155334E-003,9.487014123391211E-003)
 (-1.515557614337693E-002,8.254345235103227E-004)
 (-6.334158828632585E-003,-5.534683525631327E-003)
 (-6.156425366592769E-003,7.016611310121849E-003)
 (1.264513377687449E-005,1.354013797028625E-003)
 (2.735630435541309E-004,1.833205720089633E-003)
 (-3.463987027922878E-003,-3.266890007490739E-003)
 (-3.441615464637171E-003,3.761779545641448E-003)
 (3.598979563228504E-005,5.444180610210995E-004)
 (-2.572681014962405E-003,-2.202326101224910E-003)
 (-5.214650307058745E-003,4.192956591373581E-004)
 (-2.571572995899857E-003,2.704463075275001E-003)
 (-2.476102901193648E-003,-2.277258717559769E-003)
 (9.434110432992204E-005,5.672816482745318E-004)
 (6.125208891271088E-005,6.588223376725650E-004)
 (-1.475241492309648E-003,-1.283337333256517E-003)
 (-1.894150362671341E-003,2.105198647273613E-003)
 (-2.977314237629108E-003,2.259943066951042E-004)
 (-3.061575162141778E-003,1.270023365842167E-004)
 (-1.680039155395536E-003,1.732598825213080E-003)
 (-1.019829923657822E-005,1.853434649124319E-004)
 (-3.166940424975369E-005,1.874510892980442E-004)
 (-2.509672591823268E-003,1.473187535178437E-004)
 (-2.231694266991816E-003,5.381784148387461E-005)
 (-8.438340665676154E-004,9.187597227571899E-004)
 (-1.985517059068442E-006,8.806613089912020E-004)
 (-6.956524832585634E-004,-7.342189191291947E-004)
 (-8.307342127759841E-004,9.693565962138903E-004)
 (-5.937817985594231E-004,-4.999207872904322E-004)
 (-6.674017032655821E-004,7.232445765330481E-004)
 (-1.366355868232102E-003,5.344676347902476E-005)
 (-2.744414400912182E-005,-5.210533758586697E-005)
 (0.000000000000000E+000,0.000000000000000E+000)
 (0.000000000000000E+000,0.000000000000000E+000)
 (0.000000000000000E+000,0.000000000000000E+000)
 (0.635988742083385,0.350555135838788)
 (4.076643815924957E-002,0.137834207443069)
 (3.214711109084657E-002,-9.159127736624478E-003)
 (4.431786885624809E-003,-7.816037703646733E-003)
 (3.800510964314005E-003,-6.098240233965596E-003)
 (-4.414323858819709E-003,-1.535679014517483E-002)
 (-7.945840833869532E-003,2.398675779897449E-003)
 (-1.095560293053761E-002,-5.974659866287817E-003)
 (-2.210599529135246E-003,-7.855674548658195E-003)
 (-2.690274264885847E-004,1.759180619422695E-004)
 (-5.210022999952778E-003,-2.989780140117048E-003)
 (-3.795045958391897E-003,9.802937985567478E-004)
 (-2.775584258454897E-003,8.574861288867562E-004)
 (2.102352343662673E-004,-2.693458670756548E-004)
 (-2.189885391489045E-003,-1.316060628440419E-003)
 (-1.956255347206924E-003,5.243197543430339E-004)
 (2.802597133213787E-004,-5.855152547358559E-004)
 (-5.842114872405997E-004,-1.809691554767051E-003)
 (-1.553621692637790E-003,-9.852493680170703E-004)
 (-7.593996807303636E-005,1.435579070923582E-004)
 (-5.122594185715053E-004,1.293344218983549E-004)
 (-1.040803676183256E-003,3.127921337626157E-004)
 (2.132426461754169E-004,-3.766601679231436E-004)
 (-1.818135351124359E-003,-1.027850280549920E-003)
 (-4.704068809600809E-004,-1.524730744209946E-003)
 (-4.300045640693888E-004,-1.575906805868286E-003)
 (-9.056622903904049E-004,-5.667267502764349E-004)
 (-1.554139395069373E-004,1.676696892084968E-005)
 (-1.209449323054936E-004,-1.460690566895955E-005)
 (3.356260406695607E-005,1.956337357148018E-005)
 (-1.004389201301338E-004,-5.289205311440257E-004)
 (3.758598459459436E-004,1.688594136019158E-004)
 (-9.865589942482126E-004,2.478101216117904E-004)
 (9.577692181955108E-005,-1.146789384175581E-004)
 (-4.281937019923252E-004,-2.401376844251715E-004)
 (9.778185737052568E-005,-2.489058985872041E-004)
 (2.088978837875982E-004,5.745807280605245E-005)
 (8.167075637328393E-005,1.735190669165789E-004)
 (-5.080743454084150E-004,1.368341127485270E-004)
 (0.000000000000000E+000,0.000000000000000E+000)
 (0.000000000000000E+000,0.000000000000000E+000)
 (0.000000000000000E+000,0.000000000000000E+000)
 (-4.287548867261269E-004,-1.538251031197054E-003)
 (0.505100142144718,-0.377867134919186)
 (1.500451088103913E-003,2.795939920116232E-003)
 (5.114678927547305E-002,8.593418520024602E-003)
 (-1.251704572318469E-002,-1.592759090838764E-003)
 (-2.190070047985278E-002,1.587797616587915E-002)
 (1.296754224365459E-004,6.046287064613059E-005)
 (-4.133320843253995E-004,3.042564083085216E-003)
 (-1.816496429172183E-005,-4.649397641800909E-005)
 (-2.851111005236794E-003,-5.654427266210602E-004)
 (-3.690912464212914E-004,2.796379062577669E-003)
 (1.426358521253053E-004,7.818098272856754E-005)
 (-1.498294391989892E-005,-1.194960330299792E-004)
 (2.727369976830782E-004,-2.485730679436478E-005)
 (-3.607756187049729E-005,2.919559340109945E-004)
 (4.365298573073877E-005,-3.737328347779999E-006)
 (4.711459113924915E-005,-7.738216459682646E-005)
 (4.840284453267025E-004,-3.739639447092819E-004)
 (4.160257203079677E-005,-3.965433313962998E-004)
 (1.124197060592183E-003,1.157992009677181E-004)
 (8.116352229763047E-005,1.139926985547569E-005)
 (8.113256732852610E-006,-1.716104444011563E-005)
 (6.491135617367629E-004,3.812097892322928E-005)
 (-6.972047992364052E-005,4.417223520779892E-004)
 (-7.721778314017104E-004,5.486862150563767E-004)
 (7.512610772447811E-004,-5.964899747449081E-004)
 (7.003729035113998E-005,-4.688848991298246E-004)
 (4.095623908370637E-005,1.544701659611762E-005)
 (4.039964665562877E-006,-2.820067873076172E-005)
 (-1.650056142050377E-005,-1.315777265124099E-005)
 (1.590723089936939E-003,-1.240416627709125E-003)
 (5.432185510580311E-005,-3.515184992032361E-004)
 (3.025799546545015E-005,1.610398180607402E-005)
 (1.051532013046669E-003,8.333303206132069E-005)
 (-2.300547571406123E-004,1.436980704239931E-003)
 (-1.113115052919012E-003,-1.426384736255054E-004)
 (-3.814843551684508E-005,5.593076046032916E-004)
 (-5.252692087412934E-004,3.919320855015349E-004)
 (-7.298387624496639E-006,9.741299420509966E-007)
 (0.000000000000000E+000,0.000000000000000E+000)
 (0.000000000000000E+000,0.000000000000000E+000)
 (0.000000000000000E+000,0.000000000000000E+000)
 AAAAAA
 (2.958490532707236E-002,0.106800517677494)
 (1.580819885255554E-002,-2.065251330652735E-002)
 (-5.909348848973244E-003,-3.716743727755546E-003)
 (-9.200689489623036E-003,2.807418020658797E-003)
 (-9.145673689646973E-003,3.077029669497580E-003)
 (-5.903069346869221E-004,9.635780064993285E-004)
 (-1.456802998868481E-002,-7.866960762295830E-003)
 (-2.092399696604245E-003,-8.286895300230749E-003)
 (-9.242328270179729E-004,2.428062271717395E-003)
 (-1.924081130116053E-003,-7.603329116151670E-003)
 (-9.974915716173986E-003,-5.458963763443092E-003)
 (-8.200254830966015E-003,2.411980254224763E-003)
 (-8.295285792172273E-003,2.348185104718082E-003)
 (-8.666554818940395E-003,-4.923939184554891E-003)
 (-6.588401131733472E-003,1.935541542901269E-003)
 (-1.583528930332178E-003,-5.256036107661643E-003)
 (-2.672446053219521E-004,7.714853088364006E-004)
 (-5.748505268514973E-003,-3.299995822511668E-003)
 (-5.586487228587690E-003,-2.960456642840763E-003)
 (-9.489881926918601E-004,-3.201607352605444E-003)
 (-3.707056882368436E-003,9.898744161912958E-004)
 (-3.211199954604562E-003,9.077452079799496E-004)
 (-3.564859074913411E-003,-1.904599770035299E-003)
 (-3.496800016083535E-003,-2.033324347807344E-003)
 (-3.530556805923866E-003,-1.928416227524481E-003)
 (-7.795551348347453E-004,-2.536627116980045E-003)
 (-6.086612133501513E-004,-2.046816857246337E-003)
 (-2.130627170606252E-003,6.605396932418748E-004)
 (-1.893122767416690E-004,3.428437088856985E-004)
 (-4.509160382107561E-004,-1.547186144983556E-003)
 (-5.261896356978900E-004,-1.661646297659960E-003)
 (-7.420950218586461E-005,1.482749779489639E-004)
 (-1.561710780907681E-004,2.028232982349241E-004)
 (-3.278626145403479E-004,-1.233373804947083E-003)
 (-5.936546854510910E-005,2.339187899092292E-004)
 (-1.219230152460006E-004,2.152603095160164E-004)
 (-6.909107019319302E-005,1.486207082205682E-004)
 (-1.241384652369018E-003,-6.999073089539565E-004)
 (-9.310699416598914E-004,2.335209319748245E-004)
 (-1.021438598641360E-005,5.872141565553513E-005)
 (-9.380822465014972E-004,-5.045893309443433E-004)
 (-7.250781691550848E-004,-4.128067517627911E-004)
 (-7.691186392158234E-002,2.177427813055722E-002)
 (-0.163058261700338,-8.452965248692629E-002)
 (-3.378542887711538E-003,6.686336792116087E-003)
 (-7.326819504097552E-004,-3.082495920509067E-003)
 (-1.620156394754897E-003,-4.086988448657038E-003)
 (9.693506938173741E-003,4.436630483870134E-003)
 (2.327903527731918E-004,-8.820945954099504E-004)
 (7.720721845274338E-003,-2.560168095481050E-003)
 (1.581501570295397E-002,8.260039180639009E-003)
 (5.354359295213506E-003,-2.015552434801848E-003)
 (-1.617231081811980E-003,2.770014610014863E-003)
 (2.579755679798625E-003,8.111321946283926E-003)
 (2.639669620399469E-003,8.149948940436927E-003)
 (-4.522628250069050E-004,1.471610233061632E-003)
 (2.187105273618717E-003,6.752235236823350E-003)
 (3.629011242236867E-003,-1.110997750381331E-003)
 (5.886104576411328E-003,2.980767415861487E-003)
 (-6.307122470744031E-004,1.220803486668223E-003)
 (-2.363300392514791E-004,7.190733505555952E-004)
 (2.567466968560888E-003,-7.747915726672027E-004)
 (1.262036381561283E-003,4.013247203818423E-003)
 (8.622984460473923E-004,2.670369142838414E-003)
 (-3.008141180497802E-004,6.507715629157619E-004)
 (-2.822278671097817E-004,6.659209878022829E-004)
 (-3.008631038896143E-004,6.604986226888633E-004)
 (1.734480501080318E-003,-4.604651031630579E-004)
 (1.529719305607211E-003,-4.335522870842832E-004)
 (6.033885892758171E-004,1.923823081461704E-003)
 (2.573399888068424E-003,1.301519373049928E-003)
 (1.057359230484455E-003,-3.340649617462037E-004)
 (1.129923541131860E-003,-3.485158466109930E-004)
 (1.645427342965976E-003,8.895629632851829E-004)
 (1.699381586394195E-003,8.688380644558131E-004)
 (9.926140652985616E-004,-3.474995232901796E-004)
 (1.893434519060466E-003,9.622952710836313E-004)
 (1.839483875878078E-003,9.860520288885516E-004)
 (1.176758360830957E-003,6.339726088022654E-004)
 (-3.581720900495511E-005,5.874535029492823E-005)
 (2.586393251555102E-004,7.960645675153080E-004)
 (7.420974417695963E-004,3.962352589381743E-004)
 (-1.695114372940383E-005,4.418534676255061E-005)
 (-1.712996431492742E-004,3.284157552590049E-004)
 (0.275437661968615,-3.504732879360014E-002)
 (0.466231532617338,-4.003787371569234E-002)
 (1.480948418218773E-002,3.895000869060750E-003)
 (2.325791002396365E-002,1.209541843825248E-002)
 (-1.291505658488212E-002,-1.707517823887404E-002)
 (-4.337898844138111E-002,3.594663423848425E-003)
 (-2.882569000988018E-003,3.957040859159979E-003)
 (-1.210526853907739E-002,8.848845625476382E-003)
 (-8.319856763919577E-003,-6.381736164733528E-003)
 (-2.646775176136467E-003,4.179856081241937E-003)
 (-7.402371364227428E-005,1.270650069366174E-003)
 (-7.313667258159434E-004,1.481817059838125E-004)
 (1.893557287923141E-004,-3.434606846882030E-004)
 (-3.645823545780077E-004,-7.442616434023322E-004)
 (-8.555939057523860E-005,-1.930651754828355E-004)
 (-4.688760597074287E-004,-2.316300224220724E-004)
 (-1.470633924768729E-004,5.908795753808640E-006)
 (-8.854628859613007E-005,-2.627735618025875E-004)
 (1.529637254363166E-004,-8.892272954791672E-006)
 (6.682506642282099E-004,-5.375050664147789E-004)
 (4.948237840717624E-004,3.411577355034936E-004)
 (4.498806439232426E-004,2.955191633671665E-004)
 (-2.009678199091474E-004,-4.901251622745348E-004)
 (1.879872491170450E-004,8.537534627328365E-005)
 (4.316383796062952E-005,-4.037013030808788E-004)
 (4.213962442067315E-004,-5.185674711907670E-004)
 (6.493564968187063E-004,-3.019415875842195E-004)
 (3.921045516416125E-004,3.528040292508910E-004)
 (3.501769150187092E-004,2.718897276019412E-004)
 (-1.170747249604033E-003,8.247033909771801E-004)
 (3.567789856699113E-004,6.450617149177455E-004)
 (-1.697107885606489E-003,-2.855584984710370E-007)
 (6.871765218341469E-004,-7.626805344688529E-004)
 (-6.085644079840484E-004,1.595032918787071E-003)
 (1.691034365608083E-003,-5.705278618630239E-004)
 (-2.411730735020479E-004,7.628961884962380E-004)
 (6.060620259584675E-004,4.889398548081363E-004)
 (-1.277128740028000E-004,3.187652878658295E-004)
 (-3.594194691083645E-004,-2.795018905559961E-004)
 (7.544687202598193E-004,-8.540170910572296E-005)
 (-4.969450547218370E-005,-1.774304462609474E-004)
 (-3.707137124239568E-005,-1.099738377724699E-004)
 (0.306615483517692,-0.428857825179307) (0.136622730601659,0.151776700186751)
 (-1.344595471324831E-002,-3.599260824498186E-002)
 (-1.363445714844091E-002,4.145781221089566E-003)
 (-1.018089918349625E-002,-1.373717455512957E-002)
 (-1.269721322923978E-002,-1.369764384485824E-002)
 (1.181304091722063E-003,9.150121156628272E-003)
 (-1.097741873858942E-002,8.075795021483652E-003)
 (-1.924788976173486E-002,2.870610977564855E-003)
 (-1.338281772713553E-003,-1.599428684111190E-003)
 (-4.623700614099282E-004,3.544455961998320E-004)
 (1.057027957149870E-003,3.775506297741847E-004)
 (-1.101993228915842E-003,-5.347113045821836E-004)
 (3.989311565485158E-004,4.525627042034298E-004)
 (-3.571261389657551E-004,-2.584205735475613E-004)
 (-6.366654854001953E-004,1.073145889348455E-003)
 (-1.033682474631715E-004,-2.836621352928525E-005)
 (8.616538893409230E-005,-7.474880301057627E-005)
 (-1.833556993701859E-004,-5.945217985354432E-004)
 (6.258501252705622E-004,-4.806313960527998E-004)
 (-1.890561625251914E-004,1.824786475610973E-004)
 (-1.728188585832788E-004,1.486247513132540E-004)
 (2.313910083073070E-004,1.443052893703728E-004)
 (-2.111277685422203E-004,-5.189279146872672E-004)
 (3.744522435177337E-005,-3.893820310528729E-004)
 (2.891846290139721E-004,1.872687509987608E-005)
 (6.688251860526542E-004,-7.490518548801410E-004)
 (1.264828697112489E-004,2.779169087275249E-004)
 (8.400331490483748E-004,-1.433014227121888E-004)
 (-1.030352044338764E-003,7.475420166918008E-004)
 (6.685701442857859E-004,-1.536340837876982E-003)
 (-8.873216916747589E-004,-4.475700708903225E-004)
 (-1.498544479922357E-003,7.764308818502847E-004)
 (-1.260065186652282E-005,-1.351860686536904E-003)
 (-3.888505097817728E-004,8.704691041740451E-004)
 (1.707409102813616E-003,-6.626927022793281E-004)
 (1.468551755336815E-003,-2.172870490473981E-004)
 (6.828610889701465E-006,4.572795777241950E-004)
 (1.290892892061702E-005,-1.934415495180912E-004)
 (2.251579468790039E-004,2.426091344263490E-004)
 (7.309165161442507E-005,8.122453382121235E-006)
 (5.345704491472864E-005,2.409091219261563E-005)
 AAAAAA
 (4.284467612361784E-002,-5.712227315620221E-002)
 (1.188321939552208E-002,0.108738004218237)
 (-8.649324731179842E-003,7.740284690521466E-004)
 (-5.849023948346212E-003,-4.593691237774655E-003)
 (-9.603303408233914E-003,5.037515007222026E-004)
 (-2.286502115588179E-003,2.471083115803197E-003)
 (-1.220728464000187E-002,-1.061097931730521E-002)
 (-3.451888512630681E-003,3.525071995478415E-003)
 (-3.274067250441419E-004,-5.464194108979636E-003)
 (-8.573753750674241E-003,-7.518830638752125E-003)
 (-4.560400049230116E-004,-5.420858060690534E-003)
 (-9.265924714310134E-003,7.471768094765357E-004)
 (-9.346531346287308E-003,9.184288886167650E-004)
 (-7.186946336886412E-003,-5.985401474872967E-003)
 (-4.819047108620794E-004,-4.230568056545939E-003)
 (-7.098730288202774E-003,7.510092213234335E-004)
 (-5.076347327008650E-003,-4.045859692032899E-003)
 (-1.218969494537247E-003,1.174652340885874E-003)
 (-2.183205943481166E-004,-2.761268431949871E-003)
 (-4.545112831087933E-003,-3.725947640678704E-003)
 (-4.284332963848972E-003,4.735398379569793E-004)
 (-2.970696133482055E-003,-2.428247023515292E-003)
 (-3.172608954448655E-003,3.436519552409319E-004)
 (-2.602420075938220E-003,-2.045333912846526E-003)
 (-2.556023019956003E-003,-2.139548695003956E-003)
 (-1.508756939774644E-004,-1.880884865956196E-003)
 (-4.544296032407141E-004,5.960520432190944E-004)
 (-6.395620042782401E-004,7.295041715730602E-004)
 (-9.332832210531898E-005,-1.569626271277768E-003)
 (-9.570499471953687E-005,-1.480729662127274E-003)
 (-1.133448573811256E-004,-1.201897847650497E-003)
 (-1.958348706711615E-004,-1.309308457867183E-003)
 (-2.052216515617994E-003,2.125843140682069E-004)
 (-3.202727141349968E-004,5.156202751923917E-004)
 (-4.464167815926743E-004,5.534185404453560E-004)
 (-4.035547158753225E-004,4.787890544581280E-004)
 (-1.344393034653670E-003,4.924169985704612E-005)
 (-1.140963279738712E-003,-1.002385257524674E-003)
 (-2.606006123500818E-004,3.143821345815474E-004)
 (-7.114262419456208E-004,-5.653652240393746E-004)
 (0.000000000000000E+000,0.000000000000000E+000)
 (0.000000000000000E+000,0.000000000000000E+000)
 (0.234434350521384,0.132742735131597)
 (0.153955583709853,-4.323529093603889E-002)
 (2.192279018352484E-003,1.193353075703341E-002)
 (3.421424318648859E-003,-4.442894156797448E-003)
 (-2.303650507208858E-004,-8.602623206922337E-004)
 (-1.226963018913395E-002,-7.451231386154507E-003)
 (-2.861540586724794E-003,4.933565214552110E-003)
 (-1.305482648578852E-002,-7.564537622079772E-003)
 (-9.493614763960177E-003,2.615364369534102E-003)
 (-8.990121327307047E-004,1.491637258582368E-003)
 (-7.204570848998173E-003,1.944159165911210E-003)
 (-1.304184031430737E-003,-5.178076806623706E-003)
 (-1.824191635580494E-003,-5.393490023459721E-003)
 (-4.953290386030984E-004,6.652328023703576E-004)
 (-5.927294581261185E-003,1.587270137724923E-003)
 (-1.168382637333450E-003,-3.845228791013365E-003)
 (-2.418665134896112E-004,4.649561574920267E-004)
 (-4.323527952183407E-003,-2.418659785622177E-003)
 (-3.551848203328959E-003,9.363474267716237E-004)
 (-3.947129697822575E-004,9.200620978881903E-004)
 (-8.376017501819081E-004,-2.600009717278189E-003)
 (-2.095512303879235E-004,4.786980980577043E-004)
 (-4.595484533503336E-004,-1.399590227886961E-003)
 (-1.600257475962022E-004,3.097162544532875E-004)
 (-1.210458563253561E-004,3.656736838447902E-004)
 (-2.042634514936213E-003,5.911209970135301E-004)
 (-2.079847218945572E-003,-1.221426165497838E-003)
 (-2.351171892938709E-003,-1.297447764963968E-003)
 (-1.979847537981739E-003,4.727998287183971E-004)
 (-1.722775662918337E-003,4.721065322386346E-004)
 (-1.718542746496327E-003,4.630675083496787E-004)
 (-1.611411677744670E-003,4.399953631818018E-004)
 (-2.528075353108407E-004,-8.192944388298322E-004)
 (-1.409234527148999E-003,-7.959744585752848E-004)
 (-1.766720308194073E-003,-9.972330952042539E-004)
 (-1.330822130720808E-003,-7.577127883803228E-004)
 (-1.819838588384867E-004,-6.697488920224543E-004)
 (-2.616267814857891E-004,4.007222723578210E-004)
 (-8.882462365833996E-004,-5.232280153538210E-004)
 (3.943433208946179E-005,-1.076230844740384E-004)
 (0.000000000000000E+000,0.000000000000000E+000)
 (0.000000000000000E+000,0.000000000000000E+000)
 (-0.653833190157213,0.338370445218761) (-0.101350272384687,0.289559373475138)
 (-3.536940542779934E-002,-1.080123291603597E-002)
 (-3.587673244113116E-003,-7.084352703951222E-003)
 (3.212354911174048E-002,9.869245192363775E-003)
 (3.648492047049576E-002,-1.813421456010136E-002)
 (-1.939998929818397E-003,-4.012235798785081E-003)
 (1.485881823323704E-002,-7.609575805595283E-003)
 (5.700985855710319E-003,-1.815065305388559E-002)
 (-9.647110609501547E-004,-2.298003583938638E-003)
 (2.788970616658617E-003,-8.845663917349452E-003)
 (2.488071578168964E-003,7.668363160938745E-004)
 (2.869812175055441E-003,5.254544800283381E-004)
 (-1.385064567197989E-003,-3.161959722118530E-003)
 (1.779954015241935E-003,-5.661308594073542E-003)
 (1.949497505743559E-003,4.338842863394675E-004)
 (-8.908220748239269E-004,-1.757413036915884E-003)
 (2.914674293412942E-003,-1.701341356253526E-003)
 (9.707399734162551E-004,-2.947009162551832E-003)
 (-6.257974151352493E-004,-1.059651329882750E-003)
 (2.881612516248046E-004,-6.795035001016538E-005)
 (-5.119277199997930E-004,-8.936001890597731E-004)
 (5.868658703451046E-004,7.763696626618828E-005)
 (-3.062590835830502E-004,-5.884449697800525E-004)
 (-3.455013563541044E-004,-6.029589396467757E-004)
 (3.894947059290368E-004,-1.308358282487646E-003)
 (2.782391700026067E-003,-1.419566802297014E-003)
 (1.197659637392220E-003,-7.069102472414042E-004)
 (8.768175209585954E-004,-2.550593139539576E-003)
 (2.758777821141266E-004,-9.295254328776887E-004)
 (7.704958202295755E-004,-2.526434673524894E-003)
 (3.778325416794058E-004,-1.351298588301437E-003)
 (-3.831085275595731E-004,-2.347998029702965E-004)
 (7.337038138533062E-004,-3.545849099477912E-004)
 (1.125039438347908E-003,-6.295819584237958E-004)
 (-4.019031165030897E-004,1.791875716226461E-004)
 (1.398780297674981E-003,4.276829991847407E-004)
 (-1.546439442782152E-004,-4.169182483317261E-004)
 (2.013782192057068E-004,-1.139816388778567E-004)
 (-1.467969915491890E-004,-3.269883610039638E-004)
 (0.000000000000000E+000,0.000000000000000E+000)
 (0.000000000000000E+000,0.000000000000000E+000)
 (-7.823423010417486E-003,-7.848687234949287E-003)
 (0.227637699879026,0.561534997845303)
 (8.221291652497048E-003,-4.742641820067177E-003)
 (4.743848836477850E-002,1.839854379888310E-002)
 (5.010018405729894E-003,-2.168796524839570E-003)
 (5.675336203538985E-004,7.074543536072404E-004)
 (-1.104255694911343E-002,-4.072453534120946E-003)
 (4.592763476360051E-003,-1.041083650695876E-002)
 (-2.183174188276437E-003,-5.782257387232536E-003)
 (-1.474537692665593E-003,-4.322894222627809E-004)
 (4.311288695259060E-004,9.136204989532234E-004)
 (-4.284720784300559E-004,4.740952001187276E-004)
 (4.553331211148902E-004,6.223941086091377E-005)
 (-1.120581129991779E-004,1.012961652619042E-004)
 (-5.328688060445897E-004,-1.401823341846225E-003)
 (4.092116372151053E-005,1.902614903414420E-004)
 (-9.897856975823220E-005,3.875429782187305E-005)
 (-3.687817426528359E-005,4.351333899058902E-004)
 (2.328020550477506E-004,5.290909400994953E-004)
 (8.664596097114957E-004,4.096243482992859E-004)
 (8.900437100435310E-005,8.938096780480619E-005)
 (6.594783070452568E-004,3.368425200908432E-004)
 (5.335603248702758E-005,5.807858482777242E-005)
 (-3.698570603696771E-004,-1.025702742641130E-004)
 (2.715176621307374E-004,1.483719099635266E-004)
 (5.801508608803603E-006,-3.626012293853363E-005)
 (1.661411285281336E-004,-2.459614537165279E-004)
 (-1.838319332203768E-004,6.054140687140358E-004)
 (-2.482676686368304E-004,-7.059693316390608E-004)
 (4.544274515579637E-004,1.044582734347220E-003)
 (5.590682611921426E-004,1.257730694108947E-003)
 (7.704297579602271E-004,1.820942682361224E-003)
 (-1.067345150541010E-004,7.283217763795600E-005)
 (7.227918397396298E-004,-1.560736768659516E-003)
 (-5.917977867349046E-004,1.672904959988553E-003)
 (3.532751762896335E-004,-7.224679606169490E-004)
 (3.349199369912711E-005,4.231059500583833E-005)
 (-6.594835249336302E-004,-2.420641986205358E-004)
 (-3.081566455740820E-004,8.613200410625131E-004)
 (-9.855349222219241E-005,-1.978005119728142E-005)
 (0.000000000000000E+000,0.000000000000000E+000)
 (0.000000000000000E+000,0.000000000000000E+000)
