 AAAAAA           2
 (8.103644272395005E-002,-4.585720339538094E-004)
 (3.978509942597497E-004,3.933719004167254E-004)
 (-8.054350950419892E-003,8.146024856629359E-003)
 (-7.163098432255423E-003,7.244629948038263E-003)
 (-1.808743140484879E-002,1.023538999380879E-004)
 (9.416836571467246E-005,1.664108975666674E-002)
 (8.685524966289219E-005,1.534873245874119E-002)
 (-1.080929636705448E-002,6.116638999089340E-005)
 (-1.741729987460231E-004,-1.722122584655270E-004)
 (-1.741709205549489E-004,-1.722110913836434E-004)
 (5.602518923956230E-005,9.900794996614372E-003)
 (2.095950991949077E-004,2.072371835689885E-004)
 (4.985191025812198E-005,8.809686159624712E-003)
 (1.857339449646326E-004,1.836435706416997E-004)
 (-7.706142291136970E-003,7.793857242150251E-003)
 (-7.178567576460375E-003,7.260272217033129E-003)
 (-7.218451149742939E-003,7.300612466528056E-003)
 (3.576367256070013E-005,6.320348729880435E-003)
 (-5.354736214690760E-003,3.030224326813205E-005)
 (-4.187663786013583E-003,4.235327704657684E-003)
 (-3.480666309925423E-003,1.969656358657285E-005)
 (-3.480665504907120E-003,1.969566953377154E-005)
 (1.876846482214644E-005,3.316705186106752E-003)
 (1.876815714329085E-005,3.316704075969729E-003)
 (-3.191174632419107E-004,-3.155258054580527E-004)
 (1.830597613114492E-005,3.234993448407276E-003)
 (-2.997406815344937E-003,1.696134654173001E-005)
 (-2.997406037840881E-003,1.696148044960058E-005)
 (1.414840569082258E-005,2.500264604199512E-003)
 (-1.725290338200641E-004,-1.705880791487462E-004)
 (-2.081163509640196E-003,2.104852864507272E-003)
 (-2.081164269026881E-003,2.104851615878408E-003)
 (4.013268192356645E-005,3.968074211214810E-005)
 (7.671842573947572E-006,1.355878448717066E-003)
 (-1.751800615812374E-003,1.771739902472889E-003)
 (-1.101986514498339E-004,-1.089583486732880E-004)
 (-1.324039385144172E-003,7.492423402475246E-006)
 (-1.638827586454317E-003,1.657480440297409E-003)
 (8.159314069021065E-005,8.067398778333738E-005)
 (8.159253505207205E-005,8.067372435960701E-005)
 (-1.230354626365832E-003,6.962729739953474E-006)
 (-1.098496658348797E-003,6.216208712141993E-006)
 (-8.642758795259820E-004,8.741132837162842E-004)
 (0.000000000000000E+000,0.000000000000000E+000)
 (0.000000000000000E+000,0.000000000000000E+000)
 (0.000000000000000E+000,0.000000000000000E+000)
 (0.000000000000000E+000,0.000000000000000E+000)
 (9.401396853523816E-002,-5.664005953142230E-002)
 (0.102722390247876,2.548317463764426E-002)
 (1.774675378396518E-002,-7.153672200983648E-002)
 (-8.658426476671939E-004,3.490077245488566E-003)
 (1.482285632747678E-003,-8.930212482032392E-004)
 (-4.976600281936375E-003,-8.260473834113404E-003)
 (1.643046830665417E-002,2.727213444198961E-002)
 (4.785844602998679E-003,-2.883304726795404E-003)
 (3.687938159618889E-003,9.148899190736078E-004)
 (3.687924284609284E-003,9.148909541447568E-004)
 (6.484493712311739E-003,1.076329908116027E-002)
 (7.269308156067926E-003,1.803360193343008E-003)
 (3.095764382854377E-003,5.138508850794333E-003)
 (9.691269922079528E-003,2.404208602079270E-003)
 (-7.336376300427996E-004,2.957282057537264E-003)
 (-1.309016036944252E-003,5.276546770923924E-003)
 (-1.264677133370677E-003,5.097877117670071E-003)
 (1.194236183065942E-003,1.982282681599447E-003)
 (1.426508116337014E-003,-8.594217399037965E-004)
 (3.612529989076515E-004,-1.456233828362863E-003)
 (3.145795970847112E-003,-1.895236748399257E-003)
 (3.145808084562024E-003,-1.895240350151481E-003)
 (1.405937245847858E-003,2.333627419339551E-003)
 (1.405920619923689E-003,2.333618743826444E-003)
 (3.077811531446748E-003,7.635349740128929E-004)
 (1.917846316305825E-003,3.183337389622522E-003)
 (6.322067109404975E-005,-3.808962829837845E-005)
 (6.322099851809242E-005,-3.808494943550330E-005)
 (-1.056068902390742E-003,-1.752938606944441E-003)
 (6.707340515147595E-004,1.663955099756637E-004)
 (-1.158691640879901E-005,4.670198068397948E-005)
 (-1.158975955243774E-005,4.669312754266739E-005)
 (-7.571039756327812E-004,-1.878159423656234E-004)
 (2.004316483149199E-004,3.326973038791929E-004)
 (-1.293074043522003E-004,5.212383141309971E-004)
 (1.876311310994171E-003,4.654732469142923E-004)
 (4.817066753335541E-004,-2.902122263438520E-004)
 (2.778575557321026E-004,-1.120050494774500E-003)
 (1.624594063299221E-003,4.030304866839855E-004)
 (1.624587423624394E-003,4.030214960945146E-004)
 (4.594865134991635E-005,-2.767451781218066E-005)
 (6.441674522607632E-004,-3.880950717229630E-004)
 (-2.108229414109230E-004,8.498052401101418E-004)
 (0.000000000000000E+000,0.000000000000000E+000)
 (0.000000000000000E+000,0.000000000000000E+000)
 (0.000000000000000E+000,0.000000000000000E+000)
 (0.000000000000000E+000,0.000000000000000E+000)
 (-3.362933715036760E-007,2.465849148180033E-007)
 (0.157542045577403,8.646652127633053E-002)
 (-5.365517096627217E-002,2.974450279458389E-002)
 (1.022222748663541E-002,-1.862489989086414E-002)
 (1.921400021945029E-003,-2.040127605737195E-002)
 (-9.389441245354409E-003,-2.010895301199452E-002)
 (2.560360884502549E-003,8.789891150082696E-003)
 (-8.246710895084286E-004,8.755890228854786E-003)
 (4.114458283867784E-003,-3.931226507481804E-004)
 (1.068887313831161E-003,4.674868676903934E-003)
 (-4.544451714827663E-004,8.144116126889643E-003)
 (-3.950530883499628E-003,-3.159889587782081E-003)
 (-1.860534065313574E-003,-6.387362771225071E-003)
 (-1.411132242959007E-003,4.781359718263585E-004)
 (4.506579681683954E-003,1.318802319858472E-003)
 (2.971452722061962E-003,-5.413973822258203E-003)
 (-5.124466757372085E-003,2.840808915303101E-003)
 (-9.921598240555997E-005,3.460720310119187E-004)
 (-1.826014238003608E-005,1.938465528137035E-004)
 (-2.872731371987083E-003,1.592545865574367E-003)
 (-8.471817592832358E-004,-2.763447188888155E-004)
 (-1.055147429216864E-004,5.221539454725440E-004)
 (-8.349225708135704E-004,1.976199200596209E-003)
 (-4.893699616805897E-004,-2.552474552286427E-003)
 (8.703853227359726E-005,-7.206368177609262E-005)
 (1.111158056325977E-003,-9.981472313618431E-004)
 (2.654623515980524E-003,-1.179769565813546E-003)
 (-2.437260690794624E-003,-1.128038934011269E-003)
 (2.294926325079531E-004,4.689364041107213E-006)
 (1.830166866708572E-003,1.004483713850498E-003)
 (6.493820781243023E-004,4.776124373779752E-005)
 (1.467713484256122E-004,-7.973200573543509E-004)
 (-2.726099467787160E-004,2.256747714282068E-004)
 (9.472253968834691E-005,-3.303954197058485E-004)
 (8.350797121056980E-004,-6.907655485543971E-004)
 (-1.188302485627187E-004,9.837248755043389E-005)
 (-8.598081776312030E-004,1.222977370748521E-004)
 (2.715140137702425E-004,6.352296773572640E-004)
 (8.477245965194519E-005,6.053174735228325E-004)
 (6.171486515389684E-004,6.608524363971995E-004)
 (1.873151639274777E-004,-5.456493682234145E-005)
 (5.297932680709852E-004,1.518977098152861E-004)
 (-1.068771557181125E-003,5.924914205692245E-004)
 (0.000000000000000E+000,0.000000000000000E+000)
 (0.000000000000000E+000,0.000000000000000E+000)
 (0.000000000000000E+000,0.000000000000000E+000)
 (0.000000000000000E+000,0.000000000000000E+000)
 (-7.217014708990318E-007,1.300927356264128E-007)
 (4.784108224601282E-002,-0.112020963531878)
 (1.277421496981227E-002,-4.704232334979246E-002)
 (-1.324453829908914E-002,-5.656158069774661E-003)
 (1.508791294582694E-002,-3.785681106407445E-002)
 (-1.969040828596517E-002,2.514206582864470E-003)
 (5.758519274098679E-003,-2.311825158270492E-003)
 (-6.475177744900315E-003,1.624682870156109E-002)
 (5.232734630699781E-003,-3.520700052674314E-003)
 (-5.817035743301667E-003,1.569819294926517E-004)
 (1.223269258490225E-004,-4.363707362854262E-003)
 (2.895003821298664E-004,2.587096826379348E-003)
 (-4.184790110840420E-003,1.680121835087463E-003)
 (-2.309843697174853E-003,1.284286380695074E-003)
 (2.111326236825161E-003,8.257397291049216E-003)
 (-3.849688420634607E-003,-1.644141572732518E-003)
 (1.220020941438237E-003,-4.492754356655260E-003)
 (-1.422926554351866E-004,-2.484269600025386E-004)
 (-1.430563015499627E-004,3.589063429964662E-004)
 (6.839235715268549E-004,-2.518633929706548E-003)
 (6.339880402689910E-004,-4.099368009649638E-004)
 (-3.584480309109967E-004,9.755856576381027E-004)
 (-1.307064354538146E-003,-1.628289889912919E-003)
 (-1.203454059188751E-003,8.712084225371366E-004)
 (2.064803292286316E-004,-8.882129884428619E-005)
 (1.931826593121262E-003,1.364270490764680E-003)
 (-3.787798142289999E-004,-2.488874615930529E-003)
 (2.085332877754785E-003,-1.793149167255899E-003)
 (4.236197568562362E-004,1.780685087418305E-004)
 (5.557450279963522E-004,-1.301325568105775E-003)
 (1.855796929089368E-004,1.029333955826862E-003)
 (-6.321913934185353E-004,-6.789499717100428E-004)
 (-6.464623355359826E-004,2.779934301213429E-004)
 (1.357290433147973E-004,2.369569131876049E-004)
 (-3.888585095004644E-004,4.751993918236751E-004)
 (-2.818698379555448E-004,1.212044317913585E-004)
 (3.267442606847130E-004,3.270126025283974E-004)
 (5.908486647289361E-004,1.124479155814965E-003)
 (-8.135311799628874E-004,6.507244716340258E-005)
 (-2.965011211518064E-004,-3.665089370513787E-004)
 (-4.920378436835707E-005,-1.225078881016914E-004)
 (-3.800625115721271E-004,2.177346650976968E-004)
 (2.544897270364034E-004,-9.372169896451640E-004)
 (0.000000000000000E+000,0.000000000000000E+000)
 (0.000000000000000E+000,0.000000000000000E+000)
 (0.000000000000000E+000,0.000000000000000E+000)
 (0.000000000000000E+000,0.000000000000000E+000)
 AAAAAA           3
 (2.519832778821558E-002,6.780727664692665E-002)
 (-7.719504590943354E-004,1.684982813994509E-003)
 (-9.793537385568532E-003,-4.486743439454969E-003)
 (-7.525728988946575E-003,-2.025131352449478E-002)
 (-1.684333820452128E-002,6.259269391757827E-003)
 (-8.261180980727693E-003,-3.784719960846023E-003)
 (-1.586195149474905E-002,5.894570013666048E-003)
 (8.426254360199281E-005,-1.839198942157095E-004)
 (-3.814687190877054E-003,-1.026511209536017E-002)
 (3.133996107805216E-004,-6.840827970959638E-004)
 (-3.852982941120668E-004,8.410225834394054E-004)
 (-8.505945828934885E-003,3.160956099016795E-003)
 (-7.456422097613759E-003,2.770934957661771E-003)
 (-1.193358664429698E-004,2.604818686740726E-004)
 (-9.962781329566701E-003,-4.564283900783611E-003)
 (-9.430557749889927E-003,-4.320449933080780E-003)
 (-6.082809010509509E-003,2.260477514514599E-003)
 (-8.794939369997442E-003,-4.029255128911361E-003)
 (-6.076808191864149E-003,-2.783989292130823E-003)
 (-1.559208128096587E-003,-4.195744536230608E-003)
 (-1.389136963289978E-003,-3.738092106626005E-003)
 (-3.665884071328562E-003,1.362307298038448E-003)
 (-3.470370958436767E-003,1.289646143972292E-003)
 (-1.284310815086666E-003,-3.456007774833419E-003)
 (2.581862294541213E-004,-5.635642179353807E-004)
 (-9.732296033737660E-004,-2.618909080716834E-003)
 (-9.732296981583104E-004,-2.618910461720806E-003)
 (-2.812310129405687E-003,1.045102467693904E-003)
 (-2.846822975426818E-003,-1.304225398429721E-003)
 (-2.144045846242587E-003,7.967642901111918E-004)
 (-2.722604413318812E-003,-1.247316966860671E-003)
 (7.297982521718379E-005,-1.592984313957401E-004)
 (-1.324779149544154E-003,4.923107377755186E-004)
 (-5.129051917625751E-004,-1.380199296943178E-003)
 (3.998207320057346E-005,-8.727193252469899E-005)
 (5.920861537622138E-005,-1.292377104657146E-004)
 (-7.732773918377346E-005,1.687903680081742E-004)
 (-4.434480264031891E-004,-1.193293386617471E-003)
 (-9.251119851746739E-005,2.019330797563501E-004)
 (-2.120243345785062E-003,-9.713536352800701E-004)
 (-1.855080105035610E-003,-8.498729329193687E-004)
 (-1.251389332010225E-003,-5.733028270298102E-004)
 (-8.280799991415740E-004,3.077279651095764E-004)
 (-3.541125735758062E-004,-9.528990727364057E-004)
 (0.000000000000000E+000,0.000000000000000E+000)
 (0.000000000000000E+000,0.000000000000000E+000)
 (0.000000000000000E+000,0.000000000000000E+000)
 (-5.327880904804604E-002,-2.079796771973384E-002)
 (-2.512160691161653E-002,-5.729329377868736E-002)
 (-6.129584529682816E-002,2.687653431318975E-002)
 (9.602061989773127E-003,3.748313019176443E-003)
 (6.663133337615766E-004,-1.706979318503391E-003)
 (5.845930045428340E-003,-2.563290803422710E-003)
 (1.161649185027932E-002,-2.975832240528813E-002)
 (-2.275106701852706E-003,-5.188613308290569E-003)
 (-9.542856035856400E-003,-3.725187402300856E-003)
 (-3.469040765343929E-003,-7.911523468727097E-003)
 (-4.339901689734476E-003,-9.897806055181178E-003)
 (4.062546663375690E-003,-1.040696386937523E-002)
 (2.570047170692313E-003,-6.583624301986515E-003)
 (-3.653223290588647E-003,-8.331628178041388E-003)
 (5.083885522523617E-003,-2.229111413783891E-003)
 (1.030529621002177E-003,-4.518533821403220E-004)
 (1.608782613560320E-003,-4.121255564386694E-003)
 (4.222759685698793E-003,-1.851611792747219E-003)
 (-4.120416734230681E-004,1.806671168382739E-004)
 (-1.472226968401075E-003,-5.747256276900797E-004)
 (-4.089457962987958E-003,-1.596350151824101E-003)
 (1.593037680421461E-003,-4.080993592748947E-003)
 (1.585285770906264E-003,-4.061040691875875E-003)
 (-3.807991443542008E-003,-1.486481085346742E-003)
 (-1.711252896396021E-003,-3.902732786150180E-003)
 (-3.134838179950265E-004,-1.223781689351635E-004)
 (-3.134480323155756E-004,-1.223335136277531E-004)
 (1.064678932192065E-003,-2.727444135699644E-003)
 (4.404606287847018E-004,-1.931223687969306E-004)
 (-4.278260543967974E-004,1.096007315550178E-003)
 (4.967271635447197E-005,-2.179121949502676E-005)
 (-1.232859980461310E-003,-2.811679387713920E-003)
 (4.662444800743365E-004,-1.194344727676756E-003)
 (-1.026415573101677E-003,-4.006800373352053E-004)
 (-1.298666997095358E-004,-2.961911937442179E-004)
 (-3.613288102770773E-004,-8.240330123853284E-004)
 (-1.036524741636270E-003,-2.363929976857588E-003)
 (-4.653158325452298E-004,-1.816575913739458E-004)
 (-8.923377605128633E-004,-2.035121274295215E-003)
 (-1.266558198028042E-003,5.553603311396413E-004)
 (3.972313736239332E-004,-1.741896864442740E-004)
 (8.879116608105468E-004,-3.893255950280874E-004)
 (5.013750280257771E-004,-1.284356916307564E-003)
 (-8.428019222404689E-004,-3.289947425817355E-004)
 (0.000000000000000E+000,0.000000000000000E+000)
 (0.000000000000000E+000,0.000000000000000E+000)
 (0.000000000000000E+000,0.000000000000000E+000)
 (1.030838724715380E-006,-3.018794764293894E-007)
 (5.615198739280490E-002,0.140011220268057)
 (-8.277628531876870E-002,3.319793544480648E-002)
 (2.616585121820267E-007,2.131002725137978E-008)
 (4.432086322645769E-003,-1.036776948782538E-002)
 (6.055118754439420E-003,-2.428716755050085E-003)
 (-1.758292193943432E-003,4.112877418724130E-003)
 (1.237669665696735E-003,3.085886898300773E-003)
 (4.009115464051429E-008,-3.384797135796604E-008)
 (1.052971602287875E-003,2.625424511331974E-003)
 (-1.409698541035421E-003,-3.514765191951543E-003)
 (-1.871238335581528E-003,4.377053383576432E-003)
 (1.399038130675990E-003,-3.272781473835247E-003)
 (-4.454415471221543E-004,-1.110701941280261E-003)
 (5.077694349093194E-003,-2.036430251675875E-003)
 (2.382337012065985E-003,-9.554430818420418E-004)
 (-1.877928049121240E-004,4.393476393089969E-004)
 (-4.845100921510924E-003,1.943106423484810E-003)
 (-2.531717066053740E-003,1.015328658655195E-003)
 (3.184612948085388E-008,-6.930831801231700E-009)
 (-5.889530824816025E-004,-2.518139202134204E-004)
 (8.827745200911479E-004,-2.065022729371273E-003)
 (-6.104544472828494E-004,1.427978418355657E-003)
 (3.846713419708289E-004,1.644209658093034E-004)
 (4.851047396783844E-008,2.586254666677268E-008)
 (2.733425281696460E-003,1.168546684160134E-003)
 (-2.733442130629437E-003,-1.168538877103867E-003)
 (3.751042082633278E-004,-8.774047165243272E-004)
 (-1.588977402047391E-004,6.372588118608275E-005)
 (-4.626041740442409E-005,1.082568756873470E-004)
 (8.875298661347587E-004,-3.559425232932226E-004)
 (4.787810722405012E-008,2.851950002707686E-008)
 (1.062349435310662E-004,-2.484897257158724E-004)
 (-5.010326817935628E-004,-2.142127847469051E-004)
 (2.622519528578570E-008,8.922413337206706E-009)
 (6.579840771467508E-004,1.640628090836824E-003)
 (2.123594313345307E-004,5.294691832553670E-004)
 (-1.037778458646408E-004,-4.435411025995469E-005)
 (3.897368364880309E-004,9.718282776140457E-004)
 (-3.865126220166087E-004,1.550132871897292E-004)
 (8.238765642246379E-004,-3.304256611163420E-004)
 (-6.715102508966940E-004,2.693129250699025E-004)
 (-1.753955008300402E-004,4.102958636788220E-004)
 (4.447681631391657E-004,1.901326424342511E-004)
 (0.000000000000000E+000,0.000000000000000E+000)
 (0.000000000000000E+000,0.000000000000000E+000)
 (0.000000000000000E+000,0.000000000000000E+000)
 (3.877844803118687E-002,7.999990297176067E-003)
 (-5.898990441812053E-002,-8.965580302209206E-002)
 (-6.875396132483855E-002,4.523740544382550E-002)
 (-4.733422392740998E-002,-9.765173709373595E-003)
 (-6.421500241743512E-003,3.112665805232458E-002)
 (6.784062867473210E-003,-4.463649773369755E-003)
 (1.681324685790776E-003,-8.149929444897869E-003)
 (-4.216759611462199E-004,-6.408885467628035E-004)
 (1.644996433675469E-002,3.393638775668794E-003)
 (6.996451122487739E-003,1.063357622909135E-002)
 (3.538709255142808E-003,5.378351252438979E-003)
 (-4.299179910072160E-005,2.083169344072873E-004)
 (-8.567017103660016E-004,4.152665693488047E-003)
 (1.271501351161572E-003,1.932516970768277E-003)
 (-1.284720282385189E-003,8.453017493233266E-004)
 (6.449678296094546E-003,-4.243615061510051E-003)
 (-4.915185766502776E-004,2.382524215711967E-003)
 (-1.742291015452141E-004,1.146170161024332E-004)
 (-6.049274053476024E-004,3.980086549652902E-004)
 (1.191908021366067E-003,2.458824039494003E-004)
 (1.884985843879667E-003,3.888700653478941E-004)
 (-2.492163682397218E-004,1.208052557242765E-003)
 (-4.653040256998199E-004,2.255410643773870E-003)
 (3.354882418862335E-003,6.921172514894284E-004)
 (1.475844147675218E-003,2.243065126034403E-003)
 (-3.664585930154200E-004,-7.561016076242638E-005)
 (-3.664542703401556E-004,-7.559966635393704E-005)
 (4.822994299408319E-004,-2.337806296392127E-003)
 (1.393635770915673E-004,-9.169585718158021E-005)
 (-3.270177753431932E-004,1.585181308001386E-003)
 (1.528678440166125E-003,-1.005819430308220E-003)
 (7.093274852506302E-004,1.078060351227256E-003)
 (-8.684653510672186E-005,4.209353565865396E-004)
 (9.407578262857718E-004,1.940697604304391E-004)
 (1.399004368372689E-003,2.126281553544261E-003)
 (8.524055797626462E-005,1.295442635621011E-004)
 (6.120340255991184E-004,9.301984917781008E-004)
 (4.358531555243481E-004,8.990890184997487E-005)
 (4.037570197673856E-004,6.136695297498233E-004)
 (4.148531028352145E-004,-2.729604435720414E-004)
 (4.335686222944032E-004,-2.852707886972374E-004)
 (-3.418731761296336E-004,2.249305323865422E-004)
 (1.978639063302640E-005,-9.591843253372180E-005)
 (5.667432698289453E-004,1.169156719132793E-004)
 (0.000000000000000E+000,0.000000000000000E+000)
 (0.000000000000000E+000,0.000000000000000E+000)
 (0.000000000000000E+000,0.000000000000000E+000)
 AAAAAA           4
 (3.705801355884517E-003,-8.849082095575370E-004)
 (3.403227286102474E-002,-5.538381038171704E-002)
 (1.858529520463607E-003,7.783107118018454E-003)
 (-1.375097796368322E-002,2.237821819528454E-002)
 (1.645419820427649E-002,1.011078626989014E-002)
 (1.608509836724839E-002,9.883978732992918E-003)
 (1.828790690321740E-003,7.658632855376825E-003)
 (-9.820740512219445E-005,2.345237987086020E-005)
 (-1.276557698014088E-003,3.048214431405294E-004)
 (-5.793621917245284E-003,9.428483916931872E-003)
 (1.641726331913859E-003,-3.920326029758070E-004)
 (2.737426125184627E-003,1.146379370078365E-002)
 (7.021630753997115E-003,4.314659363609100E-003)
 (6.003061755373598E-003,3.688757981544229E-003)
 (5.708811718717847E-003,3.507954236543039E-003)
 (3.355999235862064E-004,-8.013884612582033E-005)
 (2.279950880045785E-003,9.548003991493465E-003)
 (2.102377601437071E-003,8.804359858251858E-003)
 (1.727548411476297E-003,7.234674557197072E-003)
 (-2.356025331181454E-003,3.834184569475596E-003)
 (3.916065373783843E-003,2.406346864430834E-003)
 (3.554297267299366E-003,2.184047394815801E-003)
 (-8.073320778340639E-004,1.927788573965915E-004)
 (-2.060134144324142E-003,3.352644538960518E-003)
 (-1.877817343198491E-003,3.055938135058536E-003)
 (-1.631292568477862E-004,3.895398094910145E-005)
 (-1.345917883924084E-003,2.190339510072260E-003)
 (-1.345916700017296E-003,2.190337949401514E-003)
 (7.719794602559537E-004,3.232901804064091E-003)
 (2.868826328574899E-004,-6.850471252366321E-005)
 (-8.257063515516641E-004,1.343749503133509E-003)
 (2.366207540089450E-003,1.453988770365791E-003)
 (1.255732335348266E-003,7.716207132075052E-004)
 (7.096464483998047E-004,2.971860138959095E-003)
 (1.737559552117686E-003,1.067695007345295E-003)
 (-6.785012122619499E-004,1.104185236389405E-003)
 (-1.991201039587983E-004,4.754675284985615E-005)
 (3.674634184185456E-004,-8.774857356394042E-005)
 (-9.947259948373152E-005,2.375306403666273E-005)
 (5.332495198048282E-004,2.233143148455049E-003)
 (8.876186532535453E-004,5.454231451159329E-004)
 (3.546123782946879E-004,1.485051224866759E-003)
 (3.591655641971306E-004,1.504114056304875E-003)
 (0.000000000000000E+000,0.000000000000000E+000)
 (0.000000000000000E+000,0.000000000000000E+000)
 (0.000000000000000E+000,0.000000000000000E+000)
 (0.000000000000000E+000,0.000000000000000E+000)
 (-2.952969714545195E-002,1.436797739622762E-002)
 (-1.376773169469842E-002,3.986196474795918E-002)
 (1.983055351620971E-002,4.075641149485988E-002)
 (9.580361605680359E-003,-2.773808444802200E-002)
 (-1.216148747387300E-002,-4.200401900222133E-003)
 (-2.719053478691963E-002,-9.391242157610891E-003)
 (-1.734966020534067E-003,-3.565862170815346E-003)
 (-6.777496046356361E-003,3.297693990221884E-003)
 (-1.160292013850027E-002,5.645589528761739E-003)
 (-4.163977878611809E-003,1.205602123456369E-002)
 (-1.216935054036164E-002,5.921070955047352E-003)
 (-1.991197420114762E-003,-4.092458828694709E-003)
 (-8.534481153083898E-003,-2.947691293622242E-003)
 (-6.804407760695443E-003,-2.350120563925655E-003)
 (-5.707682040150446E-003,-1.971371620358616E-003)
 (-6.904594798460645E-003,3.359500077362475E-003)
 (2.725508832643368E-004,5.601475479944389E-004)
 (-1.374226252791685E-003,-2.824268677329478E-003)
 (-8.264516098997442E-007,-1.718555475658468E-006)
 (-1.861360543764788E-003,5.389192811605143E-003)
 (-5.461595935862935E-003,-1.886375751155746E-003)
 (-5.356851512136015E-003,-1.850134769754590E-003)
 (-5.068645183680606E-003,2.466208220361897E-003)
 (-1.569993934689219E-003,4.545741619316471E-003)
 (-5.089553972978375E-004,1.473595883864187E-003)
 (-3.980074437306970E-003,1.936564258752635E-003)
 (-2.850009656132154E-004,8.252399801576364E-004)
 (-2.850045143674680E-004,8.252348532416054E-004)
 (-1.858079762115087E-004,-3.818661102008845E-004)
 (-3.288942127092835E-003,1.600244398592738E-003)
 (-6.558304160631772E-004,1.898906245896155E-003)
 (-1.776190660973798E-003,-6.134838408233937E-004)
 (-2.023538855313873E-003,-6.989079888376595E-004)
 (1.207534391771017E-004,2.481903466977108E-004)
 (5.748339948089220E-005,1.985823510498200E-005)
 (-3.827073624211468E-004,1.108037567061323E-003)
 (-1.142850042083243E-003,5.560509004093587E-004)
 (-2.495178967322200E-003,1.214039073216313E-003)
 (-8.955921069871517E-004,4.357449776139764E-004)
 (5.419360573230799E-004,1.113776842788181E-003)
 (-1.677506080642854E-003,-5.793802478911331E-004)
 (-3.692020830107552E-004,-7.588365930074276E-004)
 (-9.096751367296193E-005,-1.869742670222405E-004)
 (0.000000000000000E+000,0.000000000000000E+000)
 (0.000000000000000E+000,0.000000000000000E+000)
 (0.000000000000000E+000,0.000000000000000E+000)
 (0.000000000000000E+000,0.000000000000000E+000)
 (-8.732177980959595E-002,1.198805962058086E-003)
 (1.994634682137294E-002,-2.050155769568376E-002)
 (1.487555135520245E-003,0.108353538282218)
 (-3.660325474617213E-002,3.762232563908368E-002)
 (2.113423287334014E-002,2.056177858372263E-002)
 (-1.058429937560427E-002,-1.029759966798587E-002)
 (-1.524070064219011E-004,-1.110382072765223E-002)
 (-2.642025249668368E-003,3.628485523940147E-005)
 (1.009164560575673E-002,-1.385406548268534E-004)
 (6.871826948378482E-003,-7.063123100975193E-003)
 (4.294918634980784E-003,-5.897978843311615E-005)
 (-1.103984234892834E-005,-8.044764458348515E-004)
 (-1.662794949863081E-003,-1.617767594128065E-003)
 (8.680816874085201E-004,8.445655521087626E-004)
 (1.137608777467053E-003,1.106810297037493E-003)
 (-4.738189539305792E-004,6.514201642947266E-006)
 (-7.397154739372783E-005,-5.388918313265909E-003)
 (-2.146484196692872E-005,-1.563940465946810E-003)
 (1.685081210726796E-007,1.211335400539241E-005)
 (8.394138689032818E-004,-8.627620145062689E-004)
 (-2.926075271678279E-004,-2.846908526569913E-004)
 (5.580658678849826E-004,5.429476588971399E-004)
 (1.804231481095703E-003,-2.476971043508539E-005)
 (1.608007640161446E-003,-1.652767671364186E-003)
 (4.107797381691502E-004,-4.222100391627586E-004)
 (2.900853316872824E-004,-3.983019030166929E-006)
 (1.426642261136644E-004,-1.466358891609531E-004)
 (1.426583356979484E-004,-1.466335967056154E-004)
 (-9.321469912060707E-006,-6.791049722402675E-004)
 (5.363540239879512E-004,-7.364525179996086E-006)
 (7.355753279128046E-004,-7.560540215905172E-004)
 (-1.621108733566279E-003,-1.577193865012505E-003)
 (-1.996764002590001E-005,-1.941953237057128E-005)
 (-2.194806220547352E-005,-1.599013061950068E-003)
 (1.536188590733437E-003,1.494581455252257E-003)
 (4.681436834370003E-004,-4.811768023433309E-004)
 (2.006952638980895E-003,-2.755080560512889E-005)
 (2.862809226019657E-004,-3.931645652033812E-006)
 (-3.263934266780730E-005,4.486271243742189E-007)
 (5.623896483917862E-006,4.092828523255041E-004)
 (-4.080251188606240E-004,-3.969832000647460E-004)
 (-1.480515796344762E-006,-1.084052442469705E-004)
 (-7.711060367831008E-006,-5.617492692056303E-004)
 (0.000000000000000E+000,0.000000000000000E+000)
 (0.000000000000000E+000,0.000000000000000E+000)
 (0.000000000000000E+000,0.000000000000000E+000)
 (0.000000000000000E+000,0.000000000000000E+000)
 (-5.878308871316015E-003,0.125677868553329)
 (3.105987006289680E-007,-4.600447613015457E-008)
 (-0.104548935095128,-4.889801926947387E-003)
 (7.250945849543376E-009,-1.026171469187036E-007)
 (4.071719492522937E-003,-3.707932692719024E-003)
 (-1.599960956269800E-003,1.456992987430013E-003)
 (1.653854235865710E-003,7.721889896032571E-005)
 (-1.260380952348163E-004,2.695407661243658E-003)
 (-8.020152258921737E-005,1.715230660912827E-003)
 (3.040347973789081E-008,-4.627211696568812E-008)
 (1.409772639555856E-004,-3.014877600339333E-003)
 (4.500976835743775E-003,2.105360117077781E-004)
 (-2.460705046170239E-003,2.240799539261745E-003)
 (1.950097888398459E-003,-1.775856996532398E-003)
 (-1.875226651036995E-004,1.707855938797250E-004)
 (3.567948804966903E-005,-7.621570343940377E-004)
 (2.086543711911233E-003,9.756383546467382E-005)
 (-4.120339191758796E-003,-1.927181356564505E-004)
 (-1.992277253634439E-003,-9.320667351532110E-005)
 (-5.603854115472398E-005,-6.155571221222918E-005)
 (1.643161478481315E-003,-1.496356850800126E-003)
 (-1.040163723164931E-003,9.471966964194139E-004)
 (1.697749497657337E-008,-2.222833642077140E-009)
 (4.544924484262410E-004,4.990700641215636E-004)
 (9.956523101342426E-009,-2.151407952623998E-008)
 (5.974928489241124E-009,-6.138300795578195E-009)
 (1.777297357226784E-003,1.951720724895887E-003)
 (-1.777312231274105E-003,-1.951718760566760E-003)
 (-6.471486282218954E-004,-3.027194889367844E-005)
 (-4.587483284875048E-005,9.809422962078116E-004)
 (1.568387748191781E-004,1.722264661594946E-004)
 (5.896028602037084E-004,-5.368943584997450E-004)
 (2.048301363830893E-004,-1.865145256426557E-004)
 (1.046263616182847E-003,4.893305699515791E-005)
 (-1.281721816589582E-004,1.167196451839437E-004)
 (-4.086700769328266E-004,-4.487718212815872E-004)
 (1.246237538669520E-008,-6.134299192631012E-009)
 (-5.840261874152950E-005,1.248643845116892E-003)
 (-5.219415714974243E-005,1.115968052115122E-003)
 (-4.653261056875404E-004,-2.176202376760920E-005)
 (-3.301851118587396E-004,3.006616832522017E-004)
 (-1.877378057817496E-004,-8.786657106962547E-006)
 (6.147654181383043E-004,2.874995315706046E-005)
 (0.000000000000000E+000,0.000000000000000E+000)
 (0.000000000000000E+000,0.000000000000000E+000)
 (0.000000000000000E+000,0.000000000000000E+000)
 (0.000000000000000E+000,0.000000000000000E+000)
 AAAAAA           5
 (1.543306921805583E-004,-1.129178077632242E-006)
 (-5.500794500194663E-005,-7.648060145224533E-003)
 (-4.177725672664821E-002,-4.118074373711002E-002)
 (2.420846399387328E-002,2.386283172745195E-002)
 (1.465978079252810E-002,-1.487211669749428E-002)
 (1.548863005843051E-002,-1.571299071680986E-002)
 (7.071247566431770E-003,-5.084436031316405E-005)
 (-3.136620871547932E-006,-4.351370102898390E-004)
 (1.229681743806967E-005,1.708778233198303E-003)
 (7.744527926544771E-003,7.633960148578368E-003)
 (-2.191250992613801E-005,-3.047103021765387E-003)
 (1.274518452373281E-002,-9.164259787755114E-005)
 (5.384893411955430E-003,-5.462895520005551E-003)
 (4.983433319959710E-003,-5.055612681540160E-003)
 (8.409592499944846E-003,-6.045723199706965E-005)
 (4.557778967669917E-003,-4.623783458364806E-003)
 (3.508797256789997E-003,3.458695843625494E-003)
 (4.074997020749482E-003,-4.134004234390600E-003)
 (9.191533442117244E-003,-6.609131424149968E-005)
 (-4.221832987426336E-006,-5.871441913057111E-004)
 (8.439059410631687E-003,-6.068184833268875E-005)
 (3.506333947845415E-003,-3.557118425958194E-003)
 (6.777745945064716E-006,9.415316603255396E-004)
 (2.935367410466739E-003,2.893453813767100E-003)
 (-5.872568610063735E-007,-8.125144602052327E-005)
 (-4.427249107440476E-006,-6.158940873861564E-004)
 (1.148320816442126E-003,1.131918144157827E-003)
 (3.579183515193758E-003,-2.573751501110393E-005)
 (1.948452987065967E-003,1.920635973652907E-003)
 (1.154968894358032E-003,-1.171698446625383E-003)
 (1.610196042382821E-003,1.587205019885472E-003)
 (1.610197268390941E-003,1.587208839024923E-003)
 (3.123114585922393E-003,-2.245427339614176E-005)
 (8.737843959772398E-004,8.613085949470481E-004)
 (1.233452556125048E-003,-1.251325857393158E-003)
 (1.800749330421247E-003,-1.826830343166054E-003)
 (9.373205609068457E-004,-9.508979347130628E-004)
 (-4.960877541378871E-006,-6.895171423348832E-004)
 (1.741893008471684E-003,-1.252535256117014E-005)
 (2.431338497588884E-006,3.378388862891887E-004)
 (2.206066058000158E-003,-1.585906862320473E-005)
 (-1.459173514838986E-007,-2.006811382299211E-005)
 (7.693563981641721E-004,-5.529178585287448E-006)
 (7.693580512790629E-004,-5.535016749272603E-006)
 (2.895357361855208E-004,-2.937254471240889E-004)
 (1.673845182490563E-004,1.649936569746129E-004)
 (0.000000000000000E+000,0.000000000000000E+000)
 (2.194214116543435E-002,-8.421814267109604E-004)
 (6.814714328320743E-004,1.775733687916992E-002)
 (2.289096669771908E-002,2.119885939398859E-002)
 (-3.499107739905816E-002,-3.240443066735697E-002)
 (-1.217162675274744E-002,1.314318006372331E-002)
 (-1.568116478936580E-002,1.693284397723598E-002)
 (-1.429946263319693E-003,5.488140438929259E-005)
 (3.175531017998560E-004,8.275109554054794E-003)
 (5.571170978649438E-004,1.451553234970149E-002)
 (9.401119573509354E-003,8.706168158667687E-003)
 (5.350500306116981E-004,1.394087388698702E-002)
 (-2.545129664989889E-003,9.767959878992312E-005)
 (-4.419962821613355E-003,4.772790394390818E-003)
 (-4.331522629397723E-003,4.677287627234306E-003)
 (1.893783227242031E-004,-7.228939782486991E-006)
 (-4.095455229202766E-003,4.422367879076607E-003)
 (5.039069009463421E-003,4.666573865860125E-003)
 (-4.330022122501965E-003,4.675719063718636E-003)
 (1.622776490148332E-003,-6.227541389227246E-005)
 (2.304622349232954E-004,6.005331991562324E-003)
 (-1.419572295785996E-003,5.447706371110184E-005)
 (-3.995000856580900E-003,4.313885364089373E-003)
 (2.400547350449518E-004,6.254193152980750E-003)
 (3.671154316247889E-003,3.399758035901171E-003)
 (2.143751201645192E-004,5.585471818925156E-003)
 (1.786676990090301E-004,4.655421150206645E-003)
 (2.184649671150721E-003,2.023123014440586E-003)
 (-8.742926388240525E-005,3.348044624988359E-006)
 (1.092547221288754E-003,1.011786984827076E-003)
 (-1.744404714597883E-003,1.883648684209788E-003)
 (9.820522820633824E-004,9.094623860217608E-004)
 (9.820574615986009E-004,9.094709202769123E-004)
 (5.642183419881649E-004,-2.164823539681282E-005)
 (1.346244430087888E-003,1.246715961879434E-003)
 (-4.907174128920390E-004,5.298729440376523E-004)
 (-7.118377590513672E-004,7.686634752084574E-004)
 (-1.455464233604643E-003,1.571643807518703E-003)
 (1.122722298151504E-004,2.925433431401436E-003)
 (-4.863271134926965E-004,1.867168991148695E-005)
 (6.475916101730421E-005,1.687178084045872E-003)
 (9.358088743432086E-004,-3.590521407646034E-005)
 (3.518959640745378E-005,9.168598347567530E-004)
 (-1.646601671502380E-004,6.327509117278086E-006)
 (-1.646615178277238E-004,6.311104738468076E-006)
 (-9.693645322386489E-004,1.046749486148082E-003)
 (8.146309437610017E-004,7.544075995778901E-004)
 (0.000000000000000E+000,0.000000000000000E+000)
 (-3.285281476982430E-002,0.124039167024441)
 (-6.911410146704544E-002,-1.830547599286137E-002)
 (1.794153307530977E-002,-1.042764887165315E-002)
 (-4.976904811996127E-002,2.892606987326448E-002)
 (1.263735744162481E-002,2.174335905243469E-002)
 (-9.898723430871639E-003,-1.703138374044609E-002)
 (2.783105266581062E-003,-1.050779885512381E-002)
 (-6.786034678831231E-003,-1.797313421427372E-003)
 (5.760887848400383E-003,1.525827712479651E-003)
 (3.419818129989115E-003,-1.987602899230802E-003)
 (1.052700080898653E-003,2.788013156343111E-004)
 (4.367883791482925E-004,-1.649191990785956E-003)
 (-1.675757982960992E-003,-2.883251313681210E-003)
 (1.726179188920587E-004,2.970005903654277E-004)
 (6.535000213203817E-005,-2.466954451850820E-004)
 (-5.333563564369143E-004,-9.176684474410092E-004)
 (-5.636323193806598E-004,3.275964068943103E-004)
 (-1.227059084318872E-003,-2.111257544704130E-003)
 (7.828827364703943E-004,-2.955795906905769E-003)
 (-1.959588069412023E-003,-5.189970859134408E-004)
 (4.536134916384413E-004,-1.712673547879234E-003)
 (-4.699430488122559E-004,-8.085639924918493E-004)
 (3.511973411340670E-005,9.303451883082349E-006)
 (5.785272666239795E-004,-3.362384956152770E-004)
 (-1.474832562321492E-003,-3.906206401410588E-004)
 (-3.726089033783989E-004,-9.868351997406874E-005)
 (6.094115068591172E-004,-3.541919193489950E-004)
 (2.060923738698856E-004,-7.781251618168921E-004)
 (-4.172110920599656E-005,2.425589631528142E-005)
 (-4.523034486361971E-004,-7.782121544295264E-004)
 (8.214821752910633E-005,-4.774150609973356E-005)
 (8.215161173394023E-005,-4.774809684743599E-005)
 (2.881504992802477E-004,-1.087933512872855E-003)
 (4.393552840668392E-004,-2.553533539501891E-004)
 (9.614036878223198E-004,1.654152047283086E-003)
 (-9.054391612242356E-004,-1.557856559274957E-003)
 (-5.630887015433438E-004,-9.688367750098613E-004)
 (-3.738671963763791E-004,-9.902144194880774E-005)
 (1.036113638259391E-004,-3.911687731429696E-004)
 (9.932872006033623E-004,2.630823984688771E-004)
 (-2.631762825762092E-004,9.936437754404447E-004)
 (-3.495352336884987E-004,-9.257892872399407E-005)
 (1.527464289636862E-004,-5.766976562115227E-004)
 (1.527433451278686E-004,-5.766988878384526E-004)
 (-4.868203519092363E-004,-8.376074467980384E-004)
 (2.012960913523537E-004,-1.169922514714431E-004)
 (0.000000000000000E+000,0.000000000000000E+000)
 (-8.865565646643135E-002,-8.424521186197079E-002)
 (-7.456851055409155E-002,7.847181192478271E-002)
 (1.025497729286170E-007,1.687367595905668E-007)
 (1.380469870352402E-007,9.341988158641122E-008)
 (1.659817795202155E-003,-4.234386808343980E-005)
 (-6.633769331491717E-004,1.694142161753449E-005)
 (-4.103643490423218E-004,-3.900201661270532E-004)
 (-1.069994273111803E-003,1.126106090412253E-003)
 (-8.506568258444329E-004,8.952239819323774E-004)
 (4.228949625149247E-008,3.090010375460694E-008)
 (2.049442494692420E-003,-2.156742981977944E-003)
 (2.673335453010403E-003,2.540354114409824E-003)
 (-2.701291305692326E-003,6.891012668685831E-005)
 (-7.089250894442804E-005,1.813922460471374E-006)
 (-9.780189635757006E-004,-9.293727715930563E-004)
 (2.278078294890362E-003,-5.810190837970794E-005)
 (1.528225305318844E-005,5.986151221362679E-004)
 (2.394692889985184E-003,-6.109168631346445E-005)
 (1.174952594170323E-003,1.116474738090375E-003)
 (1.573696017165993E-004,-1.655600575574591E-004)
 (-2.247495196457807E-003,-2.135684146543949E-003)
 (-1.374694003928406E-003,3.506581186876798E-005)
 (-2.326793991229728E-009,7.627058210276885E-009)
 (1.993931423940201E-005,7.811228472744779E-004)
 (1.428107792387123E-009,4.825605599818754E-009)
 (-1.128639124085706E-003,1.187736439274883E-003)
 (3.135564940682935E-005,1.228669443629242E-003)
 (-6.924800913776269E-004,-6.580351634635536E-004)
 (1.862999886838200E-008,1.408077244623038E-008)
 (3.016706643203032E-004,-7.687991919076159E-006)
 (5.465157070526317E-005,2.142775838903399E-003)
 (-5.466136588236942E-005,-2.142783058964156E-003)
 (7.363330922403678E-004,6.996950116795923E-004)
 (-2.936044509220755E-005,-1.151061089842897E-003)
 (-2.005246945502395E-004,5.120545578919771E-006)
 (7.064667602704669E-004,-1.801814208319282E-005)
 (-4.789842700255795E-004,1.221330463629054E-005)
 (-9.717375436881766E-004,1.022605571945317E-003)
 (2.516095768902056E-004,2.390873006339889E-004)
 (-1.009424732420311E-009,7.834706004665596E-009)
 (-3.406785457496824E-004,-3.237340214537516E-004)
 (-3.853385892597077E-004,4.055147889719305E-004)
 (1.165606485880639E-004,1.107594140822078E-004)
 (-1.165507485986399E-004,-1.107570613819348E-004)
 (2.914458109368405E-004,-7.433727983207213E-006)
 (1.571388531951655E-005,6.158927231620413E-004)
 (0.000000000000000E+000,0.000000000000000E+000)
 AAAAAA           6
 (1.022287599737124E-002,6.489431956251090E-002)
 (-5.350801972392256E-003,-3.894405043982304E-003)
 (-1.183915592308312E-003,1.626643803925422E-003)
 (-3.603164183506887E-003,-2.287276708922754E-002)
 (-2.130508959985895E-002,3.356218100263077E-003)
 (-7.438560161357403E-003,-5.413877898632007E-003)
 (-1.468421601918862E-002,2.313214672518429E-003)
 (3.627789167145086E-004,-4.984369493239922E-004)
 (-1.855683068008151E-003,-1.177974674601674E-002)
 (-7.722847875638730E-004,1.061109927108777E-003)
 (3.032086789190983E-004,-4.166122488244412E-004)
 (-7.926429769651916E-003,1.248666498643869E-003)
 (-9.127181700150290E-003,1.437814754636845E-003)
 (-9.907977986605592E-003,-7.211176359128084E-003)
 (-5.376614145425675E-004,7.387323194988388E-004)
 (-6.722712568489502E-003,1.059038493117892E-003)
 (-7.914508678886427E-003,-5.760300644290944E-003)
 (-7.278931461196523E-003,-5.297720628407381E-003)
 (-5.899787477343012E-003,-4.293956028027605E-003)
 (-6.465465734369039E-004,-4.104269735107716E-003)
 (-4.286353400534760E-003,6.752332530007078E-004)
 (-7.041194458254471E-004,-4.469712563197196E-003)
 (-6.430360305041587E-004,-4.081943569972088E-003)
 (3.473566953523392E-004,-4.772655407909758E-004)
 (-3.865450502968231E-003,6.089297969435860E-004)
 (-5.273763799393152E-004,-3.347764563782249E-003)
 (-3.686993236259656E-003,5.808156819262094E-004)
 (-2.943093234004492E-003,-2.142029403534347E-003)
 (-3.809715549032949E-004,-2.418406945892404E-003)
 (-2.568519655409764E-003,-1.869408371008352E-003)
 (-1.500967469504482E-003,2.364477029255817E-004)
 (8.925668570606794E-005,-1.226296561498036E-004)
 (-2.269306539174149E-004,-1.440555738858593E-003)
 (1.997953319858517E-004,-2.745103380961803E-004)
 (-1.967133485558057E-004,2.702798764035643E-004)
 (-1.967225574050304E-004,2.702864928752760E-004)
 (-1.800989076504640E-003,2.837082704354413E-004)
 (6.595554039569671E-005,-9.061968595443385E-005)
 (-1.792837297792674E-003,-1.304851883303474E-003)
 (-1.215499172276546E-003,-8.846600815020769E-004)
 (-1.782819563121811E-004,-1.131728530779605E-003)
 (-1.475587658769134E-003,-1.073955041601122E-003)
 (-9.581143373334918E-004,1.509371988675922E-004)
 (-9.242088259005824E-004,1.455882831622871E-004)
 (-1.115508000001285E-004,-7.081076704019948E-004)
 (0.000000000000000E+000,0.000000000000000E+000)
 (0.000000000000000E+000,0.000000000000000E+000)
 (3.207759725527913E-003,2.637927809162064E-002)
 (5.580912682964095E-002,4.370773542408220E-002)
 (-3.728430222603993E-002,4.760712660481260E-002)
 (5.967314612502503E-004,4.907312975204052E-003)
 (4.963933239789637E-003,-6.036392800865054E-004)
 (-6.572464163865291E-003,-5.147341096994347E-003)
 (-2.488066440871703E-002,3.025524537843968E-003)
 (-5.354168619324425E-003,6.836594702312651E-003)
 (1.128377838217761E-003,9.279374139050275E-003)
 (-6.597233349621987E-003,8.423786553215896E-003)
 (-5.800496884245844E-003,7.406528033716549E-003)
 (-6.251109792000752E-003,7.601418034217638E-004)
 (-1.118027916140725E-002,1.359526266191035E-003)
 (-1.668494584613426E-003,-1.306740666128005E-003)
 (-5.840684126566827E-003,7.457835534096359E-003)
 (-4.863073822325628E-003,5.913407286851087E-004)
 (-2.743835217557338E-003,-2.148870391610578E-003)
 (-3.328032021183239E-003,-2.606393535566695E-003)
 (-2.727171595609611E-004,-2.135811161609625E-004)
 (5.681567494527097E-004,4.672299314010737E-003)
 (-5.606582707952010E-003,6.817690798349863E-004)
 (2.642968434954178E-004,2.173452764451569E-003)
 (5.095324028935623E-004,4.190051554858556E-003)
 (-3.122150566477117E-003,3.986583917941152E-003)
 (-3.807736069302628E-003,4.630287842662386E-004)
 (1.552596072502677E-004,1.276815084329154E-003)
 (-3.564248391425279E-003,4.334170744794256E-004)
 (-4.829876135479277E-004,-3.782556224365789E-004)
 (2.787522445594118E-005,2.292771350998810E-004)
 (-4.905783255043174E-004,-3.841955099201695E-004)
 (-1.847656112751222E-003,2.246773966194435E-004)
 (-2.078277781921991E-003,2.653684722973184E-003)
 (1.602792779927693E-004,1.318116563312381E-003)
 (-8.506831510829615E-004,1.086200975399885E-003)
 (-1.839217739348887E-003,2.348443989451361E-003)
 (-1.839197709576718E-003,2.348428885022226E-003)
 (6.669303253788690E-004,-8.110398306514124E-005)
 (-2.130275001867955E-004,2.720155921866977E-004)
 (-1.415420734775388E-004,-1.108559024217837E-004)
 (-7.317605509033327E-004,-5.730979474027336E-004)
 (3.352895620880691E-005,2.757379087445494E-004)
 (6.304835509139080E-004,4.937746039958193E-004)
 (-1.574401683410473E-003,1.914479764411213E-004)
 (-1.277302840476517E-003,1.553246551001319E-004)
 (9.415051234503648E-005,7.742396951982670E-004)
 (0.000000000000000E+000,0.000000000000000E+000)
 (0.000000000000000E+000,0.000000000000000E+000)
 (3.821468555554921E-002,-1.962562732651939E-002)
 (-4.643784149591815E-002,0.144492891810662)
 (3.792561898114445E-002,1.218855653074810E-002)
 (-1.452214912777601E-002,7.458080393024214E-003)
 (1.432615957817161E-003,2.789563665537356E-003)
 (6.383938019138811E-003,-1.986395785805483E-002)
 (-9.422852799675376E-004,-1.834854182710393E-003)
 (6.313393845683062E-003,2.029054731392419E-003)
 (1.069520641958460E-002,-5.492666516227176E-003)
 (-8.141479516440275E-004,-2.616524066564735E-004)
 (1.046136306528195E-002,3.362113020937306E-003)
 (-3.582572718417529E-004,-6.975699776254458E-004)
 (1.362538701019732E-003,2.653143233581052E-003)
 (2.283277943641478E-003,-7.104493228828625E-003)
 (2.260167066567984E-003,7.263904918736313E-004)
 (8.471267286123015E-004,1.649538667147528E-003)
 (1.118464244786732E-003,-3.480152343008753E-003)
 (-8.730633781253343E-004,2.716596864445850E-003)
 (-1.609722640426138E-004,5.009082529430215E-004)
 (2.873241067389005E-003,-1.475583484144634E-003)
 (9.035319158475243E-004,1.759333673368634E-003)
 (1.495920933699688E-003,-7.682386791909546E-004)
 (3.124946796208518E-003,-1.604872139915908E-003)
 (2.430010501503693E-003,7.809682959039869E-004)
 (-6.412744019270481E-004,-1.248663330348392E-003)
 (2.473491571829039E-003,-1.270304817150378E-003)
 (-8.874219046112318E-004,-1.727957063084404E-003)
 (7.426157774488193E-004,-2.310667637858679E-003)
 (-1.864155884123319E-003,9.573619706036195E-004)
 (2.065238373140792E-005,-6.426239015362343E-005)
 (5.296189223660088E-005,1.031264664482049E-004)
 (1.442505484513217E-003,4.636057162242394E-004)
 (8.775561173863110E-004,-4.506830395423923E-004)
 (1.769450089469209E-003,5.686872466678414E-004)
 (1.443947099790057E-003,4.640668891629325E-004)
 (1.443929711090188E-003,4.640516470653652E-004)
 (3.600128562361742E-004,7.010078086503306E-004)
 (1.448366117763077E-003,4.654808253165922E-004)
 (2.189842654247489E-004,-6.813958888169133E-004)
 (-7.527338009694321E-005,2.341990607550023E-004)
 (1.016613454995784E-004,-5.221459471437415E-005)
 (6.258156288130976E-005,-1.947276832631563E-004)
 (-5.496652731780129E-007,-1.057137157512155E-006)
 (-2.930399915707706E-004,-5.706063286790924E-004)
 (3.098717682017494E-004,-1.591409843567884E-004)
 (0.000000000000000E+000,0.000000000000000E+000)
 (0.000000000000000E+000,0.000000000000000E+000)
 (-1.051022145820373E-007,-6.383799700197832E-007)
 (-7.424862740082273E-008,-3.001582195193044E-008)
 (-8.490054671805866E-002,5.172347185084528E-002)
 (-1.509663661883978E-002,6.216846316697715E-002)
 (5.328839134601929E-002,1.294027304068762E-002)
 (8.526780074621435E-003,1.399610865575263E-002)
 (-3.791819943749700E-003,-9.207737944974325E-004)
 (-1.063027292078131E-002,6.476216686102222E-003)
 (3.308563276437300E-003,-1.362469729104672E-002)
 (9.254659858384837E-003,-5.638155760574436E-003)
 (1.326216486954158E-003,-8.079759318695251E-004)
 (4.314352967709346E-003,1.047651089845456E-003)
 (-3.486449302656877E-003,-8.466328441411086E-004)
 (-2.610141852933333E-003,-4.284378649085535E-003)
 (-1.311668782496353E-003,7.991081860595040E-004)
 (1.466261061093865E-008,-6.225571999413478E-009)
 (2.383150144621331E-003,3.911788950656774E-003)
 (1.166683881007493E-010,-2.104363540278506E-009)
 (-4.522383706127520E-009,-6.400442722075174E-009)
 (-1.630724313513889E-004,6.715127694625574E-004)
 (1.135685074418524E-003,2.757860044557125E-004)
 (-2.703195124607334E-004,1.113210437367847E-003)
 (3.161970150754738E-004,-1.302171902755251E-003)
 (-1.855970000821075E-004,1.130577235290607E-004)
 (2.086471455028927E-003,5.066657549508445E-004)
 (-6.009611819520554E-004,2.474776570457461E-003)
 (-1.434018047509085E-003,-3.482173306497396E-004)
 (-3.742666393294478E-004,-6.143276806012392E-004)
 (-4.407961058921376E-005,1.815287830733105E-004)
 (5.302940690100070E-004,8.704432426074807E-004)
 (5.547735549696658E-009,-2.179411618963130E-009)
 (-8.472977498387859E-006,5.157726471902028E-006)
 (1.157868886995217E-004,-4.767968896982505E-004)
 (-1.655507594293020E-003,1.008571351504564E-003)
 (-9.747820210580757E-005,5.938141350766446E-005)
 (9.747658974775463E-005,-5.938713258065846E-005)
 (1.820373523843592E-004,4.420448214611104E-005)
 (5.528175493881961E-004,-3.367880048559285E-004)
 (4.322156591464663E-005,7.094571646887288E-005)
 (-1.129630950544331E-008,-2.889880893216065E-009)
 (9.804760729300805E-005,-4.037449350985611E-004)
 (-3.703659683624292E-004,-6.079181703880469E-004)
 (-3.229656626817930E-004,-7.842691415727814E-005)
 (-3.285782287868614E-004,-7.978288576087616E-005)
 (2.182386359474812E-005,-8.991150141873692E-005)
 (0.000000000000000E+000,0.000000000000000E+000)
 (0.000000000000000E+000,0.000000000000000E+000)
 AAAAAA           7
 (2.383122709565383E-003,3.582457675187784E-003)
 (-1.167853422766815E-002,5.809005307299819E-002)
 (-3.833322524727558E-003,2.550015823320614E-003)
 (5.469229402851282E-003,-2.720443122347767E-002)
 (-2.265272354799857E-002,-4.554146324687550E-003)
 (-4.775982679827486E-003,-7.179548299869535E-003)
 (-1.714049453118876E-002,-3.445959945757063E-003)
 (1.261442887706392E-004,-8.391872052721304E-005)
 (2.324785914199308E-003,-1.156371268248689E-002)
 (-2.253806528063712E-003,1.499272549739032E-003)
 (6.252839261034987E-004,-4.159575773065271E-004)
 (-7.288393194146191E-003,-1.465278581248091E-003)
 (-8.430803235003025E-003,-1.694949091648281E-003)
 (-6.543858640231060E-003,-9.837126271557110E-003)
 (-7.138872381732948E-003,-1.435215840487314E-003)
 (-5.919295218608258E-003,-8.898236144779050E-003)
 (-4.488635334854328E-003,-6.747580758522646E-003)
 (-9.803721200933398E-004,6.521660137291310E-004)
 (8.816859428388325E-004,-4.385583822096047E-003)
 (-4.622140193514515E-003,-6.948280424274869E-003)
 (-4.992940238731158E-003,-1.003789703181880E-003)
 (-4.828683517962683E-003,-9.707756240099296E-004)
 (8.393861520329280E-004,-4.175179981410268E-003)
 (4.384503876268887E-004,-2.916708003477286E-004)
 (6.972842574348405E-004,-3.468366810004995E-003)
 (6.215179474640129E-004,-3.091497116316653E-003)
 (-5.444001372711511E-005,3.621506264615942E-005)
 (-3.589745348901850E-003,-7.216907615536165E-004)
 (-2.113157630198591E-003,-3.176623685857282E-003)
 (3.014052506896642E-004,-1.499206486118768E-003)
 (-4.651563792461651E-004,3.094341283883715E-004)
 (-1.711490413465929E-003,-3.440814278803241E-004)
 (-1.874652007301644E-003,-2.818089637243797E-003)
 (4.176916422556520E-004,-2.077646756257697E-003)
 (-5.107080501312029E-004,3.397330862920866E-004)
 (1.887377306134694E-004,-1.255517284615249E-004)
 (-1.511175648418117E-003,-3.038092338016521E-004)
 (-9.311904261343751E-004,-1.399816332699875E-003)
 (-1.202845559425786E-003,-2.418229829415749E-004)
 (2.222707357882969E-004,-1.105590764914427E-003)
 (2.052810787432539E-004,-1.365560232494035E-004)
 (-9.510253713454871E-004,-1.429640275210543E-003)
 (-9.482808466159607E-004,-1.425513569278813E-003)
 (-3.804570508963561E-004,-5.719227771461447E-004)
 (-1.012037723090309E-003,-2.034626740981619E-004)
 (0.000000000000000E+000,0.000000000000000E+000)
 (0.000000000000000E+000,0.000000000000000E+000)
 (2.182607222339751E-002,6.108558078768515E-002)
 (-6.835193743540668E-003,1.443520610101263E-002)
 (-4.468396332408617E-002,1.596570455405526E-002)
 (1.768878204614378E-003,-3.735642025796322E-003)
 (-2.914193803417697E-003,-1.379916916676679E-003)
 (-2.468081973890479E-003,-6.907535095522064E-003)
 (-2.140278258488639E-002,-1.013444530291441E-002)
 (-9.736585499914562E-003,3.478911072896535E-003)
 (-4.928314333406882E-003,1.040808375106882E-002)
 (-1.201909732850738E-002,4.294465658933740E-003)
 (-1.056275217639676E-002,3.774098106093620E-003)
 (-5.480057757105194E-003,-2.594891995613341E-003)
 (-8.164004371240789E-003,-3.865723596379525E-003)
 (-4.396772707540142E-005,-1.230710271970820E-004)
 (-4.889656812479807E-003,-2.315317321858848E-003)
 (-9.025790248010770E-004,-2.526025542997766E-003)
 (-1.114952179991203E-004,-3.120202756274790E-004)
 (-7.530426854016921E-003,2.690637914057394E-003)
 (-2.629232699357796E-003,5.552654868830929E-003)
 (-9.828628680413544E-004,-2.750816570438269E-003)
 (-5.981399751249463E-003,-2.832264104462300E-003)
 (-4.456499715647150E-003,-2.110182548326014E-003)
 (-2.085241130089201E-003,4.403759116967277E-003)
 (-5.658390080794947E-003,2.021774379287875E-003)
 (-8.670142593702352E-004,1.831037145759039E-003)
 (-7.092821815803841E-004,1.497913008885042E-003)
 (-4.405616493821571E-003,1.574148924551070E-003)
 (-2.259017563488809E-003,-1.069678208088642E-003)
 (-6.551911162957241E-005,-1.834175056870226E-004)
 (-9.345307409212196E-004,1.973609265189503E-003)
 (-3.730122022139955E-003,1.332783415275331E-003)
 (-2.295719684195979E-003,-1.087049813152275E-003)
 (-2.125778277277935E-004,-5.949409728103762E-004)
 (-2.585199712083993E-004,5.459442440237534E-004)
 (-3.255910723477288E-003,1.163349018385240E-003)
 (-1.224507917217994E-003,4.375255092605258E-004)
 (2.267847726296225E-004,1.073848189196617E-004)
 (-2.386650508089969E-004,-6.679826326833244E-004)
 (-1.794778909499972E-003,-8.498419285108579E-004)
 (-2.755216510498103E-004,5.818936421853254E-004)
 (-8.380328436652696E-004,2.994365852240377E-004)
 (3.157799866243095E-004,8.838098073519652E-004)
 (-2.238577644565107E-005,-6.264529984553440E-005)
 (-1.477688703624898E-004,-4.135810200770249E-004)
 (-9.216509240546142E-004,-4.364080511269553E-004)
 (0.000000000000000E+000,0.000000000000000E+000)
 (0.000000000000000E+000,0.000000000000000E+000)
 (7.003962438334632E-002,0.163686432833354)
 (1.737706032385783E-002,-4.337000205682005E-002)
 (1.345813400337737E-002,-5.758599070200631E-003)
 (-1.389448692826044E-002,3.467824833492515E-002)
 (1.881453993719868E-002,7.538412377695383E-003)
 (-6.531792409923911E-003,-1.526518316623209E-002)
 (-4.132606222428579E-003,-1.655804572346436E-003)
 (3.264074665935579E-003,-1.396662616361946E-003)
 (4.181106825815778E-003,-1.043528657992213E-002)
 (2.227934360428034E-003,-9.533116818139098E-004)
 (9.991765979070293E-003,-4.275373602667090E-003)
 (-1.026478627203870E-004,-4.113654249745471E-005)
 (1.173824911558512E-003,4.703170904525142E-004)
 (-2.526574292166137E-003,-5.904745007077144E-003)
 (1.999657698503596E-003,8.011893686023985E-004)
 (-9.803116066767234E-004,-2.291029910210818E-003)
 (-2.741754705527642E-004,-6.407680563559335E-004)
 (1.332621896156577E-003,-5.702221122372693E-004)
 (1.545131545685117E-003,-3.856355512086208E-003)
 (6.142094391152399E-004,1.435436624558084E-003)
 (1.676299934588629E-003,6.716408709674227E-004)
 (-1.190249142918536E-003,-4.768863094229532E-004)
 (1.433996610241931E-003,-3.579014898886591E-003)
 (2.517602701294182E-003,-1.077246744318761E-003)
 (4.699662009471994E-004,-1.172946754299163E-003)
 (8.064646435098591E-004,-2.012809732822035E-003)
 (1.393169238376203E-003,-5.961213546732073E-004)
 (-1.823391854942604E-003,-7.305746231822066E-004)
 (-9.932867476122444E-004,-2.321368243775099E-003)
 (7.507316749414844E-004,-1.873703612707868E-003)
 (1.752588472610772E-003,-7.499149276794852E-004)
 (3.877036483041397E-005,1.552798841081911E-005)
 (4.364364060837717E-005,1.020074613688706E-004)
 (-5.190934711104406E-004,1.295553167978543E-003)
 (1.488964948218340E-003,-6.371140190667081E-004)
 (9.000462496414950E-004,-3.851202689734874E-004)
 (1.115295233505125E-003,4.468613142904472E-004)
 (-1.119752393980543E-004,-2.616937290132433E-004)
 (-2.558792720622680E-004,-1.025209177817130E-004)
 (4.105436990058249E-005,-1.024715377539612E-004)
 (1.468435879830445E-003,-6.283270196545858E-004)
 (9.236916127845117E-006,2.160030255925406E-005)
 (-2.487717965451685E-004,-5.813848013494741E-004)
 (-2.272312944687686E-004,-5.310529644189442E-004)
 (-6.843000602874902E-004,-2.741756113699827E-004)
 (0.000000000000000E+000,0.000000000000000E+000)
 (0.000000000000000E+000,0.000000000000000E+000)
 (-1.617142580926583E-002,-3.800551996934552E-002)
 (4.178599283008120E-003,-1.036835858371880E-002)
 (-7.722113416551876E-002,3.285782998098187E-002)
 (-2.681428528414288E-002,6.653435786794711E-002)
 (3.815196070934195E-002,1.537576126100746E-002)
 (2.028398603318577E-003,4.767086126372123E-003)
 (-1.661566285337643E-003,-6.696468382287211E-004)
 (-1.103798424484745E-002,4.696681712624551E-003)
 (2.685625229333750E-003,-6.663848828730158E-003)
 (1.052444376864540E-002,-4.478171580780834E-003)
 (4.851292154738401E-003,-2.064248186583276E-003)
 (3.459620127925434E-003,1.394258114771533E-003)
 (-2.064065494660748E-003,-8.318519712684896E-004)
 (-5.266705128866386E-004,-1.237739675649085E-003)
 (1.874266647292711E-003,7.553594882315394E-004)
 (1.367833177487710E-003,3.214654008962764E-003)
 (-1.755182518990554E-004,-4.124961271960810E-004)
 (-1.196576503628082E-003,5.091535586236968E-004)
 (-1.112147505782865E-004,2.759462480447524E-004)
 (-7.780553899460328E-004,-1.828563043743488E-003)
 (1.174318008356877E-003,4.732649882478282E-004)
 (2.322615437380944E-003,9.360422606474851E-004)
 (4.910525148415158E-004,-1.218446405438305E-003)
 (1.384891190292021E-003,-5.892791329906123E-004)
 (-4.584516774909341E-004,1.137544930189442E-003)
 (-6.980765366760697E-004,1.732133617463351E-003)
 (2.604205167749524E-004,-1.108067486793326E-004)
 (-9.097464401780046E-004,-3.666489095027361E-004)
 (-5.507670028317896E-005,-1.294476288151537E-004)
 (2.218742061811098E-004,-5.505329516009219E-004)
 (-2.077389626601394E-004,8.838932410412177E-005)
 (6.878678160847924E-004,2.772235776917068E-004)
 (-8.993988740342671E-005,-2.113723244301367E-004)
 (6.530338145502308E-004,-1.620384875388213E-003)
 (1.098418241685370E-004,-4.673503403316688E-005)
 (-1.175434988913319E-003,5.001559080960222E-004)
 (7.184038774756934E-004,2.895325690878144E-004)
 (2.333283170488928E-005,5.483158485476327E-005)
 (-2.465254028664898E-004,-9.935200211278386E-005)
 (3.440479683428796E-004,-8.536748811131297E-004)
 (8.158038868765858E-004,-3.471257273050453E-004)
 (-9.927281971880063E-005,-2.333087722773536E-004)
 (8.108151548474058E-005,1.905520538408149E-004)
 (-4.791385326133188E-005,-1.126049834112941E-004)
 (-2.796031252959991E-004,-1.126825928737084E-004)
 (0.000000000000000E+000,0.000000000000000E+000)
 (0.000000000000000E+000,0.000000000000000E+000)
 AAAAAA           8
 (3.183781136131091E-002,1.284272804831880E-002)
 (-1.391268843395058E-002,-3.272566893138697E-002)
 (-4.517952668165103E-003,1.120023009033977E-002)
 (2.038086636923278E-002,4.794019849068854E-002)
 (-2.290832484114702E-002,9.739036405127138E-003)
 (-2.137541070628594E-002,9.087361765798748E-003)
 (-8.531370652213505E-003,-3.441383347723532E-003)
 (-8.926046398667027E-004,2.212807293480843E-003)
 (-2.345991892960917E-003,5.815851203050151E-003)
 (-2.227676823808407E-004,5.522464547301374E-004)
 (-3.803643892880387E-003,-8.947024272598665E-003)
 (-8.405292172662839E-003,-3.390512924219248E-003)
 (-1.076750069947551E-002,-4.343400724292561E-003)
 (-7.785748144606705E-003,3.309956579142916E-003)
 (-1.435946741409754E-003,-3.377696208633697E-003)
 (-1.015522850696044E-002,-4.096396154845481E-003)
 (-7.081425124493537E-003,3.010530525154991E-003)
 (-8.148825869130495E-003,3.464334547937218E-003)
 (-6.497990494081080E-003,2.762491210889187E-003)
 (-6.630376565705285E-003,2.818785115610057E-003)
 (-8.696504170342287E-004,2.155911504542579E-003)
 (-7.186503880145491E-003,-2.898898568803686E-003)
 (-1.929678748216100E-004,4.783560319994105E-004)
 (-1.438603503232336E-003,-3.383924380185968E-003)
 (-5.290726831951287E-004,1.311612544269074E-003)
 (-5.906472015404642E-004,1.464238626616633E-003)
 (-4.501980566265220E-004,-1.058944083468815E-003)
 (-1.012290811004447E-003,-2.381140268738464E-003)
 (-2.353884514618286E-003,1.000714728279621E-003)
 (-9.416847488213199E-004,-2.215027278796977E-003)
 (-3.660663863825131E-003,-1.476636808414144E-003)
 (-3.365027535590891E-003,-1.357384259954482E-003)
 (-3.406565093860134E-003,1.448234100613106E-003)
 (-5.451231909091632E-004,1.351413048473589E-003)
 (-6.058669947070153E-004,-1.425116061720959E-003)
 (-1.783550507721746E-003,7.582411135161442E-004)
 (-1.818650317254571E-003,-7.336093900006974E-004)
 (-3.377771562954917E-004,-7.945146046466426E-004)
 (-1.170560938097258E-003,4.976455076654260E-004)
 (-2.850728407819841E-005,7.067235003316953E-005)
 (-8.299561561623074E-004,-3.347876762113070E-004)
 (6.265916068798416E-005,-1.553432317496944E-004)
 (-2.033392916530269E-005,-4.784471240025822E-005)
 (-1.337151652445520E-003,-5.393798906439671E-004)
 (-8.123266040241438E-004,3.453425313918588E-004)
 (-8.796170155851101E-004,-3.548223163418294E-004)
 (-7.278838089218036E-004,-2.936191041162412E-004)
 (3.188673165579125E-002,7.151080114702797E-003)
 (-1.162622044505224E-002,-1.834849584468040E-002)
 (-7.016630993658900E-003,3.128724662626860E-002)
 (4.528269753436029E-003,7.146532982731327E-003)
 (-7.762291375462231E-003,4.918438959903747E-003)
 (-1.443103065452329E-002,9.143973552857239E-003)
 (-2.849536091071615E-003,-6.390527086102050E-004)
 (-2.391262732681827E-003,1.066263666566454E-002)
 (-2.998658841750495E-003,1.337110050032295E-002)
 (-3.082117670386157E-003,1.374320448932946E-002)
 (8.167787858106242E-003,1.289045300578721E-002)
 (1.591758034432510E-003,3.569582954533186E-004)
 (3.293753121137290E-004,7.386092189451090E-005)
 (-4.052274654314194E-003,2.567670124243463E-003)
 (4.780810024982948E-003,7.545111860085736E-003)
 (3.427285230949665E-003,7.686138158535212E-004)
 (-3.873696840105468E-003,2.454507285159809E-003)
 (-4.795458413492304E-003,3.038574701325115E-003)
 (-5.303211823083672E-003,3.360301931495780E-003)
 (-4.113806210930953E-003,2.606649434676865E-003)
 (-1.401731275190280E-003,6.250288312984124E-003)
 (-3.493662044557059E-004,-7.834714150046884E-005)
 (-1.568155213926898E-003,6.992461893906466E-003)
 (3.431958321016363E-003,5.416354420213191E-003)
 (-1.363320639176045E-003,6.079061304025560E-003)
 (-1.129047170062339E-003,5.034423578615377E-003)
 (2.029529869740188E-003,3.202985432713785E-003)
 (1.299181228901787E-003,2.050375698537586E-003)
 (-2.338927651591491E-003,1.482025742699675E-003)
 (1.221021965529843E-003,1.927015996718970E-003)
 (1.099065181936357E-003,2.464710179449289E-004)
 (1.518248926855780E-004,3.403940850877506E-005)
 (-6.553683011247637E-004,4.152676487712925E-004)
 (-8.022216496425153E-004,3.577101587132489E-003)
 (6.862119133388567E-004,1.082982299223812E-003)
 (-1.801278091020066E-003,1.141345044952915E-003)
 (-4.154192975078811E-006,-9.221002946387633E-007)
 (7.086680051235459E-004,1.118419797832633E-003)
 (-1.831925617372573E-004,1.160763957296149E-004)
 (-2.531946799017039E-004,1.128993615879753E-003)
 (-7.326904438244266E-005,-1.642915879154772E-005)
 (-3.316133012666710E-004,1.478682531692312E-003)
 (7.305963800716137E-004,1.153029327896139E-003)
 (1.101539608800317E-003,2.470398043908298E-004)
 (-1.308010230184731E-003,8.287959667955523E-004)
 (-2.057155885757958E-004,-4.613833012562612E-005)
 (-9.915481165736285E-005,-2.224144341106243E-005)
 (-0.166555816795184,-6.681557295657212E-002)
 (-3.087410661545517E-002,-7.223896591572534E-002)
 (8.139286156883044E-003,-2.028931265792170E-002)
 (1.780106652524344E-002,4.165076579476827E-002)
 (-3.145352298254896E-002,1.344286112084102E-002)
 (7.771930228768629E-003,-3.321629446424412E-003)
 (1.245069436212046E-002,4.994719635300137E-003)
 (2.134612041423935E-003,-5.321103949032727E-003)
 (-1.308312986408575E-003,3.261314354255942E-003)
 (-3.175934963315506E-003,7.916875699254524E-003)
 (2.341729343742934E-003,5.479162786811750E-003)
 (6.068833049816018E-004,2.434547763078489E-004)
 (5.512462688576431E-004,2.211365249925804E-004)
 (-2.157957369100001E-003,9.222871760975656E-004)
 (7.766767302042194E-004,1.817254250699479E-003)
 (3.027156200612771E-003,1.214379679616595E-003)
 (2.074490574595684E-004,-8.866510874942704E-005)
 (7.218889151226269E-004,-3.085299516235086E-004)
 (-6.039853746823501E-004,2.581350674834552E-004)
 (1.264416552872093E-003,-5.403980816488431E-004)
 (2.596504662082889E-004,-6.472483212952740E-004)
 (-1.700035227897143E-004,-6.819978152846162E-005)
 (-4.988856615260270E-004,1.243602645724366E-003)
 (7.519813769049001E-004,1.759476743916291E-003)
 (-1.206029307849806E-005,3.006397556948296E-005)
 (-4.333602999633355E-004,1.080264569096448E-003)
 (8.116658372408544E-004,1.899125442641685E-003)
 (2.093098472643317E-004,4.897387390282996E-004)
 (3.573969771882719E-004,-1.527456069937380E-004)
 (-1.535829223555769E-005,-3.593493890562549E-005)
 (1.482482421021414E-003,5.947161108566326E-004)
 (1.005213715657160E-005,4.033360528986631E-006)
 (1.619951829368005E-003,-6.923489599949939E-004)
 (-2.613535917892578E-004,6.514956085577489E-004)
 (-1.550580841792645E-004,-3.628073396404833E-004)
 (7.343623232889541E-004,-3.138581528164533E-004)
 (4.920180748936452E-004,1.973778552647297E-004)
 (1.145755296372175E-004,2.680820336624920E-004)
 (-1.384556935991100E-003,5.917455717251197E-004)
 (5.531827246020848E-005,-1.378956999098050E-004)
 (9.249053490747849E-004,3.710355410983194E-004)
 (-4.094326926021026E-004,1.020624045149651E-003)
 (4.008028027689618E-004,9.377926457295152E-004)
 (-5.440021634382358E-004,-2.182314998328441E-004)
 (7.019732534614134E-004,-3.000151955732897E-004)
 (4.364581630678174E-004,1.750901472554439E-004)
 (3.989844131317395E-004,1.600571722759598E-004)
 (0.126567365931112,5.941262045942318E-002)
 (-1.704869537044276E-002,-4.721499544671947E-002)
 (2.783208372902215E-002,-5.929109880314624E-002)
 (-4.222383857216080E-003,-1.169352713958678E-002)
 (-1.336962961788001E-002,4.827601350196841E-003)
 (7.947571748490466E-004,-2.869727450837094E-004)
 (-6.528623251710573E-003,-3.064627276336720E-003)
 (5.263761924078293E-003,-1.121346636835436E-002)
 (-2.875364730258377E-003,6.125424148386560E-003)
 (-8.239828472351491E-005,1.755331755832227E-004)
 (-2.973222923588838E-004,-8.234217572009903E-004)
 (-1.536774624257235E-004,-7.213559159120804E-005)
 (-2.110806882153930E-003,-9.908462851987716E-004)
 (-8.036662356918425E-004,2.901905890426920E-004)
 (-1.057379101010475E-003,-2.928317090914693E-003)
 (-1.661320109576623E-003,-7.798475902446981E-004)
 (-2.083964363856912E-003,7.524896064116071E-004)
 (2.404293194848883E-003,-8.681511529765603E-004)
 (3.830961270675354E-004,-1.383321152223562E-004)
 (-2.354100541971102E-003,8.500356522237537E-004)
 (9.597892664151576E-004,-2.044644976131657E-003)
 (2.293245635482198E-003,1.076483685055383E-003)
 (-2.989791689509860E-005,6.369367692933611E-005)
 (-3.551018855208517E-004,-9.834097783252762E-004)
 (2.535825599889617E-004,-5.402127224891120E-004)
 (7.351059382747411E-004,-1.566001890818556E-003)
 (-4.081347013036236E-004,-1.130299685221935E-003)
 (-6.656228038377732E-004,-1.843395511467243E-003)
 (-6.332980292609022E-004,2.286746291975843E-004)
 (-5.238925422184014E-004,-1.450882388558260E-003)
 (-9.153564374770812E-004,-4.296847546466372E-004)
 (8.198673908362085E-004,3.848584617455071E-004)
 (1.226559366169448E-004,-4.428788165708832E-005)
 (4.409875752539932E-004,-9.394369020682606E-004)
 (7.188844007574075E-004,1.990894993621237E-003)
 (3.593498045718042E-005,-1.297419315078168E-005)
 (-4.361035757161020E-004,-2.047135000642767E-004)
 (4.173372122673755E-004,1.155791733258921E-003)
 (-1.609469292254968E-004,5.811884546766322E-005)
 (4.174699277128516E-004,-8.893437557774640E-004)
 (-4.766898365391711E-004,-2.237626425695659E-004)
 (2.258035052671718E-006,-4.809755478487418E-006)
 (-3.169797191583820E-004,-8.778521667793716E-004)
 (9.790604957082480E-005,4.595882331396380E-005)
 (-5.665209694407048E-004,2.045623963281656E-004)
 (-1.387386147152171E-004,-6.512607429733697E-005)
 (7.985738965188729E-005,3.748505019255976E-005)
 AAAAAA           9
 (-1.336244758821952E-002,3.348261930193520E-002)
 (-4.663115750642018E-002,2.002829714268006E-002)
 (2.410041059968901E-002,-1.035124031690259E-002)
 (-1.033478000779936E-002,-2.406206902214333E-002)
 (-8.387646121704850E-003,-3.347397448607277E-003)
 (3.979181078878603E-003,-9.970744958898365E-003)
 (-6.951845026322697E-003,-1.618573801848444E-002)
 (-7.441019468652538E-004,-2.969624691477614E-004)
 (-4.637920398720556E-003,-1.850923119669172E-003)
 (1.039800825774034E-002,-4.465993271251959E-003)
 (-8.070463672968793E-004,-3.220819293812658E-004)
 (5.210696325872636E-003,-1.305659670354415E-002)
 (3.340506039835636E-003,-8.370395953262772E-003)
 (-3.216664627080452E-003,-7.489245430352964E-003)
 (-3.783411974859673E-003,-8.808758040379309E-003)
 (-3.245687419705928E-003,-7.556811944444321E-003)
 (-2.601339546901322E-003,-1.038158948870395E-003)
 (3.625048543777341E-003,-1.556973536119556E-003)
 (-2.738110628282660E-003,-6.375039113888183E-003)
 (3.524827436059121E-003,-8.832249920722571E-003)
 (3.762096269126175E-003,-1.615838488217298E-003)
 (-5.239463016429111E-004,-2.091003160840082E-004)
 (2.854821771262945E-003,-7.153393470243593E-003)
 (-2.200042200559733E-003,-5.122276458089632E-003)
 (3.319949993394651E-003,-1.425927243409907E-003)
 (2.911151476831556E-003,-1.250356294634117E-003)
 (1.771489663970361E-003,-4.438872788254175E-003)
 (-1.950480745162471E-003,-4.541246716294856E-003)
 (-7.366810695991128E-004,-2.940018136506951E-004)
 (1.191057765050936E-003,-5.115652015825257E-004)
 (-9.587868017104705E-004,-2.232303855260528E-003)
 (-1.133476389166246E-003,-4.523564780773074E-004)
 (-1.133479515055368E-003,-4.523506679795678E-004)
 (1.274739360494628E-003,-3.194146496256421E-003)
 (1.463544799453383E-003,-6.285978659653594E-004)
 (7.110385043504848E-004,-1.781657602094382E-003)
 (2.393017800559840E-004,9.550296806740190E-005)
 (-6.634086285163276E-004,-1.544589895573560E-003)
 (-4.309228584205978E-004,-1.003297652291691E-003)
 (-6.165265782304124E-004,-1.435441797070517E-003)
 (3.170592141269752E-004,-7.944627842013875E-004)
 (1.688251578684755E-004,6.737487080155835E-005)
 (8.120438028330538E-004,-3.487759848420890E-004)
 (5.544052495460110E-004,-2.381182270014932E-004)
 (6.811481979767842E-004,-1.706771292030852E-003)
 (-3.709542375437144E-004,-1.480425438300273E-004)
 (0.000000000000000E+000,0.000000000000000E+000)
 (-1.700337208094316E-002,5.760355472208027E-002)
 (8.028056999734438E-005,-4.368194272401951E-005)
 (-1.341880483379854E-002,7.302343709328600E-003)
 (4.403989610868994E-003,8.092779236685716E-003)
 (-4.060488177522414E-002,-1.198570416158135E-002)
 (1.507890275921447E-003,-5.108388350237069E-003)
 (-7.771586548491268E-003,-1.428107669090084E-002)
 (-1.233083770710601E-002,-3.639810763039324E-003)
 (-1.161368504282103E-002,-3.428113339784073E-003)
 (-1.249832975494566E-002,6.801434586062382E-003)
 (-1.179166293319401E-002,-3.480648135942618E-003)
 (-5.945565026215215E-004,2.014208080106875E-003)
 (-2.286495305716233E-004,7.746170390032995E-004)
 (-2.185672698533782E-003,-4.016396945844340E-003)
 (-3.506310395817840E-003,-6.443193712317845E-003)
 (-2.024497395747631E-003,-3.720219116232599E-003)
 (-7.867382153012843E-003,-2.322292275493095E-003)
 (-6.848904658372448E-003,3.727082930290785E-003)
 (-3.302328147565064E-003,-6.068349766808777E-003)
 (-1.294960266363394E-005,4.388126147578241E-005)
 (-5.422540424067329E-003,2.950884049911119E-003)
 (-6.856938651049144E-003,-2.024020612337083E-003)
 (3.378016079759420E-004,-1.144392932186808E-003)
 (-1.577062984992858E-003,-2.898011749988160E-003)
 (-2.865374220423627E-003,1.559303314129176E-003)
 (-2.788324721774896E-003,1.517372253533589E-003)
 (-5.632195500117956E-005,1.908083257641207E-004)
 (-1.036614577971812E-003,-1.904886719138924E-003)
 (-4.820266579580343E-003,-1.422841448698654E-003)
 (-2.519761141774800E-003,1.371223784338382E-003)
 (-1.314329562501079E-003,-2.415213383814859E-003)
 (-4.029269378420689E-003,-1.189356915193439E-003)
 (-4.029269644890006E-003,-1.189356816012992E-003)
 (1.648290390857403E-005,-5.583522063309481E-005)
 (-6.988733201698795E-004,3.803174511711532E-004)
 (5.550833604617505E-005,-1.880476640701241E-004)
 (-1.683558554639804E-003,-4.969509467687601E-004)
 (-8.491530219319719E-004,-1.560404167491223E-003)
 (4.814174929773224E-005,8.846530152068545E-005)
 (-5.690393227412254E-004,-1.045664470493830E-003)
 (9.202368138641628E-005,-3.117579377775379E-004)
 (-9.545709950243759E-004,-2.817697240874761E-004)
 (-5.009748744327047E-004,2.726262354668228E-004)
 (-8.078002072748399E-004,4.395960193958387E-004)
 (-1.066183622366447E-004,3.612000928717105E-004)
 (-1.266156931363119E-003,-3.737421217084993E-004)
 (0.000000000000000E+000,0.000000000000000E+000)
 (0.128093690897673,-0.179966177232391)
 (-5.045143790948984E-002,8.495245056266035E-003)
 (2.294514091550157E-002,-3.863628173908816E-003)
 (-2.520234956113910E-003,-1.496715471298607E-002)
 (-1.645496485798115E-002,-1.171206673007159E-002)
 (-1.113096798790360E-002,1.563853920441982E-002)
 (4.782224357046296E-004,2.840072971271361E-003)
 (-5.589304663551842E-003,-3.978286293513604E-003)
 (-6.376680070943666E-004,-4.538620825859694E-004)
 (-8.454238479424205E-003,1.423559542430161E-003)
 (-7.423812308922871E-003,-5.284002816795103E-003)
 (-3.068314005883098E-003,4.310845070831971E-003)
 (-6.902650617747159E-004,9.697903431179893E-004)
 (-7.012578252071772E-006,-4.163658804507259E-005)
 (-3.820068834920107E-004,-2.268654080142250E-003)
 (-3.702675930252264E-004,-2.198919031639752E-003)
 (-2.023515686051340E-003,-1.440270556829261E-003)
 (-4.877394045759671E-003,8.212752588076841E-004)
 (-2.578239146883774E-004,-1.531134668564298E-003)
 (-1.237698482890705E-003,1.738920516545433E-003)
 (-3.479415663316370E-003,5.858795910954828E-004)
 (-1.795781288643968E-003,-1.278170972595360E-003)
 (1.107005790033202E-003,-1.555293238258544E-003)
 (2.075265844147163E-004,1.232461152024406E-003)
 (-2.876415998501962E-003,4.843432244398822E-004)
 (-1.307307509587650E-003,2.201302443631767E-004)
 (-1.571536161374099E-003,2.207942524580737E-003)
 (2.354290681083523E-004,1.398146725533873E-003)
 (-1.288523639736814E-003,-9.171285419119534E-004)
 (-2.396651663333929E-003,4.035579817802369E-004)
 (3.544243825702982E-005,2.104953798557218E-004)
 (-1.729492084889944E-003,-1.230994085138895E-003)
 (-1.729494695087556E-003,-1.230993294224412E-003)
 (2.459991648588739E-004,-3.456133409748654E-004)
 (1.287761651261321E-003,-2.168385178144306E-004)
 (-3.846633022316301E-004,5.404362179436938E-004)
 (-1.097607227369689E-003,-7.812398934384090E-004)
 (4.908046895225146E-005,2.914703936082538E-004)
 (-1.213840554788915E-004,-7.208729349793622E-004)
 (1.275447172498698E-004,7.574652353335234E-004)
 (-5.409563621901499E-004,7.600213984774906E-004)
 (-8.712522327338794E-004,-6.201266538136529E-004)
 (5.150314051417847E-005,-8.671717460899350E-006)
 (-7.133511757511728E-005,1.201210106602996E-005)
 (-1.667105179634118E-004,2.342218560556266E-004)
 (2.667385200461490E-004,1.898571637725946E-004)
 (0.000000000000000E+000,0.000000000000000E+000)
 (1.157530817017968E-007,-1.346373874653967E-007)
 (3.069528994721810E-007,-7.614827217601462E-008)
 (-1.232554218116090E-002,8.439746722952350E-002)
 (7.524330781412646E-002,1.098826272317389E-002)
 (-3.978496054004370E-002,2.964536905097273E-002)
 (5.469605853155856E-003,7.340196561138975E-003)
 (-2.006341587783438E-003,-2.930104446344823E-004)
 (-1.206575883681039E-002,8.990696551156205E-003)
 (1.192977883843595E-002,-8.889381135487174E-003)
 (1.370893674462732E-003,-9.386933221407887E-003)
 (3.215338595645408E-004,-2.394008129007831E-004)
 (-1.811442516173280E-003,-2.431003629956996E-003)
 (1.264303583446332E-008,-6.191698024439419E-009)
 (1.982070461222701E-003,2.894911245340674E-004)
 (-2.573283064952527E-003,-3.757727938764973E-004)
 (1.135099301964758E-008,5.756276669457412E-008)
 (-2.223382166091618E-003,1.656773885030166E-003)
 (-1.643708818563828E-004,1.125778245475657E-003)
 (1.387791001829854E-003,2.027031258561651E-004)
 (1.424657076757383E-003,1.911972758287151E-003)
 (1.737142733704586E-004,-1.189285842368305E-003)
 (-3.360732860033218E-004,2.505087170438329E-004)
 (-5.960074223415446E-010,-1.009427510244490E-008)
 (2.011034331620023E-003,2.936948760500468E-004)
 (-2.326642980285232E-004,1.593098697562688E-003)
 (-2.387352427654227E-004,1.634783434464491E-003)
 (-4.527272668094426E-004,-6.075667249234272E-004)
 (-1.390334006365264E-003,-2.030581022622246E-004)
 (5.951668183918118E-005,-4.431352329345272E-005)
 (5.386084282944347E-005,-3.686450017799353E-004)
 (4.699941510903668E-009,2.707214002195067E-008)
 (-1.703370424827952E-004,1.269407323297262E-004)
 (1.703623617366302E-004,-1.269266925452655E-004)
 (4.023459344877049E-004,5.399458996241329E-004)
 (2.896849716857734E-005,-1.982325704522677E-004)
 (3.487846453447246E-009,-6.073825398032600E-010)
 (-1.294916420497313E-003,9.649001407974334E-004)
 (-1.624529882190982E-004,-2.372130676679098E-005)
 (3.868263735826881E-004,5.650096659725619E-005)
 (-4.958557095297556E-004,-7.242144016662188E-005)
 (-1.177171892136034E-004,-1.579889328963729E-004)
 (4.048520377504709E-004,-3.016534749729754E-004)
 (1.129817244476687E-004,-7.736449281470800E-004)
 (-4.441747809074544E-005,3.042483533347681E-004)
 (1.157764116854926E-005,1.553456271289722E-005)
 (-6.646972190595391E-004,4.953143708289687E-004)
 (0.000000000000000E+000,0.000000000000000E+000)
 AAAAAA          10
 (-1.156393189298088E-003,-1.213912217151371E-004)
 (3.799665776105290E-002,4.691199920868500E-002)
 (-7.371513296771880E-004,7.020452950774357E-003)
 (-1.527717474998645E-002,-1.886174868421348E-002)
 (-1.538354923900286E-002,1.246000260995604E-002)
 (-8.452085645490583E-003,-8.874686749482056E-004)
 (-1.405376526298068E-002,1.138292682380287E-002)
 (-7.576554880895352E-003,-9.354294751934191E-003)
 (-4.934145183630210E-005,4.700225739878882E-004)
 (-4.934828410050048E-005,4.700251223359602E-004)
 (-2.327965336141894E-004,2.217139420089328E-003)
 (-8.819593626666927E-003,7.143476107965351E-003)
 (-1.309586122806156E-002,-1.375054020936485E-003)
 (-1.831695036630656E-004,1.744584039683509E-003)
 (-6.746640636698773E-003,5.464484536338964E-003)
 (-5.898922645446142E-003,4.777871329989467E-003)
 (-1.065867001762844E-002,-1.119145373807045E-003)
 (-1.092525858096133E-002,-1.147141576602779E-003)
 (-7.487661211467427E-003,-7.861973539311728E-004)
 (-2.536713868549312E-003,-3.131922142439256E-003)
 (-2.536714607487574E-003,-3.131920147461275E-003)
 (1.440931111799968E-005,-1.371566207550136E-004)
 (-2.773656658941816E-003,-3.424460331598932E-003)
 (-3.671166833499103E-003,2.973487041855205E-003)
 (-3.671159325876919E-003,2.973484619571161E-003)
 (-3.349601332287267E-003,2.713024506763017E-003)
 (-3.859099712331117E-003,-4.052050625593894E-004)
 (-3.859099573094272E-003,-4.052008309850584E-004)
 (-1.855640433376943E-003,-2.291038080086336E-003)
 (-1.855637490362731E-003,-2.291038731844399E-003)
 (-1.524049826654628E-003,1.234413218951847E-003)
 (-1.664366705476258E-005,1.585033898684941E-004)
 (-8.647718358587242E-004,-1.067683918360934E-003)
 (-5.673071525106956E-005,5.403075145389815E-004)
 (-5.673334415743505E-005,5.403082954299743E-004)
 (1.259603932744671E-005,-1.199446720204015E-004)
 (-1.181724595368086E-003,9.571447647299040E-004)
 (-7.264207571241061E-004,-8.968697017920101E-004)
 (-2.193801618463861E-003,-2.303489892215888E-004)
 (1.187331783923453E-005,-1.130662598107606E-004)
 (-4.203771561622397E-004,-5.190146823443473E-004)
 (-2.011010233119557E-005,1.915480702844795E-004)
 (-1.513745305986831E-003,-1.589385488674338E-004)
 (-8.793881591476751E-004,7.122640813237921E-004)
 (-8.793875200730537E-004,7.122662499178508E-004)
 (-1.598020802035313E-003,-1.677906023312712E-004)
 (-6.562682802922428E-004,-6.890835424076060E-005)
 (-6.324974398041824E-002,6.016694210893370E-002)
 (-1.218235645339525E-003,-3.043938176084727E-005)
 (-3.095266415313064E-002,-3.253859796509741E-002)
 (-1.369903625413908E-002,-3.421763729944145E-004)
 (-1.008783558355937E-004,4.038605845517595E-003)
 (7.907625352227459E-003,-7.522205249475084E-003)
 (5.912250799057555E-004,-2.366922079028303E-002)
 (-9.637551577533626E-003,-2.407298800662177E-004)
 (-6.784883043205512E-003,-7.132522454362279E-003)
 (-6.784885187324981E-003,-7.132532742671245E-003)
 (-6.820162203827783E-003,-7.169616508902297E-003)
 (2.524879045990819E-004,-1.010803371261514E-002)
 (1.722953146087122E-003,-1.638981846926748E-003)
 (-6.350325122761679E-003,-6.675698285932677E-003)
 (1.532090181735643E-004,-6.133750070543065E-003)
 (1.398763840492602E-004,-5.599879476166480E-003)
 (2.137196286788648E-003,-2.033027319280221E-003)
 (2.084274835580784E-003,-1.982687713558523E-003)
 (1.198572248026441E-004,-1.140210246187181E-004)
 (-4.094010087461300E-003,-1.022631687358121E-004)
 (-4.094014326078889E-003,-1.022663987209912E-004)
 (-4.007471347942970E-003,-4.212800584491277E-003)
 (-2.589428941561720E-003,-6.467836735410220E-005)
 (1.135228946927876E-004,-4.544653258188273E-003)
 (1.135217844734191E-004,-4.544655800420741E-003)
 (9.131245974886026E-005,-3.655553912359045E-003)
 (7.088312413156339E-004,-6.742833353174575E-004)
 (7.088312545029282E-004,-6.742808795080072E-004)
 (-1.026567816059693E-003,-2.564420254321279E-005)
 (-1.026566725900935E-003,-2.564117181985535E-005)
 (7.218896263358747E-005,-2.890055849644364E-003)
 (-2.293549973428383E-003,-2.411066085357816E-003)
 (-9.636556827441045E-004,-2.406919793285198E-005)
 (-1.564832623960657E-003,-1.645010280091431E-003)
 (-1.564833100860103E-003,-1.645012448937669E-003)
 (-7.738677408850322E-004,-8.135211601396276E-004)
 (-1.305130778068189E-005,5.225121786806558E-004)
 (-5.333103896746746E-004,-1.332156921092524E-005)
 (-1.046041708849593E-005,9.950990942716765E-006)
 (-2.568976048339536E-004,-2.700617030174199E-004)
 (-9.090583823793222E-004,-2.270716840458554E-005)
 (-1.205281147226736E-003,-1.267038135687728E-003)
 (4.541597707019799E-004,-4.320230663044233E-004)
 (3.410626154831019E-005,-1.365396994789954E-003)
 (3.410461381105458E-005,-1.365393925442871E-003)
 (-5.834172367781564E-004,5.549818311241289E-004)
 (2.210616181837482E-004,-2.102850109454318E-004)
 (-3.580632873464896E-002,-6.526352500439637E-002)
 (2.397644316251221E-007,-2.519967948429271E-007)
 (-0.104027797122943,1.076490398196378E-003)
 (-3.092573671338211E-002,-2.108122133013323E-003)
 (2.136513682102904E-002,2.561256142780068E-002)
 (7.084338242215711E-005,6.843325605599564E-003)
 (-1.151347938077423E-003,-1.127743199828179E-003)
 (8.610649139837043E-003,5.869585764385161E-004)
 (-4.783915204966465E-003,-3.160602674963839E-003)
 (-5.325716933614824E-003,4.003062153277706E-003)
 (7.331628802353276E-003,-2.933127239527999E-004)
 (-5.714585387333439E-003,-3.493430945397787E-003)
 (3.169641916028194E-003,9.056503459877688E-004)
 (7.600845765995375E-005,2.579118067412810E-004)
 (-1.708757319259241E-003,-4.980492215685836E-004)
 (2.384483213829103E-003,2.335642467475264E-003)
 (5.444565782819206E-005,5.260336681176240E-003)
 (-2.070596128757693E-003,-3.774034716909477E-003)
 (-1.133606937320339E-003,-2.066226378059940E-003)
 (1.775820028583097E-004,-2.224183168268628E-004)
 (-1.218830600727421E-005,1.739596205655902E-004)
 (-2.354989227821125E-004,-2.699790191805774E-004)
 (-1.177834152594998E-004,-8.033054556116924E-006)
 (-1.606491932418289E-003,9.126010620751367E-005)
 (2.350621151877784E-003,1.717279993528265E-003)
 (1.471585168097234E-003,-3.972992944018704E-005)
 (3.848762752241632E-004,1.028567199246141E-003)
 (-4.956850351060081E-004,9.602584031720397E-005)
 (-2.098906236928550E-003,1.963495920795070E-003)
 (4.373528319504158E-004,-2.076741013496027E-003)
 (2.706547220659895E-004,7.886614605088921E-005)
 (1.877830433203925E-004,2.152392917809923E-004)
 (3.501603806210922E-004,4.128687755105098E-005)
 (-7.709710241775994E-004,5.438586959277259E-004)
 (-1.066822858293118E-003,4.644387087232100E-004)
 (-1.475176518662702E-003,1.526358941524337E-005)
 (1.183124689982191E-004,5.828147102311671E-006)
 (3.091640308877931E-004,-3.156427345245910E-004)
 (2.400390964921682E-004,6.999922462752617E-004)
 (1.384639987610999E-004,1.587128839042361E-004)
 (-1.852860110167086E-004,-1.263658904160747E-005)
 (-2.185685934353935E-004,-3.721358062731093E-004)
 (-3.032602327092555E-004,-5.527469458813396E-004)
 (-4.491422874970681E-004,-3.706251570930289E-004)
 (3.688611400227063E-004,4.124018155905145E-005)
 (2.497035086953921E-004,-2.562642684916022E-004)
 (-3.994273185744900E-005,1.485701481331202E-004)
 (-3.920462679576718E-002,-6.432079341641547E-002)
 (-2.269845581402587E-007,-1.689853669514319E-008)
 (3.350204350393817E-002,3.639793296500930E-002)
 (4.240121088121866E-002,-4.784918082265533E-002)
 (-6.198098364439658E-003,-2.042931373243332E-002)
 (2.394420667803592E-003,-2.203905010459228E-003)
 (-3.169344047789738E-005,7.657466662402738E-004)
 (-1.180567247416376E-002,1.332262718107108E-002)
 (9.338667861211503E-003,1.782324685568465E-004)
 (-7.875234397211510E-003,3.702918354862710E-003)
 (-1.832906622886861E-003,-2.666514955168882E-003)
 (-3.205467249599272E-003,1.006955756154738E-003)
 (1.789435336131734E-003,7.385071110367201E-003)
 (-6.528332580856202E-004,9.402491684053021E-005)
 (-1.750276972182887E-003,-4.246819679975080E-004)
 (6.566531533735455E-005,-1.585805620379287E-003)
 (1.840535341086378E-003,-1.694089673509868E-003)
 (-2.267092566039612E-003,-3.719501210564415E-003)
 (-1.241242118943447E-003,-2.036340314292639E-003)
 (-9.443872096145923E-005,-6.445721505238163E-005)
 (-9.436349079055053E-005,2.340007914376617E-004)
 (7.375638184270813E-004,-4.453221511624731E-005)
 (1.615262585081599E-004,-1.822206942968317E-004)
 (-2.455989455219233E-003,-1.142013421844672E-003)
 (9.124685418960702E-004,-7.862832820076037E-004)
 (2.186207630753243E-003,9.879288955892934E-004)
 (5.342564065755444E-004,5.777873429493256E-004)
 (-1.978326173331696E-004,-1.237464291799124E-003)
 (1.539009175703915E-003,-2.002925822675515E-004)
 (7.390192659703901E-004,-2.370410317990525E-003)
 (2.772189399258093E-004,6.725344889018249E-005)
 (-5.880447763403564E-004,3.552031822637818E-005)
 (-4.911772068865780E-004,5.669991965823681E-004)
 (-1.053439341496933E-003,5.194713519666480E-004)
 (-7.577919444931835E-004,5.845385876292620E-004)
 (4.750725099948118E-004,5.161574866141430E-004)
 (1.626758137527435E-004,6.742981607864293E-005)
 (-2.099196190146860E-004,-8.697518273090502E-006)
 (3.533811839799265E-004,3.400688633654042E-004)
 (-4.336341394441033E-004,2.616164521801240E-005)
 (2.540370707877297E-004,-2.866856279202046E-004)
 (9.798296567487795E-004,-9.798315673521124E-005)
 (-3.320610261031738E-004,-5.447594320511294E-004)
 (-1.127909271509849E-004,2.066955806944315E-004)
 (4.738095824992191E-004,1.796453263721021E-004)
 (2.791322004810383E-005,6.955200979443384E-004)
 (3.264659912983672E-005,-1.486128571659305E-004)
 AAAAAA          11
 (2.078877662193789E-002,3.616271628730541E-003)
 (-2.722846149439154E-003,1.565273335624268E-002)
 (3.009178183927388E-002,4.276554320425333E-002)
 (-1.512450778483735E-002,-2.149447998019726E-002)
 (-1.671516746049603E-002,1.176156309661224E-002)
 (-1.928969745664880E-002,1.357311904450601E-002)
 (-8.814783707087364E-003,-1.533347079590919E-003)
 (-5.477394796118472E-004,3.148725180352042E-003)
 (-3.371542702788215E-004,1.938173169326089E-003)
 (-5.837731758677450E-003,-8.296412595376022E-003)
 (-8.615053937926252E-004,4.952562284081865E-003)
 (-9.527085327418972E-003,6.703700043080865E-003)
 (-8.304944173794617E-003,5.843733219498927E-003)
 (-1.233023671890812E-002,-2.144876032279865E-003)
 (-1.138917121761860E-002,-1.981191076310743E-003)
 (-5.235070309541987E-004,3.009413018570907E-003)
 (-8.131814562457311E-003,-1.414548190700488E-003)
 (-6.152615327283339E-003,4.329262991106198E-003)
 (-1.021154597305703E-002,-1.776331177410783E-003)
 (-1.950905845449006E-003,-2.772565216073651E-003)
 (-5.343310161693463E-003,3.759817036661174E-003)
 (-1.742229839371229E-004,1.001525557738720E-003)
 (-1.948429134581981E-003,-2.769049116361087E-003)
 (-5.077114567715232E-003,3.572482162366955E-003)
 (-1.762834792673139E-003,-2.505287153686522E-003)
 (-4.143909305260855E-003,-7.208411152459665E-004)
 (-2.271481403109981E-003,1.598319635002534E-003)
 (-1.965502048280511E-004,1.129886216997663E-003)
 (-4.015356880012855E-003,-6.984781640887156E-004)
 (-3.681165270721693E-003,2.590234887711041E-003)
 (-1.362858998654292E-003,-1.936851229061848E-003)
 (-1.362850321647941E-003,-1.936842965371599E-003)
 (-2.128944955224613E-004,1.223837402985889E-003)
 (-6.771479215138361E-004,-9.623359175107251E-004)
 (-2.101918990738493E-004,1.208323664721802E-003)
 (-5.667105393626822E-004,-8.053905469448099E-004)
 (-9.798252694893886E-004,6.894491946071863E-004)
 (-1.364278723542163E-003,9.599690261186172E-004)
 (-2.442971866967710E-005,1.404352813787106E-004)
 (-1.709657423994829E-003,-2.974015264797553E-004)
 (1.816824154983806E-005,-1.044686439885931E-004)
 (-8.130908351061333E-005,4.674201324475641E-004)
 (-3.257751719096436E-004,-4.629805336887995E-004)
 (-7.790069766307986E-004,-1.355104828950942E-004)
 (-1.312193546104540E-003,-2.282591822386994E-004)
 (-1.650276119945605E-003,-2.870711514049133E-004)
 (-1.119121682965147E-003,7.874650752824155E-004)
 (-5.505940660775036E-002,7.008299199219159E-002)
 (-2.658989665394432E-002,-2.088985411692150E-002)
 (1.565499513473451E-002,-1.879407350012405E-003)
 (-1.590674355140105E-002,1.909638890125841E-003)
 (6.118974627469411E-004,5.096952588361302E-003)
 (-2.218993260480534E-003,-1.848361733208911E-002)
 (5.575746593183995E-003,-7.097142643271197E-003)
 (-9.058303782676662E-003,-7.116485194001453E-003)
 (-8.381353220613190E-003,-6.584660402973995E-003)
 (-1.269864778125423E-002,1.524500028792488E-003)
 (-7.704646786919971E-003,-6.053013913374478E-003)
 (-7.522861866171443E-004,-6.266339850211752E-003)
 (-5.577781665712042E-004,-4.646104966036103E-003)
 (-9.220292111721917E-004,1.173613431910731E-003)
 (8.631831579067177E-005,-1.098764150669735E-004)
 (-5.737959838182710E-003,-4.507921379725458E-003)
 (-6.083248385278452E-004,7.743127125861883E-004)
 (-4.981322399649906E-004,-4.149275415397597E-003)
 (8.144040273743878E-005,-1.036642479339040E-004)
 (-5.618984146069480E-003,6.745713033208750E-004)
 (-5.436258070441732E-004,-4.528285362271136E-003)
 (-4.966150822778482E-003,-3.901562469763394E-003)
 (-4.892729827724531E-003,5.873826895679571E-004)
 (-5.041943632241207E-004,-4.199771697001415E-003)
 (-2.739772609246903E-003,3.289150288328282E-004)
 (1.500907956865729E-004,-1.910402608096069E-004)
 (-3.744237308869763E-004,-3.118857248549728E-003)
 (-3.432479716810194E-003,-2.696662995269036E-003)
 (4.109721669789404E-006,-5.230134896752953E-006)
 (-2.266908664516281E-004,-1.888273089730527E-003)
 (-1.666513965382419E-003,2.000667782817533E-004)
 (-1.666514141865341E-003,2.000686369592919E-004)
 (-2.147158460316462E-003,-1.686874420962153E-003)
 (-1.609381553027563E-003,1.932093602938999E-004)
 (-1.845761923497591E-003,-1.450089979351855E-003)
 (-1.009085519470540E-003,1.211419862067886E-004)
 (6.427255825903791E-005,5.353829307492007E-004)
 (-1.766628511063226E-004,-1.471554117244597E-003)
 (-8.589908513849416E-004,-6.748505283679989E-004)
 (1.515644835652690E-004,-1.929212414452260E-004)
 (-5.391623207056722E-004,-4.235814694588120E-004)
 (-1.160837626432064E-003,-9.119908426733634E-004)
 (-8.811289090290707E-004,1.057820203722261E-004)
 (2.560131960766426E-004,-3.258692017705791E-004)
 (-7.239868482867266E-004,9.215344041833079E-004)
 (-1.815429258533282E-004,2.310789514660844E-004)
 (-1.059165229554125E-004,-8.822592560920584E-004)
 (-6.154978930522052E-002,-5.280767214667358E-002)
 (2.235686480994527E-002,-2.605795393160346E-002)
 (3.257453597519416E-003,4.261154773653438E-002)
 (-6.483845592644533E-003,-8.481640363210885E-002)
 (-3.196889604190481E-002,2.443882064044644E-003)
 (-1.469688894151457E-003,1.123552890318045E-004)
 (6.748825604487529E-003,5.790276727171171E-003)
 (2.809820430563325E-003,-3.274981633110889E-003)
 (-9.945840356446979E-003,1.159235231784736E-002)
 (1.274832646071947E-003,1.667655477185921E-002)
 (-6.051822459403522E-003,7.053686768989965E-003)
 (-9.917239072421838E-004,7.580898370742456E-005)
 (-4.040439460118408E-003,3.088644347123293E-004)
 (4.278801685958491E-003,3.671069759583609E-003)
 (-1.028648448348090E-003,-8.825466324856111E-004)
 (-1.065425464875191E-003,1.241810093776388E-003)
 (3.491602495424812E-004,2.995654000250728E-004)
 (-2.949637315406157E-003,2.254763643562414E-004)
 (-3.957815105673318E-004,-3.395628072332445E-004)
 (3.298591165739799E-004,4.315075129691053E-003)
 (-1.499939371864249E-003,1.146697101492507E-004)
 (-2.706152458579722E-003,3.154147157392447E-003)
 (3.253817283354972E-004,4.256466110194750E-003)
 (-3.501027115841332E-003,2.676334093246917E-004)
 (3.445561625451071E-005,4.507393310989731E-004)
 (2.163709685039685E-004,1.856464995993116E-004)
 (-8.456622625628798E-004,6.464939728826268E-005)
 (-1.679443111467793E-003,1.957464347266077E-003)
 (1.138221943928215E-003,9.765595780632899E-004)
 (1.655344138945143E-003,-1.265440866735769E-004)
 (9.510548197475745E-006,1.243825774938059E-004)
 (9.508429592175944E-006,1.243774378058657E-004)
 (-1.063654924184980E-003,1.239737734300843E-003)
 (1.337384336774648E-004,1.749497311889555E-003)
 (-1.100638889591362E-003,1.282848851185539E-003)
 (6.692947433586867E-005,8.754821209864413E-004)
 (-9.542093411014922E-004,7.294099499487904E-005)
 (1.637438394872603E-004,-1.251409962667148E-005)
 (-1.473100261908220E-004,1.716998060023245E-004)
 (-1.557977257066944E-004,-1.336721724003694E-004)
 (-1.049815966108043E-003,1.223609835174535E-003)
 (1.927575000168058E-004,-2.246642574188639E-004)
 (1.584284637316345E-005,2.072959185672702E-004)
 (3.663077504444062E-004,3.142762468515189E-004)
 (3.136665221294173E-004,2.691154744941188E-004)
 (1.936894919958979E-004,1.661762665168606E-004)
 (4.720926254082262E-004,-3.609058072948057E-005)
 (-0.118603435349810,-4.937303143327604E-002)
 (-3.612639417305642E-002,8.678235577920920E-002)
 (1.687949393073144E-007,2.628409612234522E-007)
 (1.006704866603173E-007,1.337473524299576E-007)
 (1.404588629226576E-002,-5.788910844153973E-003)
 (-5.299521113259457E-004,2.184239946595255E-004)
 (1.508999533127164E-003,6.281694544996481E-004)
 (-6.055664448120526E-004,1.454696016821124E-003)
 (-1.807049071442839E-003,4.340840838102098E-003)
 (1.947260760168260E-008,2.959685673498364E-008)
 (1.950029540386750E-003,-4.684336481089102E-003)
 (-4.889025770691967E-003,2.014979288177985E-003)
 (-1.123889068274060E-003,4.631963541894506E-004)
 (2.934116561023123E-003,1.221422822460114E-003)
 (4.474718924749981E-003,1.862770141844383E-003)
 (2.108959857794877E-005,-5.062754864159970E-005)
 (-2.200348475767575E-003,-9.159966289158480E-004)
 (2.456500698492556E-003,-1.012422098013799E-003)
 (-4.401960001156753E-003,-1.832473903056505E-003)
 (9.672427621724715E-005,2.346992493140287E-004)
 (2.951479329639373E-003,-1.216431139713367E-003)
 (-9.524605165475937E-009,2.978716245478731E-008)
 (3.753913601570103E-004,9.108615599578619E-004)
 (-1.863855831109278E-003,7.681744589665135E-004)
 (3.191081828857163E-009,-1.635463038289062E-009)
 (-1.026912318797597E-003,-4.274858967227844E-004)
 (3.745214670743457E-004,-1.543527246995873E-004)
 (-5.352278231554399E-009,1.764874803200134E-008)
 (1.574206567180483E-003,6.553205294398571E-004)
 (1.385453003004933E-003,-5.710087989879601E-004)
 (1.037300790972885E-003,2.516864730002709E-003)
 (-1.037320085093235E-003,-2.516900810598975E-003)
 (-5.394274706048402E-004,1.295813206491458E-003)
 (1.718481509747625E-004,4.169810994481452E-004)
 (-6.726116665537180E-004,1.615748204759390E-003)
 (-2.004869824975939E-004,-4.864451431092793E-004)
 (-1.023594374707899E-005,4.223377656897412E-006)
 (-5.515846575738656E-004,2.273347995076694E-004)
 (-3.168869623873726E-004,7.612276882187353E-004)
 (-3.209646414707191E-004,-1.336159820916582E-004)
 (-4.441392091170983E-009,6.211282413212780E-009)
 (9.619688993161816E-005,-2.310752520187377E-004)
 (-6.262315314396162E-009,-2.063679537232054E-009)
 (-1.635860472425035E-004,-6.809649711017921E-005)
 (-5.461947082514357E-005,-2.273642556914475E-005)
 (6.187283688673348E-004,2.575701603032361E-004)
 (3.980991303647112E-004,-1.640722214137779E-004)
