 -0.205940087550016       0.170763585229133       0.218907299479977     
  0.218907299620019      -0.185892822003892       0.110891379405895     
  0.180114498333658       0.183412852135627      -0.146567229162080     
  4.816361928769954E-002  0.129228410113293       0.146699463197805     
 -9.046046672464872E-002 -2.181604949639362E-002  0.100054408097150     
  0.128874685943748      -0.166825367602820       5.846333544441792E-002
  0.142973149531697       0.200785168437788      -0.130426147740898     
  1.378182544674650E-002  0.104973363169107       0.157085671880423     
 -8.349144406327852E-002 -2.584711063736064E-002  7.637732866611008E-002
  0.117988158634092      -0.103708355908723      -1.613447613107483E-002
  7.942968768915401E-002  0.158865842252175      -0.150119134613156     
  8.466399745301868E-003  0.189007330360136       0.189007330361348     
 -0.122547377624441      -2.147049192403312E-002  0.144571918147316     
  0.171089989475993     
