 AAAAAA           2
 (-7.921627956906079E-003,8.011791739005956E-003)
 (9.416932358549332E-005,1.664109005353133E-002)
 (-1.537082686998056E-002,8.698025699595009E-005)
 (8.685448819843386E-005,1.534873026992727E-002)
 (2.811310461404876E-003,2.779673676946781E-003)
 (7.282259012189336E-005,1.286892604081150E-002)
 (1.049807321598331E-003,1.037992108281177E-003)
 (-1.411222893257887E-002,1.427285387262796E-002)
 (-1.177066923154096E-002,1.190464564769990E-002)
 (6.007108124754393E-005,1.061549362832224E-002)
 (-1.741746497771246E-004,-1.722140405428266E-004)
 (-9.757081890887575E-003,5.521406140418950E-005)
 (2.095970423702670E-004,2.072369542160543E-004)
 (1.857345240177464E-004,1.836441771483381E-004)
 (-8.847373796622730E-003,5.006779394946433E-005)
 (-8.133129380308055E-003,8.225700781958025E-003)
 (-6.208662967008459E-003,3.513456509536442E-005)
 (-6.208659989532803E-003,3.513565563342813E-005)
 (-6.184274877326506E-003,6.254665868491107E-003)
 (-5.354735350069020E-003,3.030090683834989E-005)
 (-5.163824594451148E-003,2.921995137778648E-005)
 (2.790162305556470E-005,4.930658337850557E-003)
 (-3.755936416138119E-003,3.798686063381327E-003)
 (-3.480665512775037E-003,1.969687671394844E-005)
 (-3.272117788693160E-003,3.309359743873307E-003)
 (1.830561886115116E-005,3.234992858704795E-003)
 (1.830575328465105E-005,3.234994416904832E-003)
 (2.549759344480277E-004,2.521045848035831E-004)
 (-2.822606155817858E-003,1.597286770722059E-005)
 (-2.720667550317827E-003,1.539564510688661E-005)
 (-6.205498293225496E-006,-6.135387932688427E-006)
 (-1.725296088765425E-004,-1.705866923387041E-004)
 (4.013298862649109E-005,3.968040244151575E-005)
 (-1.992132084633762E-003,2.014805677323132E-003)
 (-1.992131490150594E-003,2.014805904807567E-003)
 (-1.638827645564621E-003,1.657480945970625E-003)
 (8.159368576326681E-005,8.067474259056778E-005)
 (-1.230354421139345E-003,6.962951220928202E-006)
 (6.517592852460800E-006,1.151699589581416E-003)
 (9.461416858909284E-005,9.354976673988744E-005)
 (-1.098497127426284E-003,6.216277669528669E-006)
 (3.353137494787683E-007,3.315637661978643E-007)
 (0.000000000000000E+000,0.000000000000000E+000)
 (0.000000000000000E+000,0.000000000000000E+000)
 (-7.322472970318436E-003,2.951675512536585E-002)
 (-4.976618223951196E-003,-8.260463115055509E-003)
 (-6.987575524324273E-003,4.209774687616617E-003)
 (1.643044851156406E-002,2.727213828292796E-002)
 (5.488292269769091E-003,1.361543106295260E-003)
 (1.013488661675436E-002,1.682238025465691E-002)
 (2.431400690867253E-002,6.031773037911027E-003)
 (-4.514294958668512E-005,1.819356465271949E-004)
 (-6.333005414757300E-004,2.552808240203953E-003)
 (-5.771986974442842E-003,-9.580671210408081E-003)
 (3.687922144957834E-003,9.148792773595586E-004)
 (9.211640482638765E-004,-5.549645693282189E-004)
 (7.269311564467809E-003,1.803355328631877E-003)
 (9.691275928162659E-003,2.404203953041717E-003)
 (8.041558152155220E-003,-4.844749229108566E-003)
 (1.939870835372697E-003,-7.819581982435963E-003)
 (1.987024879963236E-003,-1.197104417708918E-003)
 (1.987050017349678E-003,-1.197112084465981E-003)
 (1.309147222396444E-003,-5.277121702886137E-003)
 (1.426518291637317E-003,-8.594315913830264E-004)
 (2.808737963929084E-003,-1.692195548436863E-003)
 (-1.806142815131772E-003,-2.997945056085602E-003)
 (-6.778942112422923E-004,2.732544999488774E-003)
 (3.145799752628637E-003,-1.895229662981950E-003)
 (5.892573560646985E-004,-2.375352304075757E-003)
 (1.917847133320197E-003,3.183343761726169E-003)
 (1.917851564298172E-003,3.183346338425117E-003)
 (2.720022132033244E-003,6.747796965602452E-004)
 (3.688861697485524E-004,-2.222403566203187E-004)
 (9.846344522461269E-004,-5.932156009522424E-004)
 (7.980505041024220E-004,1.979855084316512E-004)
 (6.707356670101465E-004,1.664045539446665E-004)
 (-7.571014743874725E-004,-1.878185437940724E-004)
 (-3.650655107782260E-004,1.471537041710537E-003)
 (-3.650590694178424E-004,1.471531598650738E-003)
 (2.778598809906376E-004,-1.120053452168395E-003)
 (1.624599316097010E-003,4.030270361408816E-004)
 (4.594110267230609E-005,-2.767609733877857E-005)
 (1.678751197135362E-004,2.786377319763094E-004)
 (8.520493494896606E-004,2.113732811962787E-004)
 (6.441683191805940E-004,-3.880965119337110E-004)
 (-6.613512776758921E-004,-1.640656679952303E-004)
 (0.000000000000000E+000,0.000000000000000E+000)
 (0.000000000000000E+000,0.000000000000000E+000)
 (-2.705249676467823E-003,3.464941091363027E-002)
 (1.300418294237205E-002,7.500767100412776E-003)
 (2.367346539569743E-002,6.787139851678206E-003)
 (-4.946850591655784E-003,-4.659470712247967E-004)
 (-1.969419559440860E-002,-3.552576828423749E-002)
 (3.596934933400449E-003,1.234853353166482E-002)
 (-5.192858233697649E-008,-1.475338301712516E-008)
 (-3.040653961098977E-004,-3.672857075502272E-004)
 (7.702565555814657E-004,-1.403402137244847E-003)
 (-7.002980317757736E-004,2.442603653926680E-003)
 (-5.183363328086035E-003,-4.281751786694439E-003)
 (-9.219674118880427E-003,-4.551882425379300E-003)
 (3.163731226536875E-003,3.811287901387331E-003)
 (-6.476709564561750E-004,1.226248031231183E-003)
 (3.519549958349904E-003,-1.025172220207655E-003)
 (-7.872265071840376E-004,-9.508891889162848E-004)
 (2.473915264676454E-003,-8.705019005073334E-005)
 (-1.243379813056177E-003,-1.025508844908460E-003)
 (-9.030681702202335E-004,1.645379713212499E-003)
 (3.444179219319852E-004,-1.003334453790764E-004)
 (-1.765482406318855E-003,5.142480417723769E-004)
 (-1.922114268921729E-009,-2.761231889801269E-009)
 (-8.533496807009905E-004,-1.810897517630029E-003)
 (9.008785778229791E-004,-2.941048911359108E-004)
 (1.490288989784586E-003,-2.715308077537783E-003)
 (-1.053911091848042E-003,-1.487457749887933E-003)
 (1.133581179512907E-003,1.209556260999964E-003)
 (1.842256001775971E-004,-7.647926875729921E-004)
 (3.176034831891560E-003,-6.226094361653659E-004)
 (-2.903751368367121E-003,-9.173669349174160E-004)
 (-1.218925640461381E-003,-6.690067449687467E-004)
 (-9.573925152880052E-004,-1.727013967793802E-003)
 (5.716398511508449E-004,3.137438969776120E-004)
 (-7.170066446917068E-005,-1.055219830757504E-003)
 (-1.093728820682898E-003,1.296049819654038E-003)
 (-9.643120062650678E-004,4.060425532120631E-004)
 (-6.625765630917428E-004,-1.269955885309223E-004)
 (-9.929355839633015E-006,1.054205279567869E-004)
 (-2.636531265256735E-004,7.005426390363072E-005)
 (-1.016172682238475E-003,-5.577257411664199E-004)
 (-5.594639410096423E-004,1.629614723883695E-004)
 (-5.440681979287356E-004,-2.986092153302012E-004)
 (0.000000000000000E+000,0.000000000000000E+000)
 (0.000000000000000E+000,0.000000000000000E+000)
 (2.829840342021718E-002,3.502409970297534E-002)
 (2.487181228766995E-002,6.530499009787936E-003)
 (-1.698042552079564E-002,9.727696036288942E-003)
 (-9.178572086383568E-003,-3.658033477364329E-003)
 (3.114767802483134E-002,8.458022712993229E-003)
 (8.090016754483726E-003,-3.247877013093070E-003)
 (-1.352545054139990E-008,-4.539158969315339E-008)
 (-3.745656843928039E-004,-8.709976364509408E-004)
 (-9.978446122004630E-004,-4.262064005016178E-004)
 (-1.003592868228709E-003,-1.751772611392874E-003)
 (5.842078100316709E-004,3.363669983268218E-003)
 (8.112245545843520E-003,-7.308292844799395E-003)
 (-2.156911742821203E-003,-1.784071209502948E-003)
 (-2.572107124016744E-003,8.155598307050501E-004)
 (-9.259208671837195E-004,-2.306106775851453E-003)
 (-9.699289514426172E-004,-2.255392987063918E-003)
 (-1.148417518500109E-003,-4.524431568132586E-004)
 (1.417559137600883E-003,-1.744662263100772E-003)
 (1.169970376912375E-003,4.996238786167022E-004)
 (-9.048209949141602E-005,-2.252208065764405E-004)
 (4.644438336527893E-004,1.157033945775431E-003)
 (-5.239923839503066E-008,-3.229653990410920E-008)
 (-1.702106201907719E-003,-3.324708913189245E-003)
 (-2.119653591847304E-004,-6.488384997634746E-004)
 (-1.930675458722459E-003,-8.245416202892112E-004)
 (-2.119322210717983E-003,-9.651296368819192E-005)
 (2.233508859540584E-003,2.957735420272112E-004)
 (1.356716724581915E-003,-3.253006902735000E-004)
 (-1.073008275599523E-003,-1.523126137489673E-003)
 (2.149481847389849E-003,-1.349921320559938E-003)
 (-3.701217731157289E-004,8.667834353412671E-004)
 (1.514114321595518E-003,4.111794979448820E-004)
 (1.736204245499390E-004,-4.064545857489425E-004)
 (-8.963472129751398E-004,-1.298115083588445E-003)
 (8.357755733728864E-004,-1.808230439288460E-004)
 (1.223721594660569E-004,-9.904396908581546E-004)
 (-5.565973964652372E-004,5.241912421102769E-004)
 (-7.780287606729434E-005,1.952334949792465E-004)
 (-4.780904027681574E-004,-2.416532358035863E-004)
 (-3.085468099065300E-004,7.226107883764181E-004)
 (1.471379712711110E-004,3.665995664605365E-004)
 (-1.652032808162980E-004,3.868849592435021E-004)
 (0.000000000000000E+000,0.000000000000000E+000)
 (0.000000000000000E+000,0.000000000000000E+000)
 AAAAAA           3
 (-1.878378606978221E-002,6.980377189033268E-003)
 (-9.699105350178885E-003,-4.443484476868376E-003)
 (-2.513995641048941E-003,5.487483185135086E-003)
 (-4.926136286765899E-003,-1.325595257572227E-002)
 (-1.113382826829471E-002,4.137521667148389E-003)
 (-1.227515646372251E-002,4.561656449181659E-003)
 (-2.210776789796081E-002,-1.012830313887008E-002)
 (-3.243284048296515E-004,7.079306244591491E-004)
 (-1.081509933459820E-002,4.019077751730918E-003)
 (-1.521415403544894E-002,-6.970106811208755E-003)
 (7.163715187732199E-005,-1.563626340261651E-004)
 (-3.319872700121503E-003,-8.933589424848558E-003)
 (-3.852995310795753E-004,8.410216406199496E-004)
 (-1.197750259338900E-002,-5.487290992960630E-003)
 (-2.725756381534131E-003,-7.334856626102029E-003)
 (-1.193329389521812E-004,2.604811916491776E-004)
 (-2.558062899785337E-003,-6.883591974405510E-003)
 (-2.180906998077964E-003,-5.868696429141807E-003)
 (-7.372397000530813E-003,-3.377538295328424E-003)
 (-1.897477667628283E-003,-5.106000743613908E-003)
 (-1.763287381993719E-003,-4.744908118599441E-003)
 (-1.389135429753667E-003,-3.738089858650414E-003)
 (-3.983628923381693E-003,1.480386360571745E-003)
 (-4.883236668577776E-003,-2.237170761391093E-003)
 (-3.294214635407328E-003,1.224186002602163E-003)
 (-2.812309852714954E-003,1.045103162955667E-003)
 (-3.644632144746590E-003,-1.669726340856761E-003)
 (9.101061256008966E-006,-1.986268202729484E-005)
 (-1.183570334425033E-004,2.583481903400266E-004)
 (-8.271435943117947E-004,-2.225801321593417E-003)
 (-2.606360183577154E-003,-1.194059846550914E-003)
 (-7.829590157369490E-004,-2.106903761419000E-003)
 (5.920836806699028E-005,-1.292387420910644E-004)
 (-7.732571805512593E-005,1.687905776882968E-004)
 (-2.483302269922498E-003,-1.137684628422408E-003)
 (-2.489307673899348E-006,5.435634967863165E-006)
 (-8.445836700551281E-005,1.843542715654412E-004)
 (-1.685880955746098E-003,-7.723575766049332E-004)
 (-3.724686659533342E-004,-1.002294631385942E-003)
 (-1.033364160429074E-003,3.840145728030186E-004)
 (-6.368803599008582E-004,2.366768183244341E-004)
 (2.003738668035630E-006,-4.373334579276567E-006)
 (-3.541135359331809E-004,-9.528987740924591E-004)
 (0.000000000000000E+000,0.000000000000000E+000)
 (-6.483540484477912E-003,1.660890489265516E-002)
 (1.158072912423033E-002,-5.077779123020884E-003)
 (-2.232841548755442E-003,-5.092352363487071E-003)
 (-2.237816663060349E-003,-8.735728015712395E-004)
 (6.971280520281856E-003,-1.785838480444661E-002)
 (9.088667338027516E-003,-2.328268134285789E-002)
 (1.278653999022003E-003,-5.606615365481539E-004)
 (-9.208120443114105E-003,-2.100028762015410E-002)
 (-2.301403018225013E-003,5.895618081419883E-003)
 (2.274922682184394E-003,-9.974778753111878E-004)
 (-3.673097317058825E-003,-8.376939461066740E-003)
 (-2.044523216141988E-003,-7.981101594701891E-004)
 (-4.339947485840460E-003,-9.897823277476580E-003)
 (-5.733904314380316E-003,2.514115688603594E-003)
 (-7.547156276610358E-003,-2.946160529591303E-003)
 (-3.653256793938628E-003,-8.331535741260609E-003)
 (-3.152237462222873E-003,-1.230490053809327E-003)
 (-3.195464931756993E-003,-1.247394535272433E-003)
 (-3.857975973304400E-003,1.691594650520669E-003)
 (-2.789646504033266E-003,-1.088934553374587E-003)
 (-3.922156825122041E-003,-1.531067263641959E-003)
 (-4.089474634474296E-003,-1.596363966642214E-003)
 (-4.792593188951807E-004,1.227698045202366E-003)
 (2.775422893181099E-003,-1.216937252769685E-003)
 (1.671556129465184E-003,-4.281991156679495E-003)
 (1.064697317125294E-003,-2.727445745619114E-003)
 (-1.265651676244026E-003,5.549542049959775E-004)
 (-6.760242808784955E-004,-1.541754586447019E-003)
 (-8.812994609869985E-004,-2.009883004999026E-003)
 (-3.002180030101668E-004,-1.171946998844954E-004)
 (1.500010548587907E-003,-6.577006232944805E-004)
 (-7.445258153497274E-004,-2.906310960408967E-004)
 (-3.613276810290176E-004,-8.240571485092348E-004)
 (-1.036528270570952E-003,-2.363937164619850E-003)
 (1.115154186638191E-003,-4.889743462481674E-004)
 (-1.605223788962700E-005,-3.657383988687940E-005)
 (-5.422876229024651E-004,-1.236776226397715E-003)
 (-5.028871664364489E-004,2.205348647649910E-004)
 (-7.056814067063786E-005,-2.755617325772443E-005)
 (2.013075063448165E-004,-5.156957120710262E-004)
 (4.070506199681963E-004,-1.042762533723440E-003)
 (-6.688473578861502E-004,-1.525403205777849E-003)
 (-8.428007673912278E-004,-3.289813462630528E-004)
 (0.000000000000000E+000,0.000000000000000E+000)
 (-3.494238288440767E-003,8.174206366102187E-003)
 (-8.169755037460931E-003,3.276167548017021E-003)
 (-1.899996192142035E-002,-4.737479432521267E-002)
 (2.027454757890813E-002,8.667353695510849E-003)
 (-3.075545117808951E-003,7.194408567169174E-003)
 (-7.515508321734051E-008,-1.224623317886901E-007)
 (3.208021863155433E-009,-1.168716795786111E-008)
 (1.550427400712374E-007,1.345393997884687E-007)
 (-1.220468063822437E-003,2.855059891067097E-003)
 (2.608456968655367E-003,-1.046160958864355E-003)
 (-2.322134386600178E-003,-5.789961752597493E-003)
 (-1.027181155596571E-002,-4.391130067729430E-003)
 (1.409503590497694E-003,3.514761513727278E-003)
 (5.557100255845598E-008,-9.818961998711648E-008)
 (2.524964545603918E-003,1.079331998011379E-003)
 (4.454841124586959E-004,1.110786391423522E-003)
 (2.533760080421336E-003,1.083102566302496E-003)
 (-5.841790282574561E-005,-2.497905804943428E-005)
 (-1.440647210700867E-003,5.777479665033730E-004)
 (2.760646930381848E-004,1.180392980739345E-004)
 (-1.518851907756309E-003,-6.493340652151832E-004)
 (5.890664919406391E-004,2.517968890620014E-004)
 (5.094275162480935E-009,1.946057551685759E-008)
 (1.081371433267279E-003,-4.336943366811204E-004)
 (2.943900995368332E-004,-6.886682210598833E-004)
 (-3.750847814738993E-004,8.774242775951084E-004)
 (2.258902081246726E-003,-9.059489358514908E-004)
 (-3.935625888594937E-004,-9.813238056917359E-004)
 (-1.995030331039608E-004,-4.974868001663506E-004)
 (2.488669864143952E-003,1.063891724140462E-003)
 (1.220139080217311E-003,-4.893367904250309E-004)
 (-2.300250898266235E-003,-9.833647738354630E-004)
 (-6.579672646750455E-004,-1.640591835639218E-003)
 (-2.123251885116288E-004,-5.294420162405633E-004)
 (-1.842527889645933E-003,7.389505481585143E-004)
 (1.863888560911890E-004,4.647128045927512E-004)
 (-3.408725916751116E-004,-8.499420550549820E-004)
 (-7.471750617601727E-004,2.996490284931078E-004)
 (1.175680032878632E-008,-5.252698963874423E-010)
 (-7.370539986560192E-005,1.723896701286803E-004)
 (-2.416391541433518E-004,5.652551405169601E-004)
 (-1.660857609241002E-004,-4.141796734450615E-004)
 (-4.447382614726343E-004,-1.901301159119005E-004)
 (0.000000000000000E+000,0.000000000000000E+000)
 (6.893435457240309E-003,-3.341409317016028E-002)
 (2.272013793616273E-002,-1.494904845739092E-002)
 (-9.943740162527708E-003,-1.511290612595683E-002)
 (1.876162078772020E-002,3.870567883837070E-003)
 (1.078790600090318E-003,-5.229155262755264E-003)
 (-5.877908937436712E-004,2.849034836283473E-003)
 (1.982895228727534E-003,-1.304662212423251E-003)
 (6.148315961160005E-003,9.344534375342117E-003)
 (-2.721363909248600E-003,1.319116298740681E-002)
 (2.464562150749179E-003,-1.621576568485899E-003)
 (6.195677663287405E-003,9.416544270153027E-003)
 (-2.444172658872811E-003,-5.042110880868423E-004)
 (3.538706453448868E-003,5.378367305649097E-003)
 (-1.982038719207931E-003,1.304103396791702E-003)
 (3.713114965464359E-003,7.660199140243852E-004)
 (1.271499421454841E-003,1.932487726590770E-003)
 (2.316429524640215E-003,4.778670373303312E-004)
 (2.202370585730958E-003,4.543410382083111E-004)
 (4.413486229704330E-004,-2.903888727082387E-004)
 (2.216645712234306E-003,4.573012906375246E-004)
 (3.079315958980279E-003,6.352579566556490E-004)
 (1.884993763417101E-003,3.888637474747867E-004)
 (-6.265631900617566E-004,3.037104232519327E-003)
 (-1.900184165428786E-003,1.250250072418747E-003)
 (-4.278723377352065E-004,2.074012318390746E-003)
 (4.822950300414108E-004,-2.337811880558736E-003)
 (-1.152441103546510E-003,7.582466018626006E-004)
 (1.239862662893178E-003,1.884413302535859E-003)
 (-7.065500573605324E-004,-1.073847747302252E-003)
 (-2.154036923516589E-004,-4.444858345869066E-005)
 (-3.654716218952789E-004,2.404707116904700E-004)
 (-5.781466126213225E-004,-1.192794623212162E-004)
 (8.524180203431862E-005,1.295712713104683E-004)
 (6.120293182140981E-004,9.301894547020890E-004)
 (9.587558597544833E-004,-6.308294107240018E-004)
 (7.738995764344373E-004,1.176204186688949E-003)
 (6.444618751979232E-004,9.794831028993420E-004)
 (-4.830236172547810E-004,3.178054683253779E-004)
 (1.901520459239216E-004,3.922119068853175E-005)
 (-1.527461678305393E-004,7.403550276278442E-004)
 (-1.077881040559481E-004,5.224782818901257E-004)
 (3.560437350614492E-004,5.411298717813599E-004)
 (5.667415404452849E-004,1.169237138089255E-004)
 (0.000000000000000E+000,0.000000000000000E+000)
 AAAAAA           4
 (2.077137069247861E-002,1.276359649495267E-002)
 (8.839443865083039E-003,-2.110756796748923E-003)
 (2.272478075913632E-003,9.516706931813539E-003)
 (6.921776473618639E-003,2.898706148964738E-002)
 (-6.706337409083877E-003,1.091383756469807E-002)
 (9.338579073278898E-003,5.738373416191144E-003)
 (9.508125340547043E-003,5.842559962855078E-003)
 (1.052695097087513E-002,6.468603407039144E-003)
 (3.117898659930139E-004,-7.444962464833946E-005)
 (-3.182502344570774E-005,7.594459712295755E-006)
 (3.871412839739358E-003,1.621271258926728E-002)
 (-4.770524415802967E-003,7.763523257964594E-003)
 (3.479672950907325E-003,1.457222357756638E-002)
 (1.641725933717717E-003,-3.920272363914889E-004)
 (-4.497850952293933E-003,7.319742947908102E-003)
 (-3.533752933641177E-003,5.750783217466436E-003)
 (3.356028515037913E-004,-8.014418352390728E-005)
 (-3.283903236521104E-003,5.344206584358390E-003)
 (-2.878970430341346E-003,4.685200318648698E-003)
 (-2.356030059253250E-003,3.834182181683494E-003)
 (1.702689921959177E-003,7.130527265897091E-003)
 (-2.561625944129825E-003,4.168761252632451E-003)
 (1.251570043510683E-003,5.241337592274685E-003)
 (3.032682594458282E-003,1.863525860029710E-003)
 (3.285590383258037E-003,2.018934412332840E-003)
 (2.868812144126548E-004,-6.850440713639589E-005)
 (2.366207572393041E-003,1.453988971393516E-003)
 (-3.005003741538358E-005,7.173590597385652E-006)
 (7.672435234194720E-004,3.213068613142066E-003)
 (6.755997507177080E-004,2.829279923573810E-003)
 (2.452416691904233E-004,-5.856195473689665E-005)
 (-1.000890996643940E-003,1.628840974236940E-003)
 (6.106362844010272E-004,2.557223902436962E-003)
 (-9.947367402164392E-005,2.375271571727628E-005)
 (-9.131186480983854E-004,1.485993828579248E-003)
 (-3.460381079325915E-005,8.263272469160573E-006)
 (2.827974954645541E-004,-6.752912130404879E-005)
 (6.559607096646457E-004,4.030727286824972E-004)
 (4.049114319834477E-005,-9.669780124594427E-006)
 (4.417386905448115E-005,-1.055012716557593E-005)
 (1.463405573271807E-004,6.128523849038305E-004)
 (0.000000000000000E+000,0.000000000000000E+000)
 (0.000000000000000E+000,0.000000000000000E+000)
 (0.000000000000000E+000,0.000000000000000E+000)
 (3.226310667781927E-002,1.114319233267843E-002)
 (-5.143617655464261E-003,2.502664292983589E-003)
 (-1.917216915053462E-003,-3.940324192740863E-003)
 (-2.970989203571835E-004,-6.105573019873029E-004)
 (-3.373047516008686E-003,9.766037551484204E-003)
 (-1.686141816671298E-002,-5.823722485495219E-003)
 (-1.790770840723973E-002,-6.185053510193175E-003)
 (-9.536775131461712E-004,-3.294073201992962E-004)
 (-2.034280334984363E-002,9.898048827349123E-003)
 (-1.385340336666944E-002,6.740502199269023E-003)
 (-5.207894311955221E-004,-1.070360201662570E-003)
 (-1.594900901207033E-003,4.617767060423470E-003)
 (1.922263099288047E-003,3.950789132153283E-003)
 (-1.216927072900736E-002,5.921129905154785E-003)
 (-1.667972139884170E-003,4.829268493342640E-003)
 (-2.514491761800096E-003,7.280116649266661E-003)
 (-6.904577477322487E-003,3.359500028924933E-003)
 (-1.713738283121413E-003,4.961913822848700E-003)
 (-1.497228466039426E-003,4.334882839545325E-003)
 (-1.861328551918896E-003,5.389172623305733E-003)
 (1.323055671940593E-003,2.719202783003427E-003)
 (-1.613203033762533E-003,4.670674240055279E-003)
 (-1.138670886127938E-003,-2.340288012936028E-003)
 (-5.228889582296576E-004,-1.805892682292857E-004)
 (-4.675731339358031E-003,-1.614928293627245E-003)
 (-3.288922244687567E-003,1.600253188493374E-003)
 (-1.776185369627575E-003,-6.134684975827151E-004)
 (-2.315441117629343E-003,1.126588656743403E-003)
 (2.902165677014844E-004,5.964244765405267E-004)
 (-5.644268757848457E-004,-1.160018739255953E-003)
 (-1.307632987651940E-003,6.362414327976761E-004)
 (-1.083463478699628E-004,3.136761069219354E-004)
 (-2.764751367413717E-004,-5.682460914719291E-004)
 (-8.956048064867792E-004,4.357648166805667E-004)
 (-2.039785072523373E-004,5.905942830279462E-004)
 (-6.028233317209035E-004,2.933221140783265E-004)
 (-1.725421302609730E-003,8.395125434909774E-004)
 (-1.726499304117184E-003,-5.963096920227585E-004)
 (-2.175637467314688E-003,1.058573362623501E-003)
 (-1.870322359693189E-003,9.100094495541467E-004)
 (9.455790580750791E-006,1.943990253207763E-005)
 (0.000000000000000E+000,0.000000000000000E+000)
 (0.000000000000000E+000,0.000000000000000E+000)
 (0.000000000000000E+000,0.000000000000000E+000)
 (-2.509242407916382E-002,-2.441274033458516E-002)
 (-1.317024371858065E-002,1.807697352099772E-004)
 (-2.402154622036790E-004,-1.750086879049152E-002)
 (-5.380303248445233E-005,-3.920172607674390E-003)
 (1.065979874579480E-002,-1.095658878011919E-002)
 (-5.454619699659717E-003,-5.306871069129706E-003)
 (-2.672096015177057E-003,-2.599720745609511E-003)
 (1.203148672020535E-002,1.170561348762431E-002)
 (4.321379095282501E-003,-5.931456637700588E-005)
 (9.783666936729529E-003,-1.343321627100065E-004)
 (-4.802925723029143E-005,-3.499440627105351E-003)
 (3.239053456530085E-004,-3.329315834376218E-004)
 (5.189862000466285E-005,3.779668375801931E-003)
 (4.294930609838345E-003,-5.897495861205231E-005)
 (1.240948385711257E-003,-1.275499422804225E-003)
 (1.091727682210808E-003,-1.122117458676318E-003)
 (-4.738187250680017E-004,6.517013234880750E-006)
 (1.588013066664183E-003,-1.632223208231892E-003)
 (1.409215523696512E-003,-1.448455831029380E-003)
 (8.394052685867781E-004,-8.627686029252565E-004)
 (1.238406565247715E-005,9.011534544330025E-004)
 (1.160432601134016E-003,-1.192740732931641E-003)
 (7.869090841728154E-006,5.734710571402768E-004)
 (2.001134579422563E-003,1.946932459302034E-003)
 (4.451318583575373E-004,4.330789941027750E-004)
 (5.363511361956477E-004,-7.360038469781442E-006)
 (-1.621108105054737E-003,-1.577200218746361E-003)
 (1.903894513043075E-003,-2.614049004977465E-005)
 (1.554410787370269E-005,1.132064094384570E-003)
 (-5.330932631996067E-006,-3.884669409044679E-004)
 (-1.284931996067148E-003,1.764384671873968E-005)
 (-5.855169023279031E-005,6.018577591571640E-005)
 (-1.769434878728139E-005,-1.289049916157849E-003)
 (-3.263972844359255E-005,4.482263105614841E-007)
 (-3.181309674611618E-004,3.269891413336412E-004)
 (9.868154600371317E-004,-1.354573101056997E-005)
 (1.061765466779705E-003,-1.457765838801282E-005)
 (-5.401935770008944E-005,-5.255913396309499E-005)
 (1.262340040103900E-004,-1.731981687713023E-006)
 (1.686432765080470E-004,-2.315860851207510E-006)
 (-4.593972005095718E-006,-3.346253163771106E-004)
 (0.000000000000000E+000,0.000000000000000E+000)
 (0.000000000000000E+000,0.000000000000000E+000)
 (0.000000000000000E+000,0.000000000000000E+000)
 (-9.129696398279215E-003,8.313972534120917E-003)
 (2.451257682553180E-003,-5.241078554089384E-002)
 (-2.968819306338944E-003,-1.390209860497903E-004)
 (9.252349834036237E-009,-4.737863257758573E-008)
 (1.267271916903187E-002,1.391637315091839E-002)
 (-4.155767052890708E-003,3.784372204775965E-003)
 (3.463416511091546E-008,-5.674556264912286E-008)
 (-2.998801651455370E-003,2.730847089816109E-003)
 (5.891806412940503E-008,-5.474456825172620E-009)
 (2.128300808332024E-004,-4.550375466924269E-003)
 (3.043678948365209E-003,1.423708275296819E-004)
 (-7.079508280859737E-003,-7.774192306028997E-003)
 (5.110296420572602E-009,-5.452692147893403E-008)
 (-1.410541862268080E-004,3.014837612728850E-003)
 (1.436966481050334E-003,1.577930695170428E-003)
 (1.155526773079483E-003,1.268865650899757E-003)
 (-3.561897562512632E-005,7.620987474338870E-004)
 (5.757889700335525E-004,6.323038020395415E-004)
 (6.571520636619098E-005,7.215991792540631E-005)
 (5.607837684362599E-005,6.156722686197345E-005)
 (-1.201510143124098E-003,-5.621629835490611E-005)
 (-8.393350882836758E-004,-9.217307591462731E-004)
 (1.397699564872694E-003,6.538302956037221E-005)
 (-5.724829314568384E-009,-8.310354844944359E-009)
 (2.862440782054512E-004,-2.606744698970921E-004)
 (4.588454341854903E-005,-9.809618176420706E-004)
 (-5.895808131748132E-004,5.369083857097800E-004)
 (3.632340035115112E-005,-7.765203086761541E-004)
 (1.773230446861312E-003,8.292844897637231E-005)
 (1.491191299204699E-003,6.974609789804360E-005)
 (1.806617407659861E-005,-3.859292902402112E-004)
 (1.255651544663824E-003,1.378858263717779E-003)
 (-1.768054181885711E-003,-8.269414396418197E-005)
 (5.219900417324064E-005,-1.115986074023216E-003)
 (-1.120125394302295E-003,-1.230060730985144E-003)
 (-1.321631861502235E-005,2.826970885862626E-004)
 (4.113015517912698E-005,-8.794037346516058E-004)
 (-4.623428117973818E-004,4.210244516151649E-004)
 (3.486545446509978E-005,-7.453363940890801E-004)
 (-4.018704271540406E-005,8.592827455346579E-004)
 (-7.973213979649709E-005,-3.737565927855451E-006)
 (0.000000000000000E+000,0.000000000000000E+000)
 (0.000000000000000E+000,0.000000000000000E+000)
 (0.000000000000000E+000,0.000000000000000E+000)
 AAAAAA           5
 (2.066216697431243E-002,-2.096147794047452E-002)
 (-1.007978498372593E-004,-1.401856759208599E-002)
 (3.788779751015778E-002,-2.724249546496027E-004)
 (8.899574140803026E-003,-6.398288163947862E-005)
 (7.792992851070263E-003,7.681728656841750E-003)
 (9.243332309361979E-003,-9.377227365258669E-003)
 (7.485243664568069E-003,-7.593678639064035E-003)
 (-4.932114945428690E-006,-6.852895932762521E-004)
 (6.943944264005317E-003,-7.044529441055328E-003)
 (1.722581317866934E-002,-1.238597478335477E-004)
 (-3.995706041021307E-006,-5.558375478536170E-004)
 (1.651599400523302E-002,-1.187525646673526E-004)
 (5.772086017229731E-003,5.689663264329729E-003)
 (7.152258256453698E-003,7.050143903416723E-003)
 (-2.190698366090395E-005,-3.047104052530193E-003)
 (4.296503323633582E-003,4.235148920853731E-003)
 (3.991382599839914E-003,3.934402146868892E-003)
 (3.508793525736758E-003,3.458706157145838E-003)
 (3.776811257914420E-003,3.722895095852082E-003)
 (-4.221445235715401E-006,-5.871416543113101E-004)
 (6.544515559053060E-003,-4.706005806295811E-005)
 (3.259488460877221E-003,3.212964251004688E-003)
 (5.434139919355435E-003,-3.907759217957251E-005)
 (3.103308587799006E-003,-3.148254688012397E-003)
 (-4.432730252593354E-006,-6.158942511453431E-004)
 (2.076518279717450E-003,-2.106593874740636E-003)
 (-2.916450921953948E-007,-4.139343225132282E-005)
 (1.800751593645182E-003,-1.826833270895472E-003)
 (2.972362900177320E-003,-2.137260704501286E-005)
 (2.693110035412656E-003,-1.936489559355555E-005)
 (-1.717358807218601E-006,-2.384551732108310E-004)
 (6.944590959280434E-004,-7.045202718558645E-004)
 (-1.529190339439751E-006,-2.122408637575305E-004)
 (-3.435830981367711E-006,-4.780758575803495E-004)
 (2.517149526123268E-003,-1.810178880996507E-005)
 (1.041112450621095E-003,1.026249002926261E-003)
 (-1.449431932459635E-007,-2.006859227759601E-005)
 (-1.466829051804078E-006,-2.037030664781369E-004)
 (7.256547032813382E-004,-5.216320728073737E-006)
 (9.299778988382699E-004,9.167002775567980E-004)
 (5.202938546409497E-007,7.243592330115531E-005)
 (0.000000000000000E+000,0.000000000000000E+000)
 (0.000000000000000E+000,0.000000000000000E+000)
 (0.000000000000000E+000,0.000000000000000E+000)
 (3.493811444333289E-002,-3.772703936498149E-002)
 (2.379866646450814E-004,6.200959594357307E-003)
 (1.823229097408949E-003,-6.996752509199803E-005)
 (-4.235251927146236E-004,1.627053397255956E-005)
 (1.039017015939485E-002,9.622122264001685E-003)
 (-4.702589303593839E-003,5.077911075088838E-003)
 (-1.035926761936504E-002,1.118615207806968E-002)
 (7.244438050971686E-004,1.887586507713560E-002)
 (-9.131060551565326E-003,9.859964392831695E-003)
 (2.900508409490684E-003,-1.113089394694297E-004)
 (7.630828060147892E-004,1.988258127883498E-002)
 (3.222410543692739E-004,-1.237290346304247E-005)
 (5.591781574716473E-003,5.178390300621193E-003)
 (5.193152009419673E-003,4.809266163701295E-003)
 (5.350537620361752E-004,1.394085656885064E-002)
 (4.773215676644041E-003,4.420342344248676E-003)
 (4.960132154064532E-003,4.593497640269119E-003)
 (5.039075822291871E-003,4.666597442012609E-003)
 (4.184240186318690E-003,3.874987579878002E-003)
 (2.304447483186579E-004,6.005329057516781E-003)
 (2.091568762286190E-003,-8.028685292254314E-005)
 (3.650183683056883E-003,3.380393152530922E-003)
 (-1.616114949753506E-003,6.202010816101764E-005)
 (-3.015218568229037E-003,3.255924240082292E-003)
 (1.786501096860620E-004,4.655435786905871E-003)
 (-9.438442326009207E-004,1.019192589574137E-003)
 (1.154559124237534E-004,3.007851593198108E-003)
 (-7.118311561281291E-004,7.686600897024873E-004)
 (-6.895481371059016E-004,2.646894252831239E-005)
 (3.480585129627680E-004,-1.335938208796501E-005)
 (1.170819894022995E-004,3.050947020109930E-003)
 (-1.505272295359314E-003,1.625417389429701E-003)
 (3.625235769348219E-005,9.449301262867090E-004)
 (8.800107286256417E-005,2.292653712051388E-003)
 (-9.880437831039698E-005,3.788549562863129E-006)
 (2.859352192253486E-004,2.647909655515032E-004)
 (3.519024171407963E-005,9.168542792027016E-004)
 (9.073584168494667E-005,2.364204610513795E-003)
 (-9.677637326544942E-005,3.713149999031205E-006)
 (3.883751706448898E-004,3.596643293091895E-004)
 (3.361054822951740E-005,8.756907011207613E-004)
 (0.000000000000000E+000,0.000000000000000E+000)
 (0.000000000000000E+000,0.000000000000000E+000)
 (0.000000000000000E+000,0.000000000000000E+000)
 (-1.486306995820065E-002,-2.557276245676696E-002)
 (-9.979333593336267E-003,-2.643135551009280E-003)
 (6.779520871929260E-004,-2.559629265020657E-003)
 (2.988709263808977E-003,-1.128410325277055E-002)
 (8.370989171342654E-003,-4.865271817204979E-003)
 (8.462770554403578E-003,1.456075581656660E-002)
 (-5.385811501445183E-003,-9.266654813723449E-003)
 (4.906742946876833E-003,1.299595053467197E-003)
 (-3.044472275920985E-003,-5.238216132812798E-003)
 (-1.437061318165321E-003,5.425800970129844E-003)
 (-2.890163435798383E-003,-7.654561363219254E-004)
 (7.159246418300681E-004,-2.703084939376096E-003)
 (3.136240993435080E-004,-1.822828171860522E-004)
 (-2.203742272860477E-004,1.280951632528812E-004)
 (1.052678410016448E-003,2.788092897554028E-004)
 (6.554858933661499E-004,-3.809711663547840E-004)
 (-8.753512768632631E-004,5.087651362279215E-004)
 (-5.636236078985374E-004,3.275871379836573E-004)
 (5.823902847467548E-004,-3.384877825663677E-004)
 (-1.959588926964945E-003,-5.189978757816478E-004)
 (-4.384785864793832E-004,1.655528822771813E-003)
 (-2.171538469954605E-004,1.262172792496799E-004)
 (4.547719857251371E-005,-1.717183979785446E-004)
 (-2.762302108522980E-004,-4.752771948023716E-004)
 (-3.726075272488821E-004,-9.868416913509924E-005)
 (8.435332190836985E-004,1.451337247036567E-003)
 (1.043213295067028E-003,2.763048577903699E-004)
 (-9.054357765776702E-004,-1.557861336033595E-003)
 (1.654043968016420E-004,-6.245048814317090E-004)
 (-2.389911016050126E-004,9.023527805122776E-004)
 (-7.563412055599726E-004,-2.003218748104346E-004)
 (-5.079020607660235E-004,-8.738767422247438E-004)
 (-1.043753554698268E-003,-2.764426751093874E-004)
 (7.140534277782055E-004,1.891229087269321E-004)
 (2.646287984349668E-004,-9.991367925296616E-004)
 (-1.446556155958099E-004,8.407556677359618E-005)
 (-3.495361736787342E-004,-9.257666585854119E-005)
 (-5.130057730612825E-004,-1.358706480260942E-004)
 (1.788255031693919E-004,-6.751726317594389E-004)
 (-4.768443692137660E-004,2.771469002195542E-004)
 (2.766409535161573E-004,7.327477828166453E-005)
 (0.000000000000000E+000,0.000000000000000E+000)
 (0.000000000000000E+000,0.000000000000000E+000)
 (0.000000000000000E+000,0.000000000000000E+000)
 (-1.779417673336529E-002,4.540381421935433E-004)
 (3.677363765663013E-002,-3.869879149494868E-002)
 (4.382487742652242E-008,1.073082067026910E-008)
 (-1.326823172459880E-004,-1.261708433674079E-004)
 (4.469684535864794E-004,1.752372247096819E-002)
 (-5.365444160456103E-003,1.368877694774395E-004)
 (-4.435568887799226E-003,1.131192617719609E-004)
 (2.269614164973379E-003,-2.388419391011038E-003)
 (1.635971899568308E-008,1.343919945785894E-008)
 (3.188491763696001E-008,6.734496088746964E-009)
 (-1.721415191460951E-009,5.754562238325736E-008)
 (2.336302482068968E-003,2.220078674461853E-003)
 (-2.570903846138520E-004,-1.007820701686896E-002)
 (3.018295617353321E-005,1.181818896922685E-003)
 (-2.049428771917047E-003,2.156705418274424E-003)
 (3.231738153500164E-005,1.266709568504535E-003)
 (2.291031425428816E-005,8.971651520153500E-004)
 (-1.525406823399322E-005,-5.985814133378175E-004)
 (-1.648416820311427E-006,-6.466784160803181E-005)
 (-1.573613848619901E-004,1.656431641273019E-004)
 (-6.615114465578996E-004,-6.286193641818359E-004)
 (-2.160572915816060E-005,-8.475202990288649E-004)
 (1.049287158884863E-003,9.971012190750520E-004)
 (1.280408713211192E-004,-3.262103456666194E-006)
 (1.128642363558555E-003,-1.187712458631180E-003)
 (7.344418104018590E-009,-6.136906606922187E-009)
 (3.912677095784661E-004,-4.117460748635467E-004)
 (-7.064692391153064E-004,1.802111409843968E-005)
 (1.085584263757067E-003,1.031582675115281E-003)
 (9.200824082209082E-004,8.743077181736683E-004)
 (8.033007177062300E-004,-8.453520689468926E-004)
 (-6.656824858959577E-004,1.697799928483291E-005)
 (1.495703070338052E-004,-1.573857121384010E-004)
 (6.382164058865070E-004,-6.716199638944943E-004)
 (-1.070600955157666E-003,-1.017343478985124E-003)
 (2.983911436058495E-005,1.169587263900570E-003)
 (3.853416371766078E-004,-4.055114928271163E-004)
 (-8.026646475078818E-004,8.446867476538475E-004)
 (3.476432604367277E-005,3.302722716715749E-005)
 (-2.597607694888648E-005,-1.018622333798750E-003)
 (-7.962362799203914E-005,8.380168426845576E-005)
 (0.000000000000000E+000,0.000000000000000E+000)
 (0.000000000000000E+000,0.000000000000000E+000)
 (0.000000000000000E+000,0.000000000000000E+000)
 AAAAAA           6
 (-2.130510969733880E-002,3.356207900826890E-003)
 (-8.694387520512189E-003,-6.327902262637401E-003)
 (-5.522101060913536E-003,7.587223618939433E-003)
 (-2.032604232306560E-003,-1.290287228103632E-002)
 (-1.468419234484948E-002,2.313223746881271E-003)
 (-1.977222628820511E-002,-1.439052937981792E-002)
 (-1.000086925910905E-002,1.575437636197080E-003)
 (-1.207975576357168E-002,1.902935334333010E-003)
 (-3.295144140609510E-004,4.527441552564115E-004)
 (-4.718781972872413E-005,6.483716169823807E-005)
 (-1.602310815555844E-003,-1.017139315017283E-002)
 (-1.126518047038976E-002,-8.198974046097795E-003)
 (-1.115082754902354E-002,-8.115735528293448E-003)
 (-6.571489708364183E-004,9.029036551062907E-004)
 (-2.932269152747042E-004,4.028955614494455E-004)
 (-1.186243601769860E-003,-7.530218403839597E-003)
 (-1.140724969518342E-003,-7.241272164302194E-003)
 (-1.133384990921381E-003,-7.194711411705907E-003)
 (-5.393338439458915E-003,-3.925353862342473E-003)
 (-7.041132537628112E-004,-4.469710422073318E-003)
 (-6.430293913817680E-004,-4.081954110684938E-003)
 (-4.983534097983632E-003,-3.627095934999435E-003)
 (-6.286941293539826E-004,-3.990948698686166E-003)
 (-3.520610736801714E-003,5.546058679576143E-004)
 (-3.307952992903888E-003,5.211057382271615E-004)
 (-3.307949286029361E-003,5.211054173186796E-004)
 (-3.197690921032257E-003,-2.327327446183069E-003)
 (-2.856184562093859E-003,-2.078778973370678E-003)
 (-3.422150831748985E-004,4.701941003588024E-004)
 (-4.232976412308583E-004,-2.687079072932886E-003)
 (-2.227306690151023E-003,-1.621069567444031E-003)
 (-1.242662039580012E-005,1.707346401315897E-005)
 (-1.136675369336716E-004,1.561820747260222E-004)
 (-2.952023958404655E-004,-1.873925288064609E-003)
 (6.595444395659737E-005,-9.061960189366607E-005)
 (4.560265733865045E-005,-6.265409577348066E-005)
 (-7.354376585866169E-004,1.158541297124281E-004)
 (-1.782819330757386E-004,-1.131726892346060E-003)
 (-3.003087721050688E-005,4.126043254184240E-005)
 (-1.334004810094428E-003,-9.709096367840881E-004)
 (-1.166676774674543E-004,1.602993100672853E-004)
 (7.851232001807837E-006,-1.078254311026994E-005)
 (0.000000000000000E+000,0.000000000000000E+000)
 (0.000000000000000E+000,0.000000000000000E+000)
 (4.964029596030899E-003,-6.036023721213552E-004)
 (-1.229724206291973E-002,-9.630800696818084E-003)
 (-2.554680727832444E-003,3.262002868467604E-003)
 (6.556298526918651E-004,5.391782547545678E-003)
 (-2.488065407685568E-002,3.025528170824261E-003)
 (-8.356332455671941E-004,-6.544425879209010E-004)
 (-1.736403361417323E-002,2.111480504855425E-003)
 (4.641128774705833E-003,-5.643763001362064E-004)
 (-1.188471428419272E-002,1.517525212713044E-002)
 (-6.028131564397120E-003,7.697149525930600E-003)
 (2.645306055143487E-004,2.175324873165029E-003)
 (-1.823261136525659E-003,-1.427895029783128E-003)
 (4.464416050790201E-003,3.496387854167847E-003)
 (-6.113436917374176E-003,7.806100603685501E-003)
 (-6.185192527922222E-003,7.897701662719532E-003)
 (9.570827606383060E-004,7.870568270455656E-003)
 (4.897326683218585E-004,4.027366024764775E-003)
 (4.729941602422704E-004,3.889710197461719E-003)
 (2.086231531935502E-003,1.633881417206713E-003)
 (2.642967836714478E-004,2.173486255245354E-003)
 (5.095174256972172E-004,4.190085578076075E-003)
 (-1.721927822809414E-003,-1.348534398167300E-003)
 (3.517888809065696E-004,2.892945239620901E-003)
 (6.293042093437823E-004,-7.653506337418800E-005)
 (-3.490960088791240E-003,4.244995367323625E-004)
 (-3.490960382650274E-003,4.245078564857757E-004)
 (1.519898412065036E-003,1.190334882421338E-003)
 (-1.162047641354681E-003,-9.100644941646746E-004)
 (-1.676190727360491E-003,2.140281288844804E-003)
 (1.423533031242434E-004,1.170623465868695E-003)
 (-1.151771510730314E-003,-9.020331493637111E-004)
 (-6.973837884943763E-004,8.904534140455503E-004)
 (-1.297306385312701E-003,1.656475463483956E-003)
 (9.859671174885804E-005,8.107723580878804E-004)
 (-2.130231103055559E-004,2.720098636098408E-004)
 (-5.690508774041586E-004,7.266198662119164E-004)
 (-1.797687849238772E-003,2.186033604260217E-004)
 (3.353080418087802E-005,2.757243302356032E-004)
 (-1.323423542393455E-003,1.689847135116988E-003)
 (3.832796172623535E-004,3.001726041157930E-004)
 (-4.770811215690024E-004,6.091623622015471E-004)
 (-8.891087177977016E-004,1.135270831839104E-003)
 (0.000000000000000E+000,0.000000000000000E+000)
 (0.000000000000000E+000,0.000000000000000E+000)
 (1.432639703202927E-003,2.789645900361265E-003)
 (6.615418706149993E-003,-2.058398664258583E-002)
 (-5.426885860474911E-002,-1.744116909719374E-002)
 (2.192431971119951E-002,-1.125954019452164E-002)
 (-9.423175932136487E-004,-1.834767257266439E-003)
 (8.263989087223720E-004,-2.571326942593986E-003)
 (6.873992664918716E-004,1.338435556364996E-003)
 (5.932518306757676E-003,1.155171229917868E-002)
 (8.968811057321427E-003,2.882446208064131E-003)
 (2.475702732525852E-003,7.956521527102207E-004)
 (-9.605828549885984E-003,4.933164679006449E-003)
 (1.554162062883277E-003,-4.835795947836434E-003)
 (4.482982582576206E-004,-1.394884384168945E-003)
 (4.235958668901016E-003,1.361357759707656E-003)
 (3.935758238612586E-003,1.264904346004294E-003)
 (5.871543383725781E-003,-3.015400679728242E-003)
 (2.550132026264022E-003,-1.309671941340004E-003)
 (5.372776461594110E-003,-2.759258517122618E-003)
 (1.191626618503583E-004,-3.707377531727070E-004)
 (1.495873370297092E-003,-7.682350873063098E-004)
 (3.124961872060223E-003,-1.604857844572895E-003)
 (1.336723304466519E-004,-4.158939720247465E-004)
 (1.228501719275646E-003,-6.309157016334318E-004)
 (7.887047793557341E-004,1.535768545499300E-003)
 (2.245823780052986E-005,4.373932219830974E-005)
 (2.246445435011376E-005,4.374229830500423E-005)
 (3.833302244957726E-004,-1.192766856805592E-003)
 (4.854538710210345E-004,-1.510504971626699E-003)
 (-4.779813015012837E-004,-1.536065647922929E-004)
 (2.107770083309578E-003,-1.082467690495118E-003)
 (-3.446830989820312E-004,1.072485234058530E-003)
 (3.203127465061852E-004,1.029425314788832E-004)
 (2.925092213491468E-004,9.402186960409243E-005)
 (-1.198047672245586E-003,6.152714344800615E-004)
 (1.448364973673264E-003,4.654809622349110E-004)
 (-6.600842085800149E-004,-2.121450464249934E-004)
 (3.018592752249938E-004,5.877776734697507E-004)
 (1.016724761400106E-004,-5.221638870794362E-005)
 (1.108452481060870E-003,3.562373906530230E-004)
 (-2.539144608945997E-004,7.900691225775761E-004)
 (-2.599074736732613E-004,-8.352902271007675E-005)
 (1.666761281537231E-004,5.357359737188363E-005)
 (0.000000000000000E+000,0.000000000000000E+000)
 (0.000000000000000E+000,0.000000000000000E+000)
 (-5.328858257124859E-002,-1.294022842800117E-002)
 (-1.674000660361530E-002,-2.747765027808361E-002)
 (6.580810554714052E-008,-1.163338381332419E-007)
 (-7.303674850820275E-009,8.244077599228872E-009)
 (3.791834692776999E-003,9.207781812475386E-004)
 (2.993217445717658E-005,4.911478291196381E-005)
 (-5.302115639545120E-003,-1.287523877279222E-003)
 (6.459318493261359E-009,1.026726274584323E-008)
 (6.992969611842426E-008,-8.836672271780260E-008)
 (1.013984835492896E-002,-6.177446958732041E-003)
 (-2.280945050928212E-004,9.392824003771545E-004)
 (5.552008825380945E-004,9.113549742814770E-004)
 (1.441810294665495E-003,2.366624067265865E-003)
 (4.854273630192599E-004,-2.957458375783137E-004)
 (-7.565799144916424E-004,4.609345091226814E-004)
 (-7.093506693155609E-004,2.921066097226832E-003)
 (3.115102674129980E-004,-1.282787687710853E-003)
 (-6.884021729452583E-004,2.834930889848138E-003)
 (-5.392421699251204E-004,-8.851007838423562E-004)
 (2.703327772483238E-004,-1.113199838303413E-003)
 (-3.162099560111115E-004,1.302131924385561E-003)
 (1.788666164783493E-003,2.935956524916020E-003)
 (4.661625302772595E-004,-1.919679172398312E-003)
 (7.843954022453122E-009,-2.072895821050950E-010)
 (2.730191550891763E-003,6.629845960992019E-004)
 (-2.730184290482850E-003,-6.629771865130580E-004)
 (1.064217824636331E-003,1.746826881765922E-003)
 (8.985367991760443E-004,1.474883094251418E-003)
 (-1.779513919584044E-003,1.084135545004866E-003)
 (-5.971516472234688E-004,2.459064248976379E-003)
 (-4.561523674527802E-004,-7.487407867506554E-004)
 (1.623690030945608E-003,-9.891926031636560E-004)
 (8.918286589469327E-004,-5.433294779911581E-004)
 (-7.456662946755502E-005,3.070447786738909E-004)
 (-5.528151006840507E-004,3.367897262548694E-004)
 (-2.751147308561895E-009,3.080987314673073E-010)
 (-4.290535768091655E-009,-2.073279439098966E-009)
 (-9.804479448647124E-005,4.037601553050280E-004)
 (5.116965022029139E-005,-3.117226118637909E-005)
 (5.691590136458627E-006,9.349806602882217E-006)
 (1.373605686516231E-003,-8.368341846498215E-004)
 (4.974412210903571E-004,-3.030574882772011E-004)
 (0.000000000000000E+000,0.000000000000000E+000)
 (0.000000000000000E+000,0.000000000000000E+000)
 AAAAAA           7
 (-2.534851423542253E-002,-5.096114558273477E-003)
 (-1.228685134116914E-002,8.173462228093491E-003)
 (-5.777359337716503E-003,-8.684865404985885E-003)
 (-1.664364209524915E-002,-2.501972444912334E-002)
 (2.332532898595901E-003,-1.160226170122470E-002)
 (-1.247219975898451E-002,-2.507437819267452E-003)
 (-1.316444547004003E-002,-2.646611866510786E-003)
 (-6.740495871864174E-004,4.483894357552841E-004)
 (-9.716846988267138E-003,-1.953493314071415E-003)
 (1.854971367975412E-003,-9.226807288744480E-003)
 (-6.777657182256137E-004,4.508646726874700E-004)
 (-8.591604826072505E-003,-1.291541914494456E-002)
 (-7.690399451924667E-003,-1.156067272199581E-002)
 (-1.840778998665113E-003,1.224519079904797E-003)
 (1.663314683226265E-003,-8.273486892665889E-003)
 (1.418193096353264E-003,-7.054235087520930E-003)
 (-6.796923451545126E-004,4.521418360631726E-004)
 (1.251874790729490E-003,-6.226956343368572E-003)
 (8.804886324155826E-004,-4.379634148356591E-003)
 (8.694278394682605E-004,-4.324638056088557E-003)
 (-3.230117223463460E-003,-4.855710878571772E-003)
 (-3.481471804551506E-003,-5.233559656021244E-003)
 (7.277834058737466E-004,-3.620073840923758E-003)
 (-2.836895979147545E-003,-5.703377209971339E-004)
 (-3.736373265624037E-003,-7.511678466098206E-004)
 (-2.040757006085497E-003,-3.067789895835731E-003)
 (-3.120551659369455E-003,-6.273617812566637E-004)
 (-3.708405981986589E-004,2.466914454661791E-004)
 (-1.791431703741066E-003,-2.692989845746643E-003)
 (-4.988946463466745E-004,3.318700161330710E-004)
 (4.401104591294437E-004,-2.189153809267398E-003)
 (-6.245732427765836E-005,4.154965047348163E-005)
 (-9.288479889428494E-004,-1.867369700437448E-004)
 (-1.455820916984887E-003,-2.188481011478216E-003)
 (-1.647430128197634E-004,1.095915166399999E-004)
 (2.637688094986560E-004,-1.312013608932984E-003)
 (1.316737754940522E-004,-8.759217045625676E-005)
 (-4.254235407730209E-005,2.830217150201807E-005)
 (-1.320275796296697E-004,8.782806510989894E-005)
 (-3.617414885150818E-004,-5.437918435516340E-004)
 (-2.780103329320725E-004,1.849386139207603E-004)
 (1.868077360976018E-004,-9.291849798027431E-004)
 (0.000000000000000E+000,0.000000000000000E+000)
 (0.000000000000000E+000,0.000000000000000E+000)
 (1.510190836417319E-002,7.150926087354869E-003)
 (-2.406341579326874E-003,8.597807355040641E-004)
 (-2.646477585480473E-003,-7.406816141722109E-003)
 (1.905222206490261E-004,5.331687388704947E-004)
 (-4.119089137124391E-003,8.699065850396369E-003)
 (9.346226069501819E-004,4.425502052499702E-004)
 (-1.738139796586919E-002,-8.230270488469584E-003)
 (-1.416034774487154E-002,5.059536984141130E-003)
 (-1.508361532979710E-002,-7.142248063436295E-003)
 (-1.795127994941702E-003,3.791102272568564E-003)
 (-1.784557644401814E-002,6.376292056710574E-003)
 (1.812694019573827E-003,5.073306538311634E-003)
 (-3.335103641772631E-004,-9.333424587434638E-004)
 (-1.038786305872893E-002,3.711612870911537E-003)
 (-2.310466430975898E-003,4.879431397551406E-003)
 (-2.544840293453084E-003,5.374385381912073E-003)
 (-7.918682854837664E-003,2.829389939473181E-003)
 (-3.228526915157369E-003,6.818267899254547E-003)
 (-2.284723421778340E-003,4.825107872769435E-003)
 (-1.422001548679828E-003,3.003160909759624E-003)
 (8.235716140833501E-004,2.304984807734249E-003)
 (-5.536470179057578E-004,-1.549532145804640E-003)
 (-1.571318384195974E-003,3.318485892498966E-003)
 (-2.282045190421808E-004,-1.080613594991623E-004)
 (-3.320243781962932E-003,-1.572171388619927E-003)
 (-3.650023583061893E-004,-1.021544596375907E-003)
 (-2.216113956333668E-003,-1.049356273166827E-003)
 (-2.663875361270075E-003,9.518018637816201E-004)
 (4.733115769241313E-004,1.324675185731009E-003)
 (-1.817042760655948E-003,6.492383225009696E-004)
 (-4.219572494655719E-004,8.911286624894265E-004)
 (-1.553762108950627E-003,5.551575749135919E-004)
 (-2.285402861103054E-003,-1.082166036449383E-003)
 (-3.246986056616313E-004,-9.087384446839074E-004)
 (-2.572903126850280E-003,9.193102141071357E-004)
 (-3.340742041740184E-004,7.055308279844959E-004)
 (-6.547335614208184E-004,2.339450718896970E-004)
 (-9.748037810881326E-004,3.482961600643388E-004)
 (-1.944423613052335E-003,6.947415224205292E-004)
 (-9.731056353502935E-005,-2.723434028244972E-004)
 (-1.008581600190959E-003,3.603618753839527E-004)
 (-9.298401102358992E-005,1.963799205508185E-004)
 (0.000000000000000E+000,0.000000000000000E+000)
 (0.000000000000000E+000,0.000000000000000E+000)
 (-1.029408551072668E-002,-4.124503063246666E-003)
 (-4.678839831188799E-002,2.002022991057919E-002)
 (-8.092055164909491E-003,-1.891163179911090E-002)
 (-1.526895758089549E-003,-3.568459123191359E-003)
 (7.898538555293306E-003,-1.971339885229666E-002)
 (1.590959988441752E-002,6.374470688996242E-003)
 (-2.486178562030757E-003,-9.961345279171072E-004)
 (7.313685787511841E-003,-3.129446614355783E-003)
 (-4.237827485213694E-004,-1.698033010225590E-004)
 (-2.749563076711598E-003,6.862393747308649E-003)
 (7.682959915177250E-003,-3.287457495673782E-003)
 (-3.211036128048014E-004,-7.504410236142010E-004)
 (-1.932593192331275E-003,-4.516567753916170E-003)
 (4.450298654501347E-003,-1.904249040399554E-003)
 (2.035872063854296E-003,-5.081178432996753E-003)
 (1.568204734487469E-003,-3.913962335840408E-003)
 (2.109147618387624E-003,-9.024787793231411E-004)
 (1.835450747301370E-003,-4.580960888672576E-003)
 (1.293465665163513E-003,-3.228239320406994E-003)
 (7.454629246950512E-004,-1.860533731933298E-003)
 (-1.309712319334099E-004,-3.060857403308980E-004)
 (-1.089074000213044E-004,-2.545258897270376E-004)
 (6.693664290286889E-004,-1.670611030876018E-003)
 (1.625210924876751E-003,6.511732184853682E-004)
 (6.366947525271098E-004,2.551047708051567E-004)
 (-6.004220895138839E-004,-1.403202761280224E-003)
 (-4.110764660605545E-004,-1.647061515898764E-004)
 (3.190490434004817E-004,-1.365187802354949E-004)
 (-2.048796897945268E-004,-4.788160801655607E-004)
 (-6.420053035926468E-004,2.747082034994216E-004)
 (4.864530859578513E-004,-1.214103096952720E-003)
 (9.141648137589995E-004,-3.911637683327985E-004)
 (3.142788897467114E-004,1.259214827610031E-004)
 (2.496036190649580E-004,5.833456821039875E-004)
 (1.193672478049349E-003,-5.107617258242701E-004)
 (-2.593380569061820E-004,6.472592209498287E-004)
 (1.063473320944980E-003,-4.550489374151908E-004)
 (-2.166306651172955E-004,9.269048031574889E-005)
 (1.144364149462041E-004,-4.897075581299407E-005)
 (-3.240617334360812E-004,-7.573470982294687E-004)
 (1.889359701009888E-004,-8.084600891892088E-005)
 (1.492865118170717E-005,-3.726729390261551E-005)
 (0.000000000000000E+000,0.000000000000000E+000)
 (0.000000000000000E+000,0.000000000000000E+000)
 (-6.519590835982940E-002,-2.627488558221134E-002)
 (2.903696862954973E-002,-1.235531143063857E-002)
 (-2.739030185746748E-003,-6.437152873426603E-003)
 (8.003799850652157E-005,1.881293519855938E-004)
 (-4.609343904213208E-004,1.143712796229171E-003)
 (3.580072710697169E-003,1.442822225088680E-003)
 (2.132363975024556E-003,8.593580232953388E-004)
 (1.383609158228781E-002,-5.887295221315589E-003)
 (-1.374813705691541E-003,-5.540625467215900E-004)
 (3.807747222894350E-003,-9.448162711445496E-003)
 (3.281969536109710E-003,-1.396476922240175E-003)
 (1.552062575198637E-003,3.647596250815763E-003)
 (5.347332024337690E-004,1.256734341708549E-003)
 (3.543605221825009E-003,-1.507801783439444E-003)
 (-1.613392012046413E-003,4.003336266042907E-003)
 (8.515143569907904E-004,-2.112887188262409E-003)
 (-2.021453543228146E-003,8.601392685796145E-004)
 (-4.622383680713464E-004,1.146950411784282E-003)
 (-1.690744855666072E-004,4.195187833421918E-004)
 (6.233161332781792E-004,-1.546633228406521E-003)
 (-1.204862011030400E-004,-2.831673900031402E-004)
 (8.844735877826819E-004,2.078664671407838E-003)
 (7.182564579691853E-004,-1.782198563380008E-003)
 (8.652201896257343E-004,3.486916059169232E-004)
 (2.072443122835360E-003,8.352179111463783E-004)
 (5.689155915687736E-004,1.337030016861977E-003)
 (-1.848069621284217E-003,-7.447988199141943E-004)
 (9.720423269179025E-004,-4.136130222436066E-004)
 (7.061443923615350E-004,1.659561564241190E-003)
 (-1.261394711227738E-003,5.367255348309079E-004)
 (-8.465852528921544E-004,2.100632552684883E-003)
 (1.719275488578480E-003,-7.315550865562289E-004)
 (5.976433058187973E-005,2.408464640630911E-005)
 (-6.115992258628383E-004,-1.437354295379019E-003)
 (-1.817180615132126E-005,7.735511476171473E-006)
 (9.512364185848965E-005,-2.360366053132238E-004)
 (-1.338006694312138E-004,5.693399314377594E-005)
 (3.893365886376753E-004,-1.656621860660627E-004)
 (8.922987268346698E-004,-3.796748789242081E-004)
 (4.122060143738022E-005,9.687249413382499E-005)
 (1.461694347322265E-003,-6.219535067949574E-004)
 (-1.782697409149920E-004,4.423500906514859E-004)
 (0.000000000000000E+000,0.000000000000000E+000)
 (0.000000000000000E+000,0.000000000000000E+000)
 AAAAAA           8
 (-2.384483173409039E-002,1.013716969691882E-002)
 (-8.747227610632820E-003,2.168487390019633E-002)
 (-3.416470144095134E-002,-1.378132918104557E-002)
 (-9.776458087035122E-003,-3.943631162151523E-003)
 (-1.198407020276961E-002,5.094793842142786E-003)
 (-3.429642593299273E-003,-8.067248242847330E-003)
 (-1.707891982697309E-003,4.233951989551465E-003)
 (-1.558779934937190E-002,-6.287777777322904E-003)
 (-1.110337475981998E-002,4.720404027160226E-003)
 (-1.300913646794929E-002,5.530593853969228E-003)
 (-2.624188231649096E-003,-6.172653061572504E-003)
 (-1.426933534123222E-003,3.537437238001553E-003)
 (-3.397590136285964E-003,-7.991899091236905E-003)
 (-1.260455118279981E-002,-5.084430346649477E-003)
 (-1.881557464720725E-003,4.664500870911911E-003)
 (-2.283314034665480E-003,-5.370848993930322E-003)
 (-1.476818733462468E-003,-3.473817493873110E-003)
 (-7.792535921463285E-004,1.931840128840753E-003)
 (-1.607374623845401E-003,-3.780888817692447E-003)
 (-1.369771583073428E-003,-3.221994552736519E-003)
 (-5.946913013342582E-003,-2.398860583661729E-003)
 (-4.352802182837064E-003,-1.755827914453571E-003)
 (-1.057955242985526E-003,-2.488565083666352E-003)
 (-4.382528176280581E-003,1.863143562029808E-003)
 (-5.273243428819536E-004,1.307248421830587E-003)
 (-2.249631955278018E-003,9.563915724074983E-004)
 (-3.642337478145836E-003,-1.469240350536106E-003)
 (-2.898553531171069E-003,1.232269220265076E-003)
 (-1.600740222355357E-003,6.805214155446589E-004)
 (-2.268428060467458E-003,-9.150353081267097E-004)
 (-1.652146776417755E-004,4.095619477593800E-004)
 (-2.919779583848655E-004,7.238236814205165E-004)
 (-3.191635314257260E-004,7.912279211086830E-004)
 (-3.397187626931294E-004,8.421736723668836E-004)
 (-6.380968811442038E-004,-1.500931352944957E-003)
 (-2.309706225315184E-003,-9.316896270663152E-004)
 (-8.413453956884119E-004,-3.393763801211658E-004)
 (-2.614575904792849E-004,6.481712951669396E-004)
 (1.295394690745190E-005,-3.211591967083248E-005)
 (-1.252475241681049E-004,3.104878181039265E-004)
 (-3.076409571079362E-004,-7.236409565916401E-004)
 (0.000000000000000E+000,0.000000000000000E+000)
 (0.000000000000000E+000,0.000000000000000E+000)
 (0.000000000000000E+000,0.000000000000000E+000)
 (3.748399227391476E-002,-2.375110705871150E-002)
 (7.690452001194219E-004,-3.429143144486526E-003)
 (9.294169765245613E-003,2.084358556683211E-003)
 (-5.664863014366838E-005,-1.270731429927639E-005)
 (-3.131212044373302E-003,1.984042128875334E-003)
 (8.435123445542819E-003,1.331231737013048E-002)
 (-4.530416706498365E-003,2.020116150422226E-002)
 (7.080448815149528E-003,1.587888819965950E-003)
 (-1.157580570985565E-002,7.334797721426463E-003)
 (-1.046364865750813E-002,6.630109184596552E-003)
 (4.304260850881987E-003,6.793003570710367E-003)
 (-4.061429757133321E-003,1.811003695458333E-002)
 (4.760280410299324E-003,7.512685981941181E-003)
 (2.624942054980382E-003,5.886963273142275E-004)
 (-2.563414665665464E-003,1.143030701380242E-002)
 (4.839846758111350E-003,7.638275339786870E-003)
 (4.080859830149474E-003,6.440417701625301E-003)
 (-1.452564174496113E-003,6.476986327659780E-003)
 (4.245964572065538E-003,6.701002207614893E-003)
 (2.791412818852456E-003,4.405405509112109E-003)
 (-4.995177115611254E-005,-1.119959189126749E-005)
 (2.736655063754276E-003,6.137364606551870E-004)
 (2.566961770718289E-003,4.051173986737534E-003)
 (-2.541990935038184E-003,1.610689463227101E-003)
 (-7.986127791958067E-004,3.561013438366884E-003)
 (-6.787554648505785E-004,4.300792801606218E-004)
 (1.017888704290950E-004,2.281961433889205E-005)
 (-8.231035459061658E-004,5.215463214215480E-004)
 (-2.464571003886691E-003,1.561635909006059E-003)
 (1.232631648952282E-003,2.764295380989670E-004)
 (-4.849027281036242E-004,2.162191212643803E-003)
 (-2.483339812654862E-004,1.107327679137287E-003)
 (-7.060860994614650E-004,3.148443601559147E-003)
 (-5.975867800141049E-004,2.664640223786503E-003)
 (5.656904386230148E-004,8.927744022163154E-004)
 (-1.830565067195503E-005,-4.100514786560492E-006)
 (-2.386004799231331E-004,-5.351596277943836E-005)
 (-3.042912247294438E-004,1.356833219589302E-003)
 (-2.160406110725254E-004,9.633196273707940E-004)
 (-2.227760997996450E-004,9.933443251489539E-004)
 (4.457036788132475E-004,7.034131977868637E-004)
 (0.000000000000000E+000,0.000000000000000E+000)
 (0.000000000000000E+000,0.000000000000000E+000)
 (0.000000000000000E+000,0.000000000000000E+000)
 (3.029562372129536E-002,-1.294800396287566E-002)
 (9.143600302534544E-003,-2.279288543560514E-002)
 (-6.562716206135054E-004,-2.632700866449885E-004)
 (1.455018603467591E-002,5.836955515532297E-003)
 (-1.918473930422864E-002,8.199333049490217E-003)
 (5.348445486005944E-003,1.251423151437804E-002)
 (-3.406612635164149E-003,8.491893847422369E-003)
 (-4.150133091234198E-003,-1.664870472985399E-003)
 (3.840419843594465E-003,-1.641346387403213E-003)
 (3.898668509377439E-003,-1.666254685236160E-003)
 (-7.306887177789637E-004,-1.709672456763093E-003)
 (-9.360850387910626E-004,2.333435367100815E-003)
 (3.372869614716565E-004,7.891855908861798E-004)
 (2.277665901181248E-003,9.137056657248338E-004)
 (-1.457573483996312E-003,3.633392189668582E-003)
 (9.413677844171402E-004,2.202596224300196E-003)
 (4.829340496979033E-004,1.129964234509348E-003)
 (3.446837172711600E-004,-8.592215479721977E-004)
 (3.493873408723720E-004,8.174863182666189E-004)
 (4.518050087884630E-004,1.057129616516249E-003)
 (-3.867816018783863E-004,-1.551604387628500E-004)
 (-7.505140237084010E-004,-3.010778122431844E-004)
 (2.647741030736344E-004,6.195170668483536E-004)
 (-8.212687229038868E-004,3.510016987102216E-004)
 (-3.901616929677605E-005,9.725653914606810E-005)
 (-1.403621181375373E-003,5.998927200957683E-004)
 (7.013615167256967E-004,2.813603089469338E-004)
 (8.286788086312633E-004,-3.541666537934087E-004)
 (5.768395257196054E-004,-2.465342772273196E-004)
 (-5.792731523548756E-004,-2.323805355195396E-004)
 (-4.134406400167675E-004,1.030613655592288E-003)
 (3.678666339464558E-004,-9.170063680465509E-004)
 (-1.589739489675975E-004,3.962876808193522E-004)
 (6.708331667251504E-005,-1.672240238907867E-004)
 (-5.722333826503862E-005,-1.338895838211884E-004)
 (4.743034037407388E-005,1.902732144878287E-005)
 (1.093490813811469E-003,4.386659184696686E-004)
 (-2.449519124560382E-004,6.106089340513027E-004)
 (-1.563402126549876E-004,3.897202264417408E-004)
 (6.725625594152319E-005,-1.676522563716731E-004)
 (-1.997483124317744E-004,-4.673701576062929E-004)
 (0.000000000000000E+000,0.000000000000000E+000)
 (0.000000000000000E+000,0.000000000000000E+000)
 (0.000000000000000E+000,0.000000000000000E+000)
 (6.457652650645379E-002,-2.331767533535108E-002)
 (-2.383231515168874E-002,5.077028423546799E-002)
 (-1.511949284650825E-003,-7.097278087468075E-004)
 (-6.284585320033326E-003,-2.950085093838098E-003)
 (4.884835278192667E-003,-1.763847445301720E-003)
 (-3.352083422535538E-003,-9.283341583160201E-003)
 (-2.902977924355319E-003,6.184246351187678E-003)
 (-4.272640295543967E-003,-2.005640692555454E-003)
 (9.092196463614931E-004,-3.283000896036396E-004)
 (-1.263942031574992E-003,4.563898385210363E-004)
 (4.777566079975843E-003,1.323109289176859E-002)
 (5.681605507435669E-004,-1.210377371095487E-003)
 (-2.188264302143484E-003,-6.060237968743488E-003)
 (-2.619955407005189E-003,-1.229851390088646E-003)
 (-3.261939302829611E-004,6.948946555682089E-004)
 (-1.309182988579018E-004,-3.625633965052669E-004)
 (-5.560896943148051E-004,-1.540046941065728E-003)
 (1.218746367524552E-003,-2.596300369513597E-003)
 (-9.065735808783211E-004,-2.510686619061677E-003)
 (2.134553463856824E-004,5.911643667908059E-004)
 (-1.164694547393002E-003,-5.467178994109509E-004)
 (-2.521363633839134E-004,-1.183618769276759E-004)
 (1.007187522660039E-004,2.789274726822466E-004)
 (-6.856358957933650E-004,2.475713936762891E-004)
 (-4.398968483979953E-004,9.371182981787672E-004)
 (-1.139685247281202E-004,4.115295723605914E-005)
 (-1.393654859425243E-003,-6.541998389623852E-004)
 (1.280678681743989E-003,-4.624342967207047E-004)
 (2.003429282663615E-004,-7.234177431677746E-005)
 (-1.247551163107632E-003,-5.856165208050399E-004)
 (-3.229971711602991E-004,6.880852204707137E-004)
 (3.587882791072292E-004,-7.643306841748001E-004)
 (4.439825218756328E-004,-9.458201087054444E-004)
 (-4.593911767407843E-004,9.786461075532084E-004)
 (-6.318834161951617E-004,-1.749950528247824E-003)
 (1.433550433290695E-003,6.729299046606285E-004)
 (-5.942052060693855E-004,-2.789298488978193E-004)
 (-4.779610436051168E-004,1.018211371885735E-003)
 (1.906689095249350E-004,-4.061873659452152E-004)
 (-2.874572802158950E-005,6.123209784809252E-005)
 (5.857180104330775E-005,1.622093371604109E-004)
 (0.000000000000000E+000,0.000000000000000E+000)
 (0.000000000000000E+000,0.000000000000000E+000)
 (0.000000000000000E+000,0.000000000000000E+000)
 AAAAAA           9
 (-1.033477270112025E-002,-2.406207279013683E-002)
 (-2.183111678755276E-002,-8.712501538082461E-003)
 (4.623855953836442E-003,-1.158612286473346E-002)
 (1.095463435554791E-002,-2.744930896297344E-002)
 (-4.885896451906497E-003,-1.137564310200745E-002)
 (-3.157060514042845E-003,-1.259935132271937E-003)
 (9.255888730487969E-003,-3.975443756067123E-003)
 (-6.951853768825001E-003,-1.618573651973758E-002)
 (8.004346510735097E-003,-3.437901817281932E-003)
 (5.780619385112651E-003,-1.448464178959424E-002)
 (-4.134432367461301E-003,-9.626053094066715E-003)
 (-2.597054694211176E-003,-1.036445139015360E-003)
 (6.995266533699431E-003,-3.004497418711228E-003)
 (4.267834229868515E-003,-1.069405382395770E-002)
 (-3.121578344884693E-003,-1.245782871592421E-003)
 (7.183591635951809E-003,-3.085383403525549E-003)
 (-2.032891486137392E-003,-8.113034553543039E-004)
 (4.775273730840957E-003,-2.051006348661044E-003)
 (3.762095659153520E-003,-1.615839198749635E-003)
 (2.662610059892743E-003,-6.671776302575580E-003)
 (2.911154094367463E-003,-1.250350081490064E-003)
 (1.615601525250692E-003,-4.048246345574035E-003)
 (1.717144429886418E-003,-4.302696691068553E-003)
 (2.206833562002365E-003,-9.478422232527489E-004)
 (-9.203859379579020E-004,-2.142893601816253E-003)
 (-1.505743256815075E-003,-3.505761861202704E-003)
 (-1.505738864670850E-003,-3.505757612368623E-003)
 (-1.189707327995700E-003,-4.747964516039374E-004)
 (2.182008594573824E-003,-9.371786864510572E-004)
 (1.077163174153733E-003,-2.699073970404867E-003)
 (-6.204213143984601E-004,-1.444507725088086E-003)
 (-6.962427136105020E-004,-2.778624942161720E-004)
 (-6.822057003364346E-004,-2.722564229958672E-004)
 (9.743118089026409E-004,-2.441353592165046E-003)
 (3.210336699976633E-004,-8.044231008132194E-004)
 (-2.315936411029995E-004,-9.242342498870444E-005)
 (-3.949853148322010E-004,-1.576328959614775E-004)
 (1.688262954319381E-004,6.737674522292378E-005)
 (8.011367534504918E-004,-3.440905770522167E-004)
 (8.120418678399349E-004,-3.487773364654694E-004)
 (-2.663489763699776E-004,-1.062984315400157E-004)
 (0.000000000000000E+000,0.000000000000000E+000)
 (0.000000000000000E+000,0.000000000000000E+000)
 (0.000000000000000E+000,0.000000000000000E+000)
 (4.404003027652776E-003,8.092776213522602E-003)
 (4.509687758245096E-003,1.331170549227085E-003)
 (1.562925483493778E-003,-5.294878651559052E-003)
 (-1.854902464160451E-003,6.283981924383037E-003)
 (2.807053492659345E-004,5.158335578744572E-004)
 (-1.599510433746757E-002,-4.721420693461427E-003)
 (-1.086052054915723E-002,5.910163596665143E-003)
 (-7.771590897496545E-003,-1.428107745219649E-002)
 (-5.091590116234016E-003,2.770789483375790E-003)
 (-2.277418979628365E-003,7.715394554724711E-003)
 (-6.533130449377398E-003,-1.200527697752195E-002)
 (-1.663123982037796E-002,-4.909193387023325E-003)
 (-7.580900865406620E-003,4.125442446990492E-003)
 (-2.837535192583510E-004,9.613000534140374E-004)
 (-8.856238866037687E-003,-2.614165606662209E-003)
 (-6.490842841769916E-003,3.532239959786120E-003)
 (-8.788980644345081E-003,-2.594329164358753E-003)
 (-7.579019682426844E-003,4.124413090012274E-003)
 (-5.422538940020865E-003,2.950878420863344E-003)
 (-1.054354779898227E-004,3.572122540659921E-004)
 (-2.788324182687708E-003,1.517372492241028E-003)
 (-6.698903218520311E-004,2.269439679945343E-003)
 (3.068172273183745E-007,-1.034957379067733E-006)
 (-2.933153400778982E-003,1.596186427807150E-003)
 (-1.810234423795079E-004,-3.326431028237102E-004)
 (-1.019977467013118E-003,-1.874314385695487E-003)
 (-1.019977695026246E-003,-1.874313693055500E-003)
 (-2.081095055342516E-003,-6.142968813590818E-004)
 (-1.771487153179416E-003,9.640210052910385E-004)
 (-5.940890751419780E-004,2.012642748819171E-003)
 (-1.491664332687829E-003,-2.741080918843766E-003)
 (-2.130067359336415E-003,-6.287538535993791E-004)
 (-3.346364903584146E-003,-9.877782800300108E-004)
 (1.615782801948674E-004,-5.473944053781948E-004)
 (1.105219385089401E-004,-3.744183378210027E-004)
 (-1.191706055477819E-003,-3.517659535544515E-004)
 (-1.692688345652169E-003,-4.996466090631544E-004)
 (-9.545711036928299E-004,-2.817702318088277E-004)
 (-8.871974240988922E-004,4.828010864379534E-004)
 (-5.009742695229721E-004,2.726230204723616E-004)
 (-1.011616835340209E-003,-2.986077065639393E-004)
 (0.000000000000000E+000,0.000000000000000E+000)
 (0.000000000000000E+000,0.000000000000000E+000)
 (0.000000000000000E+000,0.000000000000000E+000)
 (-2.520219134918847E-003,-1.496715604764477E-002)
 (4.396217718149021E-002,3.129077488343438E-002)
 (-1.220340460021459E-002,1.714524397160344E-002)
 (-1.034109122908783E-004,1.452893710621109E-004)
 (-3.373318445492262E-003,-2.003337489715261E-002)
 (-4.785232992752337E-003,-3.405955684635557E-003)
 (-1.763344780795043E-002,2.969201554899405E-003)
 (4.782248329994533E-004,2.840069354560132E-003)
 (8.921787824353359E-003,-1.502279783120731E-003)
 (-4.572332834413253E-004,6.423913278059479E-004)
 (1.536078315631365E-004,9.122831720105803E-004)
 (-5.580770195338821E-003,-3.972191679954585E-003)
 (-4.532109908833013E-003,7.631409894977615E-004)
 (-2.428144958390254E-003,3.411442588350544E-003)
 (-3.040070858662420E-003,-2.163805096557867E-003)
 (-5.432501226994349E-003,9.147453026711182E-004)
 (-2.641350114746247E-003,-1.880026939078745E-003)
 (-4.436366063726743E-003,7.470166257641188E-004)
 (-3.479415243494160E-003,5.858794097319294E-004)
 (-3.566025439929802E-004,5.010213094885224E-004)
 (-1.307306357163157E-003,2.201295003177126E-004)
 (-1.978987630133041E-004,2.780390394801877E-004)
 (-1.254708745555747E-003,1.762813917208996E-003)
 (-1.194751177256840E-003,2.011770062874750E-004)
 (-2.356049014332527E-004,-1.399200901353926E-003)
 (-8.262435262097287E-005,-4.906888921262252E-004)
 (-8.262388673003831E-005,-4.906892365627933E-004)
 (1.534299547183427E-004,1.092060108968170E-004)
 (-1.462523838429104E-003,2.462652591346993E-004)
 (-2.236816608228751E-004,3.142665051172723E-004)
 (-7.142274344580714E-006,-4.240926128964855E-005)
 (-1.316307849338739E-004,-9.369311909478403E-005)
 (-1.259270838196101E-003,-8.963044997593508E-004)
 (6.878153301932725E-004,-9.663494641797548E-004)
 (-7.175869920314403E-004,1.008178466743971E-003)
 (-3.657831237281793E-004,-2.603516550743938E-004)
 (2.515900183440995E-005,1.790597655054755E-005)
 (-8.712530346385930E-004,-6.201271842645448E-004)
 (4.096597704715663E-004,-6.898030678952521E-005)
 (5.150346054997400E-005,-8.672442204329373E-006)
 (3.569307272239415E-006,2.541117900469710E-006)
 (0.000000000000000E+000,0.000000000000000E+000)
 (0.000000000000000E+000,0.000000000000000E+000)
 (0.000000000000000E+000,0.000000000000000E+000)
 (-7.524339464650678E-002,-1.098869928156781E-002)
 (2.194096671634653E-007,1.446795185628953E-007)
 (-8.532748396878303E-003,-1.145111512973098E-002)
 (1.009051026212104E-004,1.354412502012517E-004)
 (1.692063548360858E-008,1.144644690740815E-007)
 (1.442384484699762E-002,-1.074771559908491E-002)
 (9.147708142260779E-008,-8.933871743019645E-011)
 (2.006366136074973E-003,2.930214482863340E-004)
 (1.982484153141064E-004,-1.356781750491310E-003)
 (1.927229550611609E-003,2.586422934890271E-003)
 (-1.755444017025534E-003,-2.563158012548921E-004)
 (1.088564645039364E-007,6.471863461803025E-008)
 (4.797909589248538E-004,-3.285423314358325E-003)
 (2.160153440005582E-004,2.899201063381854E-004)
 (1.300721785238785E-003,-9.691385296832371E-004)
 (-4.887043851742507E-004,3.346390507761965E-003)
 (-1.646223075626880E-003,1.226651165377676E-003)
 (-2.861208021284953E-004,1.959518829871847E-003)
 (-1.736551115290462E-004,1.189287753116640E-003)
 (1.454771623953381E-003,1.952337746361139E-003)
 (2.387397370015124E-004,-1.634794064132890E-003)
 (-2.955346583842237E-004,-3.966231356498233E-004)
 (7.298306711854913E-004,9.794558209242051E-004)
 (2.256523423349975E-004,-1.545062804687069E-003)
 (4.113136509473887E-009,2.530979991473662E-008)
 (2.214007750470859E-003,3.233403625407952E-004)
 (-2.214002302257686E-003,-3.233263090219720E-004)
 (-1.843639637846859E-003,1.373784023169703E-003)
 (-2.864561612293581E-004,1.961471700875401E-003)
 (6.382271553863552E-004,8.565203412735084E-004)
 (-3.342068855872610E-009,1.705093710111971E-008)
 (9.986786470151095E-004,-7.441717275635427E-004)
 (3.428323958440679E-005,-2.553269913649780E-005)
 (-2.969756771198172E-004,-3.985657703937237E-004)
 (7.398354091626854E-005,9.928462895506306E-005)
 (1.293576819210421E-003,-9.638962319366371E-004)
 (6.879012396163298E-004,-5.125737798044127E-004)
 (-4.048232161408623E-004,3.016719612870590E-004)
 (-4.537345402636701E-005,3.107862492437362E-004)
 (-1.129833775467253E-004,7.736470488697888E-004)
 (6.601457044082495E-009,6.019954082048376E-009)
 (0.000000000000000E+000,0.000000000000000E+000)
 (0.000000000000000E+000,0.000000000000000E+000)
 (0.000000000000000E+000,0.000000000000000E+000)
 AAAAAA          10
 (-1.335772998935584E-002,-1.402560771578388E-003)
 (-1.538354002011763E-002,1.246001596100972E-002)
 (-9.735991954382153E-003,-1.202037980944213E-002)
 (-7.836974492134792E-004,7.463900668566779E-003)
 (-1.405376246587828E-002,1.138292850214110E-002)
 (-2.433467213319159E-002,-2.555126691450147E-003)
 (-9.227814337802676E-003,7.474134687227036E-003)
 (-8.144347912439854E-003,6.596561931494702E-003)
 (-4.935627396333590E-005,4.700216133414253E-004)
 (-1.433446857838243E-004,1.365246972786322E-003)
 (-1.421506415098890E-002,-1.492575778513364E-003)
 (-5.815795815836139E-003,-7.180382360530419E-003)
 (-2.328057272846929E-004,2.217137984029178E-003)
 (-1.391578788687218E-002,-1.461149491516351E-003)
 (-1.831666932827411E-004,1.744580210998415E-003)
 (-4.317367501983742E-003,-5.330378213005863E-003)
 (-4.317375142159357E-003,-5.330382319797180E-003)
 (-3.841792265938161E-003,-4.743215737039134E-003)
 (-2.536715849421030E-003,-3.131923637493731E-003)
 (-2.773654586350749E-003,-3.424458979601561E-003)
 (-5.841132884157616E-003,-6.133096328382799E-004)
 (-5.663259182537724E-003,-5.946364208388763E-004)
 (-2.326245556647589E-003,-2.872069837850919E-003)
 (-3.349600036033402E-003,2.713031762566977E-003)
 (-3.349598914937261E-003,2.713029883959265E-003)
 (-2.304349624214855E-003,1.866420203168369E-003)
 (-1.042630739810210E-004,9.930349208569778E-004)
 (-3.505119420438744E-003,-3.680342449113355E-004)
 (-3.505118316099925E-003,-3.680356526730205E-004)
 (-1.510925895301335E-003,-1.865447637988210E-003)
 (-3.194716851554489E-003,-3.354444366999720E-004)
 (-5.672995027953385E-005,5.403062380162072E-004)
 (-1.266403216444510E-003,-1.563549043293185E-003)
 (-1.012360338392325E-005,9.641355091605194E-005)
 (1.259483258937472E-005,-1.199437449574110E-004)
 (-7.264214524357146E-004,-8.968685864653738E-004)
 (-7.422664570382000E-004,6.012053903387698E-004)
 (1.187456165047975E-005,-1.130667497884368E-004)
 (-2.011301767451792E-005,1.915494305766681E-004)
 (-2.011285258504610E-005,1.915499802631042E-004)
 (-3.355588736198432E-005,3.195744484843244E-004)
 (-1.598019603918664E-003,-1.677920465213114E-004)
 (-7.973949447372076E-004,6.458546968208349E-004)
 (-6.562665955170974E-004,-6.890724207149452E-005)
 (1.509475881336176E-002,-1.435902824341279E-002)
 (-1.008899485929665E-004,4.038605743665091E-003)
 (-4.173456099350195E-004,-1.043226713209037E-005)
 (-8.377444963777255E-003,-8.806690895393033E-003)
 (5.912288974910928E-004,-2.366921713861977E-002)
 (-5.580403873115672E-004,5.308412356539398E-004)
 (-1.390793902061416E-004,5.567997676162386E-003)
 (3.899925450260634E-004,-1.561312925064227E-002)
 (-6.784885337066829E-003,-7.132531926976205E-003)
 (-1.082155155675774E-002,-1.137602444891299E-002)
 (-3.879633523256645E-003,3.690541803569933E-003)
 (-4.367669655126862E-003,-1.091061619438217E-004)
 (-6.820158189445126E-003,-7.169622373937614E-003)
 (1.314446985223573E-003,-1.250374160209512E-003)
 (-6.350323844136462E-003,-6.675690878573203E-003)
 (-3.970742323981582E-003,-9.917985732073331E-005)
 (-3.970736054962743E-003,-9.918409238989325E-005)
 (-6.233564204718127E-003,-1.557105956878834E-004)
 (-4.094015575881118E-003,-1.022604612652664E-004)
 (-2.589421550907288E-003,-6.468348448117117E-005)
 (-1.783547393854847E-003,1.696619213156022E-003)
 (1.047203050681084E-003,-9.961623558872252E-004)
 (-3.003091209037933E-003,-7.501481065773905E-005)
 (9.130945564506500E-005,-3.655552775032355E-003)
 (9.131160548664591E-005,-3.655552387695740E-003)
 (-1.012549221020374E-005,4.053003878674305E-004)
 (-2.134972897419849E-003,-2.244359370703518E-003)
 (9.028892271577188E-004,-8.588806345101807E-004)
 (9.028877510535336E-004,-8.588804283695548E-004)
 (-1.132430207368474E-003,-2.828530965952653E-005)
 (-1.029690390060837E-003,9.795055211298800E-004)
 (-1.564833371620234E-003,-1.645009074819633E-003)
 (-1.374926029267706E-003,-3.434321042658582E-005)
 (-7.949972855033732E-004,-8.357328085862672E-004)
 (-7.738700728805983E-004,-8.135233122512916E-004)
 (-5.333127449451244E-004,-1.331967917451102E-005)
 (4.372524681122314E-005,-1.750411998541751E-003)
 (-2.568991855637943E-004,-2.700629851574049E-004)
 (-1.205281174245557E-003,-1.267036794478188E-003)
 (-1.205281011497852E-003,-1.267037611218969E-003)
 (-5.886166137768027E-004,-6.187765774336189E-004)
 (-5.834157353126212E-004,5.549817284409348E-004)
 (6.028832814673741E-006,-2.413190732569990E-004)
 (2.210600358449138E-004,-2.102854549573262E-004)
 (1.416324485861300E-002,-2.635186463228113E-002)
 (-5.513439631708117E-003,-2.099242439804584E-002)
 (-8.152633076031781E-003,2.797202101850416E-002)
 (3.106633528701110E-002,-1.704432187672812E-002)
 (-5.297241716863295E-005,7.768131513907220E-004)
 (-1.251961759546641E-004,1.092229103621804E-004)
 (-2.286085584845941E-003,-6.662837964375986E-004)
 (-2.965511853107646E-003,-2.904813026318636E-003)
 (1.010963007367279E-002,-8.424312361516514E-004)
 (5.824881223498178E-008,-2.650310409753909E-008)
 (-8.168385317592767E-004,7.125841404453193E-004)
 (1.213802567631472E-003,-7.357891567377026E-003)
 (-5.319532811892042E-003,2.599873111440588E-003)
 (3.017530153671147E-005,2.912019079164397E-003)
 (3.243688732706859E-004,2.011124429605338E-004)
 (-7.875976803001364E-004,1.343534025190426E-003)
 (-3.199026152819138E-004,-6.357815844127794E-004)
 (-1.498628322243995E-003,1.529980018918120E-003)
 (-1.047855747467545E-004,2.273792521166517E-004)
 (1.709791295564289E-004,-1.745714773983473E-004)
 (-8.804263540372948E-006,-8.530982634809046E-004)
 (-9.398766784998603E-004,1.732498683189903E-003)
 (9.352639098079677E-004,-9.548405188760770E-004)
 (6.177763744377795E-004,1.596116147614806E-003)
 (-1.345625376577581E-003,-1.808247244021057E-003)
 (8.046073607738184E-010,-8.270809214583016E-009)
 (-4.322557602668105E-004,-7.426726514261962E-004)
 (-3.274206877357202E-004,1.817593372685573E-003)
 (-5.781859417107803E-004,-1.978621075310880E-003)
 (-1.665293667098479E-003,1.768168604610648E-003)
 (1.870387564943899E-005,1.807314488734780E-003)
 (1.305583083255956E-003,6.897809124308693E-005)
 (3.709925680972343E-004,-1.555573319937897E-003)
 (1.337545112009132E-003,-1.384941912796394E-005)
 (1.006690079628579E-003,-5.523052394143774E-004)
 (-2.129611823991209E-004,-1.451877697922435E-005)
 (-7.253014880568249E-004,-2.113921980489270E-004)
 (-4.359708108053527E-004,4.508613573242776E-006)
 (-7.288819348112654E-004,3.433174683166714E-004)
 (9.474610908519105E-004,2.880504356172634E-005)
 (1.306442604285991E-003,-1.352475729946955E-005)
 (-2.710651665635256E-004,-4.566962673470301E-004)
 (-5.457853682181697E-005,1.872370878337397E-004)
 (-4.336539395101247E-005,-1.898396197699697E-004)
 (-2.493876892862582E-003,4.355428360195396E-002)
 (2.243498000011229E-002,2.436910347268890E-002)
 (-6.951401080324203E-003,2.865161119652628E-002)
 (3.061788521906977E-002,-1.866161371293186E-002)
 (-1.201932478596000E-003,-1.064900130189566E-003)
 (-2.064931726818693E-005,-3.420507062934445E-004)
 (-2.341675315822264E-003,-5.679404150312483E-004)
 (-8.167829388309637E-005,1.972251080057866E-003)
 (-1.463400631738316E-003,-3.880932092967463E-003)
 (-2.031636293465351E-008,-2.377116982171755E-008)
 (-1.347730631325161E-004,-2.231665508356153E-003)
 (3.064186493881172E-003,-8.884750849104789E-003)
 (-4.468675629711672E-003,3.047024821726460E-003)
 (1.018907394616812E-003,-9.377890065306388E-004)
 (-6.011108014754085E-004,-1.814328952477992E-005)
 (1.919758051524534E-004,8.025300914016111E-004)
 (8.287671735589016E-004,-1.383019256819686E-003)
 (1.017520593064743E-003,4.216037881384587E-005)
 (-5.361120681865778E-006,1.771288557284634E-004)
 (-1.160764366014336E-004,-4.805613916028828E-006)
 (-2.985034776090195E-004,2.747500656278293E-004)
 (1.598799316849934E-004,-2.884603234776172E-003)
 (-6.350148593258712E-004,-2.631538164721105E-005)
 (-1.418546279906994E-003,-1.726612538713729E-003)
 (6.730097636402465E-004,1.545753259173406E-003)
 (-1.645449390605980E-008,1.839721817141271E-008)
 (1.954154163296635E-003,-1.968772091898451E-004)
 (4.746169319383536E-004,-1.426400687596732E-003)
 (-9.521568018192811E-004,-7.175692330482297E-004)
 (1.087440351827924E-003,1.452931671480196E-004)
 (6.323398280561668E-004,-5.820475137994523E-004)
 (-6.208193985764905E-004,-4.183561177053836E-004)
 (4.959583161024357E-004,-1.712698033175561E-003)
 (-4.307474191073153E-004,-4.679869218523226E-004)
 (9.921537251970317E-004,-6.047048470807742E-004)
 (2.919862753245352E-004,-3.294925874773774E-004)
 (-7.429278854809403E-004,-1.802261036009186E-004)
 (1.403990751515155E-004,1.525395782601532E-004)
 (-5.809070666567952E-004,4.114871486361602E-004)
 (-3.989198169490121E-004,-3.135072234005121E-004)
 (-4.207346668498082E-004,-4.571024683946309E-004)
 (-2.839097402590387E-004,-4.998972725023783E-004)
 (-3.501822239548947E-004,-2.832521490569943E-004)
 (-8.572856061338716E-005,-3.942758692225019E-005)
 AAAAAA          11
 (-1.817900639934748E-002,1.279158060161866E-002)
 (-1.466719053760746E-002,-2.551402770987263E-003)
 (-2.200604648646323E-003,1.265055772617046E-002)
 (-7.327967768447665E-003,-1.041428119947373E-002)
 (-2.865316227580178E-002,-4.984304131673735E-003)
 (-9.668849095241043E-003,6.803436439522840E-003)
 (-1.515444291479446E-002,1.066336538617999E-002)
 (-5.554302920044605E-004,3.193048921031128E-003)
 (-1.004078993979860E-002,7.065160595209896E-003)
 (-1.476765662539341E-002,-2.568874149225939E-003)
 (-6.572538694591565E-004,3.778284685118140E-003)
 (-4.278538007808409E-003,-6.080524603971930E-003)
 (-8.615247003238529E-004,4.952594825282400E-003)
 (-1.344756120851686E-002,-2.339244400715503E-003)
 (-3.978204846242278E-003,-5.653690396561748E-003)
 (-3.268545648186445E-003,-4.645161701491973E-003)
 (-5.235031818758494E-004,3.009400966054716E-003)
 (-2.252776256266619E-003,-3.201574674739112E-003)
 (-1.950908509230414E-003,-2.772569217682189E-003)
 (-2.125514646483698E-003,-3.020709914970107E-003)
 (-4.596056637260287E-003,-7.994973631693203E-004)
 (-5.610248157619891E-003,-9.759187284882159E-004)
 (-4.284816861392198E-003,3.014991506516384E-003)
 (-1.607499352091943E-003,-2.284524363339039E-003)
 (-3.681170435488516E-003,2.590237773219809E-003)
 (-1.938398514611736E-003,1.363948059213691E-003)
 (-2.261925847099498E-004,1.300292273113743E-003)
 (-2.128934791577200E-004,1.223828407634635E-003)
 (-3.606540098581147E-003,-6.273662173483084E-004)
 (-3.462318720111290E-003,-6.022829145064859E-004)
 (-9.829938034905568E-004,-1.397001611046097E-003)
 (-2.254386286645731E-003,-3.921562840740502E-004)
 (-1.255721677617335E-003,8.835792977622407E-004)
 (-5.450354269529645E-005,3.133252907323358E-004)
 (-1.292135117641630E-004,7.427776997992398E-004)
 (-2.443294765990002E-005,1.404320218017181E-004)
 (-1.224824042461525E-004,7.041107314475006E-004)
 (-7.255241916685604E-004,-1.031088635822915E-003)
 (-7.946325148540559E-004,-1.382260475898709E-004)
 (-9.517391310986603E-005,5.471111741894135E-004)
 (-5.143106189737603E-004,-7.309187866691641E-004)
 (5.044734635028362E-006,-2.901660355551513E-005)
 (0.000000000000000E+000,0.000000000000000E+000)
 (0.000000000000000E+000,0.000000000000000E+000)
 (1.795656250506263E-003,1.495733909596923E-002)
 (6.709422378434467E-003,-8.540170590525527E-003)
 (-7.184184283618078E-003,-5.644120509270443E-003)
 (-6.891763046994761E-003,8.273709101441996E-004)
 (-4.549903819865839E-003,5.791392800223246E-003)
 (6.989549737539060E-004,5.822133321853800E-003)
 (-1.848955778031570E-003,-1.540130072986468E-002)
 (-9.616499099756938E-003,-7.555026163389289E-003)
 (-1.557530393964205E-003,-1.297377631810148E-002)
 (-4.811102644941247E-003,6.123864428785530E-003)
 (-1.149281910044647E-002,-9.029118295869358E-003)
 (-6.743132597657155E-003,8.095234746011378E-004)
 (-7.704630497886625E-003,-6.053000870798279E-003)
 (-8.320384898516020E-004,1.059068012488425E-003)
 (-6.478497038052793E-003,7.777579323138323E-004)
 (-5.943553515867962E-003,7.135329083877715E-004)
 (-5.737963347212749E-003,-4.507924982977810E-003)
 (-6.447761987099649E-003,7.740668421846260E-004)
 (-5.618984654604720E-003,6.745718987280719E-004)
 (-3.907360174087895E-003,4.690874618222894E-004)
 (-1.854077661353141E-003,2.359982372327379E-003)
 (5.217755209440232E-005,-6.641080856233446E-005)
 (-3.272969030315757E-004,-2.726280940674246E-003)
 (-3.789452294734597E-003,4.549347114042331E-004)
 (-2.266911049438662E-004,-1.888269288811678E-003)
 (2.298103640802066E-005,1.914155937110194E-004)
 (-1.637368839211565E-003,-1.286369598775312E-003)
 (-2.147161801432934E-003,-1.686876488215890E-003)
 (2.164348675930755E-004,-2.754879569437751E-004)
 (1.311160540333386E-004,-1.668933339595578E-004)
 (-1.249464380627186E-003,1.499989953824458E-004)
 (-8.712643931375932E-004,1.109000876449546E-003)
 (-2.636526613526889E-004,-2.196142845322634E-003)
 (-1.027852958236431E-003,-8.075148147176767E-004)
 (-1.781393679833318E-003,-1.399518263388791E-003)
 (-8.589899044364153E-004,-6.748488905138130E-004)
 (-1.619089361157995E-003,-1.272008466181119E-003)
 (-1.351597290661506E-003,1.622622227874972E-004)
 (3.308495547538326E-004,-4.211254031631419E-004)
 (-6.955611303174541E-004,-5.464533031642973E-004)
 (-5.619848916963461E-004,6.746740436717613E-005)
 (-4.814913630633769E-004,-3.782734518738308E-004)
 (0.000000000000000E+000,0.000000000000000E+000)
 (0.000000000000000E+000,0.000000000000000E+000)
 (5.421639811478984E-002,-4.144601479093072E-003)
 (1.881865093805206E-002,1.614578048897998E-002)
 (1.030868694020662E-002,-1.201523486676695E-002)
 (1.598612464013820E-003,2.091187948991658E-002)
 (1.903688489959799E-003,1.633301391929530E-003)
 (-1.371483382520652E-002,1.048436660648648E-003)
 (-1.953067193329249E-003,1.493057351539551E-004)
 (-1.055200975878338E-002,1.229886266609869E-002)
 (-2.144471109222089E-003,1.639323492768327E-004)
 (-2.535956045820202E-004,-2.175802116842757E-004)
 (-7.270482818480310E-003,8.474085312800984E-003)
 (7.498846180676650E-005,9.808431576571771E-004)
 (-6.051840983470363E-003,7.053713482093885E-003)
 (1.257882440816840E-003,1.079223642402284E-003)
 (1.877706582619510E-004,2.456299455420631E-003)
 (3.096626765635880E-004,4.050741422188432E-003)
 (-1.065425786379937E-003,1.241806499475393E-003)
 (3.301839683978697E-004,4.319180349823187E-003)
 (3.298646834155755E-004,4.315075549612243E-003)
 (2.088141537351031E-004,2.731539462790914E-003)
 (8.398094691806587E-004,7.205322703362935E-004)
 (-1.406612596821080E-003,-1.206823327476495E-003)
 (-2.940357114732699E-003,2.247717580311558E-004)
 (2.258478076410440E-004,2.954465861710994E-003)
 (1.655339823872289E-003,-1.265483677860312E-004)
 (-1.532017366895482E-003,1.171152324555631E-004)
 (1.046177889140566E-003,-1.219361006149990E-003)
 (-1.063653890425670E-003,1.239732014149293E-003)
 (-4.918413735737738E-004,-4.219769547413262E-004)
 (3.534846395973765E-004,3.032789918981536E-004)
 (-3.278214460742101E-005,-4.288524202038123E-004)
 (-2.310881177439285E-004,-1.982604891837151E-004)
 (-9.065361123798371E-004,6.929937604958095E-005)
 (-1.278387232473025E-003,1.490022716295561E-003)
 (-9.911445698962697E-004,1.155222405017329E-003)
 (-1.473117534277920E-004,1.717017242233492E-004)
 (-9.416165155904620E-004,1.097501792818928E-003)
 (-1.342400152083688E-005,-1.755846300394772E-004)
 (4.479381360264179E-004,3.843130004846157E-004)
 (-8.466144124742047E-004,9.867668297464938E-004)
 (-3.925788310614559E-005,-5.135323284443585E-004)
 (-5.617263533795357E-004,6.547127238106133E-004)
 (0.000000000000000E+000,0.000000000000000E+000)
 (0.000000000000000E+000,0.000000000000000E+000)
 (-1.296450088268072E-002,5.343260094513004E-003)
 (-5.179601478512864E-003,-2.156229964223592E-003)
 (1.896159116398767E-002,-4.554931008618582E-002)
 (1.043342378645705E-002,2.531506349337024E-002)
 (-2.423420143749951E-009,-1.097711494502035E-008)
 (-5.250921151425869E-003,2.164132557857705E-003)
 (-5.987324033628416E-010,1.152041017895860E-009)
 (2.591442997546409E-003,-6.225158717556783E-003)
 (-3.181166212929519E-003,1.311089685312935E-003)
 (1.483345997407710E-008,-6.808475882179696E-009)
 (-2.654507112346045E-008,5.974485750181873E-008)
 (-3.892573697682509E-003,-9.444686132800278E-003)
 (-1.950017258479851E-003,4.684294839145634E-003)
 (3.311855666293721E-003,1.378681864253313E-003)
 (6.710420666106927E-004,1.628161068118231E-003)
 (4.324694776814119E-004,1.049345898116143E-003)
 (-2.109157512908699E-005,5.069528658001485E-005)
 (4.233131661700624E-004,1.027094956559161E-003)
 (-9.670300559847051E-005,-2.346349360768552E-004)
 (2.038284844261429E-004,4.945796091901698E-004)
 (-5.627815814035906E-004,-2.342885016774523E-004)
 (1.131950094115684E-003,4.712161616428746E-004)
 (4.455397405163161E-004,-1.836196509497715E-004)
 (-2.076634946740927E-004,-5.038597448639584E-004)
 (-1.385450458113952E-003,5.710097335970239E-004)
 (-2.298135690621848E-008,7.940164222145570E-009)
 (1.047421858986518E-004,-2.515972777842108E-004)
 (5.394309955047020E-004,-1.295797803604087E-003)
 (1.796819052632611E-003,7.479931787128332E-004)
 (-2.270261220994454E-003,-9.450785541389075E-004)
 (6.950150965428983E-004,1.686346109056554E-003)
 (1.223781474162593E-003,5.094483402252041E-004)
 (-9.020574990712582E-004,3.717846155884600E-004)
 (2.341404384642137E-004,-5.624405220802876E-004)
 (4.645430479707293E-004,-1.115908440874912E-003)
 (3.168840258492819E-004,-7.612217488393323E-004)
 (-5.439805192712913E-004,1.306758139557643E-003)
 (-5.197095314178560E-004,-1.260996987654242E-003)
 (-7.211294014094662E-005,-3.002103007494278E-005)
 (3.294962113005781E-004,-7.915019177975734E-004)
 (-3.426636012629577E-009,-4.601019600151090E-009)
 (-7.093552315467600E-005,1.703925294161326E-004)
 (0.000000000000000E+000,0.000000000000000E+000)
 (0.000000000000000E+000,0.000000000000000E+000)
