 AAAAAA           2
 (-5.182716788043711E-004,-9.158644228165289E-002)
 (3.978531275878012E-004,3.933724669444666E-004)
 (-7.921628027030659E-003,8.011791731761276E-003)
 (-7.163097542853891E-003,7.244629919218790E-003)
 (-1.393223927927819E-002,7.884077641531284E-005)
 (-1.393224060312829E-002,7.883923707581496E-005)
 (7.282246671095217E-005,1.286892673388322E-002)
 (-9.757081280042632E-003,5.521128020862399E-005)
 (-9.757080894646832E-003,5.521550699506741E-005)
 (2.095943677738123E-004,2.072382786994068E-004)
 (4.985187341995101E-005,8.809684417201778E-003)
 (1.857333348126661E-004,1.836445839417997E-004)
 (-1.581458983574723E-004,-1.563666748521830E-004)
 (-1.581472640580043E-004,-1.563679736776315E-004)
 (-7.178565011032265E-003,7.260273430772846E-003)
 (-6.674076471114752E-003,6.750041774480443E-003)
 (-6.674076608644035E-003,6.750041884227174E-003)
 (3.496473747513430E-005,6.178731341897869E-003)
 (-5.163823122152009E-003,2.922143904254305E-005)
 (-3.480664706148595E-003,1.969638590396518E-005)
 (-3.191191078289682E-004,-3.155263918918058E-004)
 (-3.272116193685184E-003,3.309360091460377E-003)
 (1.721352828170698E-005,3.042061958215742E-003)
 (1.721447962953963E-005,3.042060817744280E-003)
 (2.549749170053265E-004,2.521049094231861E-004)
 (-2.822606167257596E-003,1.597254016696536E-005)
 (-2.822606845925299E-003,1.597311967162262E-005)
 (-1.150623205278080E-004,-1.137674726061541E-004)
 (-2.720666322522554E-003,1.539638204907747E-005)
 (-2.720666840836146E-003,1.539502881079302E-005)
 (1.414828600875375E-005,2.500265181880786E-003)
 (-2.081164666332684E-003,2.104852293692340E-003)
 (-1.992131571258021E-003,2.014805112045642E-003)
 (7.672779348231692E-006,1.355878806637628E-003)
 (7.672391895783203E-006,1.355878161684812E-003)
 (-1.751800706836676E-003,1.771739548039231E-003)
 (-1.101987587306476E-004,-1.089575271156515E-004)
 (-1.638827700052327E-003,1.657481208850735E-003)
 (7.166275953102510E-006,1.266375353573343E-003)
 (6.516984986715540E-006,1.151700028161455E-003)
 (-9.289431273711364E-004,9.395158050697537E-004)
 (-5.383795302014646E-005,-5.323172785400475E-005)
 (3.352083854286000E-007,3.314040462020980E-007)
 (0.000000000000000E+000,0.000000000000000E+000)
 (5.387093082615836E-002,8.941788927049697E-002)
 (0.102722327546255,2.548324493738444E-002)
 (-7.322480634593938E-003,2.951672431264538E-002)
 (-8.658365508959618E-004,3.490091359780862E-003)
 (1.268230216657231E-002,-7.640616502359436E-003)
 (1.268229355849998E-002,-7.640644086473953E-003)
 (1.013487867921891E-002,1.682240013949950E-002)
 (9.211630379492891E-004,-5.549761556105697E-004)
 (9.211761771453384E-004,-5.549640519231901E-004)
 (7.269307178474230E-003,1.803384887355184E-003)
 (3.095774325506187E-003,5.138492398758162E-003)
 (9.691266644348100E-003,2.404191431461564E-003)
 (6.881660326033037E-003,1.707202606982941E-003)
 (6.881668320390582E-003,1.707199376103869E-003)
 (-1.308999320445382E-003,5.276544217618999E-003)
 (-3.397809848196015E-004,1.369609480526621E-003)
 (-3.397851804761664E-004,1.369617118114764E-003)
 (3.142514057473173E-003,5.216092649000231E-003)
 (2.808741386273938E-003,-1.692169953386567E-003)
 (3.145811002172929E-003,-1.895239668681777E-003)
 (3.077808197367446E-003,7.635399006110132E-004)
 (5.892764447298917E-004,-2.375352782411734E-003)
 (1.636697728024107E-003,2.716676174874238E-003)
 (1.636700498213892E-003,2.716672469267255E-003)
 (2.720017205730869E-003,6.747716224171504E-004)
 (3.688861198195892E-004,-2.222438797079492E-004)
 (3.688776703938311E-004,-2.222318302288454E-004)
 (1.700065765071270E-003,4.217532885929876E-004)
 (9.846448462002661E-004,-5.932088646802753E-004)
 (9.846351678967124E-004,-5.932240288904596E-004)
 (-1.056063553546642E-003,-1.752925041388924E-003)
 (-1.159427064644254E-005,4.669966694077251E-005)
 (-3.650621430901870E-004,1.471525941083608E-003)
 (2.004381022093083E-004,3.326965313281214E-004)
 (2.004394773702204E-004,3.326911593981654E-004)
 (-1.293106434988890E-004,5.212275759567909E-004)
 (1.876303175561446E-003,4.654693162638267E-004)
 (2.778576739269213E-004,-1.120049377575679E-003)
 (7.255982979931265E-004,1.204381864396080E-003)
 (1.678760987794070E-004,2.786411534623406E-004)
 (3.023883460921656E-004,-1.218925634178438E-003)
 (1.312709275317755E-004,3.256796278604680E-005)
 (-6.613539507409098E-004,-1.640638288358510E-004)
 (0.000000000000000E+000,0.000000000000000E+000)
 (0.123992860417710,1.167807180542367E-002)
 (-8.241295695695910E-002,-0.148661877150563)
 (3.515235320317066E-002,-3.677357281983824E-002)
 (-1.757517670652788E-002,9.743114946983910E-003)
 (-1.385504045432906E-002,-7.170173742088756E-003)
 (1.523348829864625E-002,-7.465698737888633E-003)
 (-6.949595269574014E-003,-6.545399611543908E-004)
 (-1.269687084900108E-002,-1.731618572695796E-003)
 (1.304770540201839E-002,-1.993143480374926E-003)
 (7.170017971186200E-004,-2.673000908265746E-003)
 (3.594725780751586E-003,3.385651244119581E-004)
 (2.147041097993282E-003,8.493144580998546E-004)
 (-9.158871010456215E-004,-4.568341833563420E-004)
 (5.315039437089777E-004,8.711478918727911E-004)
 (-5.108803183252434E-003,2.832138280649872E-003)
 (3.501408035127933E-003,1.401631030011864E-003)
 (1.965615250566926E-003,-5.615456822254962E-003)
 (1.092439486668491E-003,1.028869119493334E-004)
 (1.671886826080903E-003,4.793288957135020E-004)
 (-9.081608320454815E-004,-2.268911037737452E-004)
 (9.548953903654147E-005,1.722496097654167E-004)
 (-2.562270653865410E-003,1.420435653438888E-003)
 (-8.424350958790932E-004,1.635229218298648E-003)
 (-8.773035266166574E-004,-1.797201677004734E-003)
 (-1.086258819249653E-003,-3.041976916740717E-004)
 (3.827902401379642E-004,1.642923317233940E-003)
 (-3.064724384389872E-003,-5.592114452242749E-004)
 (-7.351195571680669E-004,-1.751490978942624E-003)
 (3.082271785047900E-003,-9.781784934761854E-004)
 (-3.058370625814463E-003,-7.919609313732098E-004)
 (-1.033637672468330E-004,3.956129177492158E-004)
 (-7.279181483194804E-004,9.533383548761638E-005)
 (1.165425239155169E-003,-2.408352994116071E-004)
 (-1.963462673535464E-004,-1.849715733398312E-005)
 (1.016206057908325E-004,3.488759293395112E-004)
 (-6.901804478443085E-004,8.658057961416692E-004)
 (2.491822260775964E-004,1.367653837417313E-004)
 (6.927820813516454E-004,-1.041255997912699E-003)
 (-7.555658459876384E-005,2.635152837921427E-004)
 (-2.655854000639425E-004,-1.199103891225948E-004)
 (-4.670947859287165E-009,1.295913787759806E-009)
 (-8.864483708180858E-004,-1.038678391733239E-003)
 (2.594570666419831E-004,-2.147950200042774E-004)
 (0.000000000000000E+000,0.000000000000000E+000)
 (0.230082242162918,9.169878269953037E-002)
 (0.130338469732728,3.539297993665591E-002)
 (-2.278884426833291E-002,1.132028562761238E-002)
 (4.184664297923218E-003,-1.541012105739749E-002)
 (1.244957169995988E-002,-1.159101506347166E-002)
 (-1.626641928123718E-003,-1.556552889211606E-002)
 (-1.289485334808600E-002,-5.139120993612652E-003)
 (7.606460160893721E-003,-1.696682026604583E-003)
 (-4.852033133561883E-003,-5.214431303315392E-003)
 (4.824871227484320E-003,-1.198304469273143E-003)
 (6.670154163946504E-003,2.658397751868925E-003)
 (1.145978607527137E-003,-1.600179626485887E-003)
 (-3.470941026281932E-004,6.612969206713100E-004)
 (-7.087800709028020E-004,-2.478845547307124E-004)
 (1.216311053048981E-003,-4.479245358044149E-003)
 (1.954829635812837E-003,6.840692699450450E-003)
 (-4.243335558441001E-003,-3.382279132925423E-003)
 (2.027290058896806E-003,8.080424010715970E-004)
 (-1.199520862294807E-003,6.871915565807891E-004)
 (6.250823939776181E-004,-3.113377643362028E-004)
 (-1.510246967156221E-004,-4.102417271512123E-005)
 (6.100340486404559E-004,-2.246435829687064E-003)
 (-1.361091906543548E-003,-1.466652969567276E-003)
 (-1.830180480356976E-003,1.947502313535325E-004)
 (-7.683398709814340E-004,8.379875007440746E-004)
 (-1.479316552975369E-003,2.985313174938751E-003)
 (1.947159824291337E-003,-6.703983554261874E-004)
 (1.801687310134422E-003,2.202322186413028E-004)
 (-7.475049288111794E-004,-2.167873259687658E-003)
 (2.126959977981370E-003,-1.100032648203367E-003)
 (-1.437804043560582E-004,-2.757282491235674E-004)
 (-8.376494281753973E-005,-9.858556555727819E-004)
 (6.060091780716153E-005,1.478927754843756E-003)
 (-3.642627936864248E-004,-1.451309105881640E-004)
 (2.284948715824224E-004,-9.174861507357851E-005)
 (5.674417327926899E-004,-5.997382456144697E-005)
 (7.570750820896113E-005,-1.771746038095157E-004)
 (-7.131837836334205E-004,-1.340377938790953E-004)
 (-1.083218232301589E-004,-1.891034126811532E-004)
 (-5.040580513973533E-004,-1.497692667691576E-004)
 (1.655329481235572E-008,1.098017724217756E-008)
 (5.601739505652735E-004,5.064809423535721E-004)
 (6.153766219067542E-004,-2.646210338818773E-004)
 (0.000000000000000E+000,0.000000000000000E+000)
 AAAAAA           3
 (9.795166519721644E-002,-3.640049497951071E-002)
 (-7.719410366261016E-004,1.684981353554397E-003)
 (-1.114268854213045E-002,-5.104837741575025E-003)
 (-8.261183859513467E-003,-3.784721872006760E-003)
 (-4.377046475700691E-003,-1.177838450159683E-002)
 (-4.377043985328594E-003,-1.177838275118164E-002)
 (-1.013686069553855E-002,3.767032938823905E-003)
 (-3.742727541717103E-003,-1.007146691603446E-002)
 (-3.742732519726883E-003,-1.007146534689463E-002)
 (-1.688553806871111E-004,3.685737922039874E-004)
 (-8.195334033562209E-003,3.045529455287092E-003)
 (-3.438792848138577E-004,7.506112229982631E-004)
 (2.780406590403993E-004,-6.069014051414558E-004)
 (-9.962783372493910E-003,-4.564282059707226E-003)
 (5.555841691790408E-005,-1.212664017062398E-004)
 (-6.951584569176401E-003,2.583327759354396E-003)
 (-9.333127231743333E-003,-4.275816304006495E-003)
 (-8.049980953255877E-003,-3.687962654054427E-003)
 (-1.763286116589526E-003,-4.744905403281416E-003)
 (-1.313108839704776E-003,-3.533497561633517E-003)
 (2.235074371232404E-004,-4.878690560483412E-004)
 (-2.162638100804503E-004,4.720612105655424E-004)
 (-1.110143294442119E-003,-2.987325934926970E-003)
 (-3.079693132828452E-003,1.144465126927874E-003)
 (-3.079695422982569E-003,1.144468017818161E-003)
 (-3.644632543266693E-003,-1.669725969734657E-003)
 (-3.135254713860126E-003,-1.436366977581557E-003)
 (-2.846822641935536E-003,-1.304224442203323E-003)
 (-1.421142005048425E-003,5.281216339839165E-004)
 (-8.436040532055322E-004,-2.270092733289453E-003)
 (-8.271429856970272E-004,-2.225800044660178E-003)
 (2.190459432283830E-005,-4.781708795050175E-005)
 (-1.324778325557152E-003,4.923122895213264E-004)
 (-7.829605862192785E-004,-2.106905040531298E-003)
 (-1.921431397552456E-003,7.140374129644728E-004)
 (8.019129536557067E-005,-1.750397046877432E-004)
 (-1.977997993872380E-003,-9.061863769038012E-004)
 (-1.309278715391034E-003,-5.998239934196508E-004)
 (-1.855080769707579E-003,-8.498739928264936E-004)
 (-1.160830431541948E-003,4.313852420677591E-004)
 (-1.033362776243364E-003,3.840157335443887E-004)
 (8.217712545240557E-006,-1.793622081054368E-005)
 (0.000000000000000E+000,0.000000000000000E+000)
 (0.000000000000000E+000,0.000000000000000E+000)
 (1.282496372294995E-002,-3.285448530684056E-002)
 (-2.512159650852489E-002,-5.729343332867396E-002)
 (3.051098511732049E-002,-1.337829928670659E-002)
 (5.845958789136288E-003,-2.563242013122599E-003)
 (-1.174807642287304E-002,-4.586040253204401E-003)
 (-1.174806507638394E-002,-4.585989446763567E-003)
 (6.791440915728936E-003,-1.739774009441773E-002)
 (-2.248266855252599E-003,-8.776480318639780E-004)
 (-2.248260778018756E-003,-8.775524186618482E-004)
 (-3.317080512193218E-003,-7.565076871403672E-003)
 (2.259248755508142E-003,-5.787513904967734E-003)
 (-4.650373453446079E-003,-1.060584352889322E-002)
 (-3.793224611340559E-003,-8.650940125985100E-003)
 (5.083915243141447E-003,-2.229200031156041E-003)
 (-2.840125923686124E-003,-6.477004760189289E-003)
 (2.453463286564579E-003,-6.285134678864279E-003)
 (-5.940518157603208E-004,2.604599436096090E-004)
 (1.788977585435662E-003,-7.844366832587664E-004)
 (-3.922179477288433E-003,-1.531079927787898E-003)
 (-3.963000925983525E-003,-1.547004085057112E-003)
 (-1.969518436734873E-003,-4.491755001675249E-003)
 (-1.607436988436180E-003,-3.666009828533654E-003)
 (-1.857590930239862E-003,-7.250695877716149E-004)
 (1.373326740827262E-003,-3.518103281139955E-003)
 (1.373348055541017E-003,-3.518163563139902E-003)
 (-1.265661415950035E-003,5.549323972858682E-004)
 (1.148422124498577E-003,-5.035516710635243E-004)
 (4.404607556328955E-004,-1.931392490665320E-004)
 (6.072758924797789E-004,-1.555619846124732E-003)
 (-1.051262637308645E-003,-4.103840644573551E-004)
 (-3.001959034964544E-004,-1.171716066149390E-004)
 (-6.155902765714602E-004,-1.403966319329242E-003)
 (4.662319908710038E-004,-1.194337555637064E-003)
 (-7.445107724969123E-004,-2.906341444976156E-004)
 (-3.157947862423682E-004,8.089711292543347E-004)
 (-9.841155936924368E-004,-2.244381782051709E-003)
 (-8.088523146698961E-004,3.546568854636590E-004)
 (-7.391182674501431E-004,3.240673381840842E-004)
 (3.972422557825434E-004,-1.741673932077450E-004)
 (4.760151820731782E-004,-1.219400241194487E-003)
 (2.013066453916782E-004,-5.157084010239041E-004)
 (-1.587570906899728E-004,-3.620467797950236E-004)
 (0.000000000000000E+000,0.000000000000000E+000)
 (0.000000000000000E+000,0.000000000000000E+000)
 (1.596835480063473E-006,1.925184312209125E-006)
 (-5.615160308569836E-002,-0.140011203321263)
 (6.833113611062286E-002,-2.740386369740614E-002)
 (-6.054797230893743E-003,2.427982635278755E-003)
 (-1.520223851350661E-002,-6.498995372549905E-003)
 (1.520243172428726E-002,6.498995889912922E-003)
 (-7.187822037837630E-008,-7.994928351835726E-008)
 (-1.507110399904811E-002,-6.442858153235311E-003)
 (1.507108886811077E-002,6.442917698868846E-003)
 (-1.091059224427638E-003,-2.720715992533320E-003)
 (4.568365202989728E-008,6.645679803063498E-008)
 (8.706169821279730E-004,2.171008637562038E-003)
 (-4.015601043913526E-004,-1.001391299797300E-003)
 (-5.077742690675295E-003,2.036439583488169E-003)
 (4.890447077068138E-004,1.219417459568941E-003)
 (-1.962157687866157E-008,1.805691982807615E-008)
 (1.566821666940940E-003,-6.283865972343976E-004)
 (4.035238511988472E-003,-1.618355088134658E-003)
 (1.518988952863960E-003,6.493377911624803E-004)
 (-1.645587209573099E-004,-7.038640036445234E-005)
 (1.453612953972343E-004,3.623981412213495E-004)
 (-2.343457658940858E-004,-5.843265110046531E-004)
 (3.803758820682809E-004,1.625942298405055E-004)
 (-3.879608909283309E-004,9.074643502726813E-004)
 (3.879275972466784E-004,-9.075312200872584E-004)
 (-2.258886413334812E-003,9.059066723372494E-004)
 (8.670977984682162E-004,-3.477707132500173E-004)
 (1.589138217695769E-004,-6.373402380670637E-005)
 (1.194089668103827E-009,1.943057268598645E-008)
 (-2.618764100771166E-003,-1.119536601904630E-003)
 (-2.488626652979785E-003,-1.063896182483013E-003)
 (-6.724178855888050E-004,-1.676634869153776E-003)
 (-1.062309465648004E-004,2.485066227056050E-004)
 (2.300306222713908E-003,9.833600538058005E-004)
 (-1.237923683433785E-004,2.895821623726426E-004)
 (1.904538280425329E-004,4.748669700421405E-004)
 (1.202527568772249E-003,-4.822878821384145E-004)
 (-3.555820679243262E-009,8.112677539886328E-009)
 (-8.238693041859179E-004,3.304099521645889E-004)
 (-1.270286242944827E-004,2.971224027455118E-004)
 (7.368715508880866E-005,-1.724222834933796E-004)
 (-4.432421694080111E-004,-1.105172620822713E-003)
 (0.000000000000000E+000,0.000000000000000E+000)
 (0.000000000000000E+000,0.000000000000000E+000)
 (8.791739752792026E-002,-0.426155576963774)
 (-5.898989203966550E-002,-8.965595943587142E-002)
 (2.061235122069990E-002,-1.356197817362819E-002)
 (6.783955955506266E-003,-4.463635584844227E-003)
 (5.445969764372919E-004,1.123523027573785E-004)
 (5.446061732424958E-004,1.123475629152551E-004)
 (-1.686621147358585E-003,8.175433863753396E-003)
 (7.460779735593676E-004,1.539260317746362E-004)
 (7.460754846247464E-004,1.539113887130690E-004)
 (-2.829905649668651E-003,-4.301015994178196E-003)
 (1.029574090211612E-003,-4.990483298682219E-003)
 (1.914248054056985E-003,2.909403726020156E-003)
 (3.598954858073138E-003,5.469885020607926E-003)
 (-1.284707659365467E-003,8.452844556016515E-004)
 (2.149606693296774E-003,3.267086546534672E-003)
 (7.415396353021759E-004,-3.594413867496791E-003)
 (6.482736533723051E-003,-4.265377016302494E-003)
 (-2.261612241027509E-003,1.488058643018685E-003)
 (3.079304382483849E-003,6.352528009812823E-004)
 (2.335228670681038E-003,4.817625817985897E-004)
 (1.734848886959461E-003,2.636720589850634E-003)
 (1.131511279143956E-003,1.719740106918891E-003)
 (3.998696169369503E-003,8.249370247888504E-004)
 (-4.605107709570428E-004,2.232145957709080E-003)
 (-4.605050395953078E-004,2.232136905442605E-003)
 (-1.152435863864012E-003,7.582514670565991E-004)
 (1.827466758016131E-003,-1.202413150725077E-003)
 (1.393670962720669E-004,-9.170633914093028E-005)
 (-2.023959390183246E-004,9.810483784201177E-004)
 (-3.083658492162992E-004,-6.362420284120947E-005)
 (-2.153963278640054E-004,-4.444780016272489E-005)
 (-3.694478732094657E-004,-5.614894617545477E-004)
 (-8.683960274768697E-005,4.209356052224596E-004)
 (-5.781426365643899E-004,-1.192700955008218E-004)
 (-2.552630251735348E-004,1.237340823147608E-003)
 (5.309619238093319E-004,8.069838064047729E-004)
 (-6.853280389516913E-004,4.509118807514689E-004)
 (4.440676063387953E-004,-2.921688589739907E-004)
 (4.335634430987892E-004,-2.852695389628603E-004)
 (2.627321242345694E-006,-1.276961962342771E-005)
 (-1.527453875573923E-004,7.403657481795171E-004)
 (2.381634165301842E-004,3.619846655659196E-004)
 (0.000000000000000E+000,0.000000000000000E+000)
 (0.000000000000000E+000,0.000000000000000E+000)
 AAAAAA           4
 (-0.101993465331367,-6.267301350982987E-002)
 (3.705797257254867E-003,-8.848831919850524E-004)
 (3.077321046697242E-003,1.288722416524229E-002)
 (1.828793662295599E-003,7.658632581507892E-003)
 (-5.786371080604796E-003,9.416687508474929E-003)
 (-5.786373798938976E-003,9.416684727808636E-003)
 (7.646625083689906E-003,4.698702343163817E-003)
 (5.994562779440992E-004,-1.431439340969575E-004)
 (-6.151996820862716E-003,1.001170536584973E-002)
 (-6.152004588129525E-003,1.001169733995913E-002)
 (7.326068830789420E-003,4.501717492365790E-003)
 (1.469109982773019E-003,-3.508074825475542E-004)
 (7.560095205676678E-003,4.645527818838994E-003)
 (-1.063627692784575E-003,2.539878889844557E-004)
 (2.737417938823331E-003,1.146379418077641E-002)
 (2.568847264540200E-003,1.075784566634847E-002)
 (-5.218092593286059E-005,1.245912444521815E-005)
 (1.888854969314335E-003,7.910149149331500E-003)
 (-6.270582367399630E-004,1.497318836676969E-004)
 (-2.561628022705079E-003,4.168760377909537E-003)
 (-2.127313500600377E-003,3.461981194915874E-003)
 (7.304963538982592E-004,-1.744373265322681E-004)
 (-1.875671627134727E-003,3.052445617518468E-003)
 (9.431969620548434E-004,3.949911465948090E-003)
 (3.038191369811452E-003,1.866906732624463E-003)
 (3.038188128653626E-003,1.866908084572546E-003)
 (1.437927509752271E-003,8.835755076543428E-004)
 (7.719783561636697E-004,3.232904418241868E-003)
 (1.255730462902671E-003,7.716224652700300E-004)
 (7.672460171514641E-004,3.213067059873037E-003)
 (-2.235066333857797E-004,5.336833117145961E-005)
 (-1.096712638585702E-003,1.784777058106613E-003)
 (1.443945812909327E-005,-3.449121122550465E-006)
 (-1.000890892293771E-003,1.628839264280119E-003)
 (3.651078956741065E-004,1.529004907459997E-003)
 (-9.131154183060814E-004,1.485996933026787E-003)
 (1.317022842134781E-003,8.092836743175928E-004)
 (4.585963145666514E-004,1.920505958493137E-003)
 (3.144282209792280E-005,-7.508679716931144E-006)
 (-3.710504462969362E-004,6.038440948588019E-004)
 (9.935912897957372E-004,6.105407936194339E-004)
 (3.591637439164610E-004,1.504114468609185E-003)
 (1.463413460171036E-004,6.128522782317329E-004)
 (0.000000000000000E+000,0.000000000000000E+000)
 (6.376107007350576E-002,2.202233855044487E-002)
 (-2.952974818766797E-002,1.436808796111962E-002)
 (-1.082199443086245E-002,-2.224162869246061E-002)
 (-1.735021407397005E-003,-3.565874114222249E-003)
 (-4.497334983553908E-003,1.302122843803373E-002)
 (-4.497380053126202E-003,1.302121828494671E-002)
 (-1.580004497870151E-002,-5.457108293962397E-003)
 (-6.964723522553680E-003,3.388780656030291E-003)
 (-1.691200501751303E-003,4.896577061425848E-003)
 (-1.691273141413204E-003,4.896528470788237E-003)
 (-6.202689798760764E-003,-2.142342074245580E-003)
 (-1.186851228216468E-002,5.774785634085566E-003)
 (-6.155129816633039E-003,-2.125913018518324E-003)
 (-1.069353074277602E-002,5.203084045478810E-003)
 (-1.991183411286096E-003,-4.092422858504229E-003)
 (1.063422667190761E-003,2.185599232653075E-003)
 (-6.262644396467312E-003,3.047155693670602E-003)
 (-7.605873931690766E-004,-1.563242355684024E-003)
 (-6.429572543711001E-003,3.128412955175638E-003)
 (-1.613196529990459E-003,4.670676936275269E-003)
 (-1.782661229984107E-003,5.161433891186979E-003)
 (-4.912412784047538E-003,2.390182858716859E-003)
 (-1.176774927363159E-003,3.407082602107261E-003)
 (-2.748406379463681E-004,-5.649032540538551E-004)
 (-3.943054693024934E-003,-1.361858709143486E-003)
 (-3.943084028005500E-003,-1.361880197524093E-003)
 (-2.843199861347046E-003,-9.820360272071700E-004)
 (-1.857966475916425E-004,-3.818731609279101E-004)
 (-2.023549629642684E-003,-6.989169988173497E-004)
 (2.901984818438351E-004,5.964293035242057E-004)
 (-2.742158646443027E-003,1.334217981616517E-003)
 (-3.706762074897618E-004,1.073193768213345E-003)
 (-1.108193124434945E-003,5.392081624205020E-004)
 (-1.083388454619242E-004,3.136829932278086E-004)
 (2.345657211081650E-004,4.821021669056344E-004)
 (-2.039822839111937E-004,5.906055359057093E-004)
 (6.500039195261583E-005,2.245049359779861E-005)
 (2.296692482944164E-004,4.720288538227998E-004)
 (-1.298006983191006E-003,6.315596104193174E-004)
 (-2.805106543402451E-004,8.121728275213823E-004)
 (-9.669212147345149E-004,-3.339755784705951E-004)
 (-9.097950970702124E-005,-1.869711212300828E-004)
 (9.448337201819732E-006,1.944710739193049E-005)
 (0.000000000000000E+000,0.000000000000000E+000)
 (-0.303967036320838,-0.295733323227472)
 (-8.732176245070641E-002,1.198842215148820E-003)
 (-6.105617783888060E-004,-4.446576612225017E-002)
 (-1.523905790872612E-004,-1.110383231416723E-002)
 (1.526518293785592E-003,-1.569031788058372E-003)
 (1.526509363785087E-003,-1.569025429458779E-003)
 (6.237275061061093E-006,6.065586230374704E-006)
 (-7.327197839575154E-003,1.006005405181450E-004)
 (1.680803741885833E-003,-1.727599773973021E-003)
 (1.680803624232549E-003,-1.727601011176215E-003)
 (-2.618944642522364E-003,-2.547987576502985E-003)
 (2.023429240460979E-003,-2.778372974432759E-005)
 (-3.810662024929893E-003,-3.707446367399532E-003)
 (4.515384281975818E-003,-6.197829543129517E-005)
 (-1.104735104829707E-005,-8.044735935877565E-004)
 (-7.164283353830177E-005,-5.218346922593860E-003)
 (1.141328098318129E-003,-1.566058642670879E-005)
 (1.341303317069745E-005,9.766343738640464E-004)
 (1.907921844660763E-003,-2.620017003171905E-005)
 (1.160434925318621E-003,-1.192742613090882E-003)
 (1.206044553615602E-003,-1.239606133644608E-003)
 (1.573584198101283E-003,-2.160961404762171E-005)
 (2.217653677024430E-003,-2.279386995969459E-003)
 (-3.354771755375092E-005,-2.444337664129221E-003)
 (9.113666158205271E-004,8.866697029099000E-004)
 (9.113625687363846E-004,8.866728573683360E-004)
 (6.869113699067638E-005,6.683176744628759E-005)
 (-9.321362947900569E-006,-6.791027941581045E-004)
 (-1.996863601077570E-005,-1.942317622696275E-005)
 (1.555012753402232E-005,1.132063423198101E-003)
 (4.118729310704828E-004,-5.654805145489085E-006)
 (-2.226612405077668E-004,2.288563473555965E-004)
 (-7.085797839488459E-004,9.729458451907386E-006)
 (-5.855131066443773E-005,6.018611735724040E-005)
 (-8.429152775688500E-006,-6.138721940144350E-004)
 (-3.181294453902007E-004,3.269918526577986E-004)
 (6.426318140348406E-004,6.252235925768951E-004)
 (1.300256798612206E-005,9.468444381178197E-004)
 (8.869945357748322E-004,-1.217775223957901E-005)
 (6.971395314810383E-004,-7.165455109301020E-004)
 (-2.580175302667252E-004,-2.510285773837696E-004)
 (-7.711481065489342E-006,-5.617509416226028E-004)
 (-4.592399226247052E-006,-3.346240934299322E-004)
 (0.000000000000000E+000,0.000000000000000E+000)
 (-1.244116587836584E-007,1.462599385249437E-006)
 (5.878106792104460E-003,-0.125677266948802)
 (8.414659724936709E-002,3.936047423350476E-003)
 (-1.653761067214397E-003,-7.748890618093736E-005)
 (-1.079615183068210E-002,-1.185562114024936E-002)
 (1.079615950395836E-002,1.185562399799590E-002)
 (1.013486328788156E-008,-5.766042102640269E-008)
 (1.260449370879631E-004,-2.693867103120664E-003)
 (-1.105027007124507E-002,-1.213466646240810E-002)
 (1.105023827161090E-002,1.213463366196215E-002)
 (1.026236058241391E-008,4.386386764698177E-008)
 (-1.225493710709462E-004,2.619527229382364E-003)
 (4.091175502558312E-009,-1.736213628329171E-008)
 (5.128033293743027E-005,-1.095593901207139E-003)
 (-4.500978845107802E-003,-2.105121931426178E-004)
 (1.434441441515493E-003,6.711167955249455E-005)
 (-3.426289055157458E-005,7.330313447187845E-004)
 (3.320022353336070E-003,1.552822520330483E-004)
 (-3.556102004172846E-005,7.604062401688559E-004)
 (8.393516279231366E-004,9.216989387628094E-004)
 (4.394859145637572E-004,4.825915339831445E-004)
 (4.678653037264614E-005,-1.000520853630850E-003)
 (2.725097455436056E-005,2.990666684581939E-005)
 (6.561450680554275E-004,3.066955626184759E-005)
 (-3.647806838128610E-004,3.321665256388536E-004)
 (3.647848378659337E-004,-3.321991727149617E-004)
 (1.542640946323155E-008,2.888630703929488E-010)
 (6.471541648035626E-004,3.026804156110534E-005)
 (-2.048189583109767E-004,1.865279898606859E-004)
 (-1.773227107255476E-003,-8.295029265678101E-005)
 (-3.506080177646326E-005,7.497786387965288E-004)
 (-1.368718200191036E-003,-1.503041959980464E-003)
 (5.707208544408032E-005,-1.220143801230215E-003)
 (-1.255646468082521E-003,-1.378883145039792E-003)
 (4.032491858138815E-009,-5.433528208025488E-009)
 (1.120132657829548E-003,1.230039365663899E-003)
 (-1.998762630379163E-004,1.820121394412349E-004)
 (1.108768525252504E-003,5.185385723806360E-005)
 (-2.483907609785543E-005,5.311411909442677E-004)
 (1.527557051811266E-004,1.677422342480023E-004)
 (-2.730759425956368E-004,2.486696407383333E-004)
 (-6.147621921278521E-004,-2.875775383398968E-005)
 (7.973628258180420E-005,3.720755737147486E-006)
 (0.000000000000000E+000,0.000000000000000E+000)
 AAAAAA           5
 (-9.659011936294576E-002,9.798920239256168E-002)
 (-5.497674228583977E-005,-7.648087072212264E-003)
 (1.484762252624600E-002,-1.067542727613458E-004)
 (7.071240594488711E-003,-5.084243821628590E-005)
 (6.363285386095499E-003,6.272425766981220E-003)
 (6.363295182525352E-003,6.272455690736933E-003)
 (-8.733894391274393E-006,-1.214007224588356E-003)
 (8.899707774027717E-003,8.772620380940201E-003)
 (8.899701079862762E-003,8.772644650579500E-003)
 (5.613349274586442E-003,-5.694649066820022E-003)
 (5.938351805766495E-003,-6.024380614142871E-003)
 (7.734803443687949E-003,-7.846839787083660E-003)
 (-2.020950933221560E-005,-2.811618945968231E-003)
 (1.274517286268440E-002,-9.164128302381093E-005)
 (9.063066375343120E-006,1.259835846108038E-003)
 (1.176511260288093E-002,-8.458479899159897E-005)
 (-1.763893156236331E-006,-2.443979081627150E-004)
 (3.659435248645841E-006,5.090181238582587E-004)
 (7.470377616100457E-003,-5.371721970588803E-005)
 (3.019265257950286E-003,2.976145784489856E-003)
 (-9.371450477085310E-006,-1.303689666493190E-003)
 (4.844985686153838E-003,-3.483650593049509E-005)
 (3.259494350545899E-003,3.212956828759875E-003)
 (2.780461884237970E-003,2.740765258592702E-003)
 (1.442665478179035E-003,-1.463558469065446E-003)
 (2.825331329606520E-003,-2.866254342332853E-003)
 (2.825320592238689E-003,-2.866248643598459E-003)
 (3.579183174159191E-003,-2.573271199884030E-005)
 (1.154963829306391E-003,-1.171702538310884E-003)
 (1.281826120871123E-006,1.782572117644046E-004)
 (1.751737026446364E-003,-1.259539002584133E-005)
 (2.693109751842071E-003,-1.936567614192443E-005)
 (1.238559200208910E-003,1.220878757762139E-003)
 (-8.704858526148641E-007,-1.214396450250971E-004)
 (-4.604700352271072E-007,-6.399056301692762E-005)
 (1.041112620283059E-003,1.026252339069504E-003)
 (5.491716615655854E-004,5.413271496621198E-004)
 (7.256520941048861E-004,-5.219175381450674E-006)
 (9.299756864420440E-004,9.166981730924825E-004)
 (8.206944106548161E-004,-8.325790022931384E-004)
 (1.766839262160859E-003,-1.270389491107393E-005)
 (-1.171012722020382E-007,-1.610620645255856E-005)
 (0.000000000000000E+000,0.000000000000000E+000)
 (0.000000000000000E+000,0.000000000000000E+000)
 (8.161370278270851E-002,-8.812827785766177E-002)
 (6.815669548879983E-004,1.775726294908574E-002)
 (-1.245742061119339E-002,4.781403764758543E-004)
 (-1.429943766576584E-003,5.489209429527356E-005)
 (1.049951196904452E-002,9.723333702345013E-003)
 (1.049952857025230E-002,9.723428296488220E-003)
 (2.600960568389921E-004,6.777964380235481E-003)
 (6.175683796410458E-003,5.719095790410455E-003)
 (6.175660398853717E-003,5.719176331970114E-003)
 (-8.901153377314378E-003,9.611685456021073E-003)
 (-4.732383711437043E-003,5.110078089938577E-003)
 (-3.983216623819454E-003,4.301173650965288E-003)
 (5.069530198948766E-004,1.320859126407847E-002)
 (-2.545163116389915E-003,9.768848709391914E-005)
 (4.843277086450332E-004,1.261872120334830E-002)
 (3.186163521123820E-003,-1.222392376621445E-004)
 (2.279994655126085E-004,5.940673860903304E-003)
 (3.283944497941484E-004,8.556125459200089E-003)
 (-9.614818566611029E-004,3.691072462743534E-005)
 (4.555278273376514E-003,4.218519325836695E-003)
 (2.513851452601091E-004,6.550260925384263E-003)
 (1.145659920308644E-004,-4.395699605830802E-006)
 (3.650191361091032E-003,3.380366985685575E-003)
 (3.478945539202389E-003,3.221777893854178E-003)
 (-2.647972302872494E-003,2.859341377312048E-003)
 (-2.663519399699449E-003,2.876135204812375E-003)
 (-2.663558909329133E-003,2.876169001970598E-003)
 (-8.743283755450322E-005,3.365957485838006E-006)
 (-1.744419496255536E-003,1.883633026058387E-003)
 (1.237962833846568E-004,3.225559248205461E-003)
 (3.697461113087845E-004,-1.418997368676130E-005)
 (3.480585629581193E-004,-1.335995865602988E-005)
 (8.007919785019260E-004,7.415985725129202E-004)
 (3.565458181362246E-005,9.287801804408500E-004)
 (7.931349410470275E-005,2.066733924020496E-003)
 (2.859298941640096E-004,2.648033745095582E-004)
 (1.058039255906378E-003,9.798107322439656E-004)
 (-9.678906335496373E-005,3.710645040310650E-006)
 (3.883703507390002E-004,3.596677131043774E-004)
 (-1.537511352733196E-004,1.660317089501778E-004)
 (2.959608485680091E-004,-1.136141265288486E-005)
 (5.754259819183247E-005,1.499479960964861E-003)
 (0.000000000000000E+000,0.000000000000000E+000)
 (0.000000000000000E+000,0.000000000000000E+000)
 (-0.194600712322470,-0.334822795116464)
 (-6.911410883106869E-002,-1.830547702870879E-002)
 (1.503677866377969E-002,-5.677324540180644E-002)
 (2.783104047644642E-003,-1.050780570942110E-002)
 (-4.407471616014154E-005,2.562494250768097E-005)
 (-4.408313834222434E-005,2.560935267890879E-005)
 (-9.297959515398203E-003,-2.462617252568421E-003)
 (1.448122650563745E-003,-8.416430167437464E-004)
 (1.448120637102139E-003,-8.416571189701920E-004)
 (-2.518060917032692E-003,-4.332488672489232E-003)
 (-1.776796948674574E-003,-3.057090367866696E-003)
 (-3.144719252969603E-003,-5.410688239838072E-003)
 (-6.880985786332527E-004,-1.822381200101833E-004)
 (4.367961967557172E-004,-1.649191332036353E-003)
 (6.936039783990069E-004,1.837096825881961E-004)
 (5.853441635665363E-004,-2.210032108335232E-003)
 (-1.242832812074045E-003,-3.291661710595775E-004)
 (-6.965531947441391E-004,-1.844828144553680E-004)
 (-8.773943315912373E-005,3.312638054271992E-004)
 (5.716679625530346E-005,-3.322776240158700E-005)
 (5.965534326390439E-004,1.580027302714600E-004)
 (5.728526359450874E-004,-2.162844556530379E-003)
 (-2.171526074017930E-004,1.262211106023863E-004)
 (1.497686279424916E-003,-8.704638100012277E-004)
 (-7.568636450212870E-004,-1.302230828680654E-003)
 (1.909167757978656E-004,3.284845824100929E-004)
 (1.909257780959395E-004,3.284841063612139E-004)
 (2.060962792581045E-004,-7.781221099879198E-004)
 (-4.523074420761095E-004,-7.782121495145259E-004)
 (-4.848129436853838E-004,-1.284043995114021E-004)
 (1.909392085716643E-004,-7.208982146701732E-004)
 (-2.389910979177726E-004,9.023479968082807E-004)
 (-5.230057237123821E-004,3.039722950698366E-004)
 (-7.242040598279137E-004,-1.918085362585821E-004)
 (7.896913135735056E-004,2.091581381616113E-004)
 (-1.446549753277450E-004,8.407692183987338E-005)
 (7.146194704407657E-004,-4.153359285653747E-004)
 (1.788256647491170E-004,-6.751684648897624E-004)
 (-4.768419656011515E-004,2.771472350736722E-004)
 (2.010687738521194E-004,3.459495869829589E-004)
 (-2.465334714922975E-004,9.308095192159075E-004)
 (9.346054794783636E-004,2.475383294812069E-004)
 (0.000000000000000E+000,0.000000000000000E+000)
 (0.000000000000000E+000,0.000000000000000E+000)
 (-1.869518155308684E-007,-3.556820091818770E-007)
 (7.456834905491358E-002,-7.847229349517654E-002)
 (6.890688747515580E-002,6.547925578373867E-002)
 (4.105465882223003E-004,3.900546415375466E-004)
 (-4.044306026130224E-004,-1.585533651381302E-002)
 (4.044243580987216E-004,1.585535017027744E-002)
 (1.314764863272579E-003,-1.383484347139258E-003)
 (-4.103874364527358E-004,-1.608994251843810E-002)
 (4.104255021001266E-004,1.608994446709463E-002)
 (2.076969781800300E-008,2.032603799008635E-009)
 (-2.266413954841061E-008,3.915029349041112E-009)
 (9.566290613674700E-009,7.383891091447629E-009)
 (-2.099246204621716E-003,2.209130367683202E-003)
 (-2.673343688348781E-003,-2.540345993405359E-003)
 (7.818686482166573E-004,-8.227778853950884E-004)
 (9.038002714995456E-004,8.588348856525725E-004)
 (-1.182360419073218E-004,1.244662510506084E-004)
 (-8.057530302780456E-004,8.479326831670765E-004)
 (1.777434809846512E-003,1.689019027639001E-003)
 (3.415390261762748E-005,1.338221559151526E-003)
 (1.139642584445424E-003,-1.199298331724155E-003)
 (2.227560747536008E-004,2.116577638311251E-004)
 (2.162934077832256E-005,8.475469017904878E-004)
 (-1.044993966409072E-005,-4.101391882379962E-004)
 (-7.625580266505621E-009,1.327473155782894E-008)
 (-1.545366733565111E-004,3.940963118855396E-006)
 (1.545409483947975E-004,-3.937154340940108E-006)
 (6.924844599801294E-004,6.580365387289949E-004)
 (-3.016847058008359E-004,7.700476514036621E-006)
 (-6.301569451515658E-004,6.631435853420270E-004)
 (-2.865715477684794E-010,-4.737507549558545E-010)
 (-9.200688730555738E-004,-8.743049481874102E-004)
 (-3.434590146687151E-005,-1.346628325513778E-003)
 (4.587588507538459E-004,-4.827683587972079E-004)
 (-5.796620996520610E-004,6.100142139586168E-004)
 (-2.982686794722224E-005,-1.169578814942133E-003)
 (1.870573291684280E-005,7.330774981616411E-004)
 (-3.474925325522706E-005,-3.302686784592018E-005)
 (2.598811206601460E-005,1.018632679096639E-003)
 (-2.551745503726201E-004,6.509464248135598E-006)
 (6.606280312464757E-004,6.277621388059022E-004)
 (4.868852232967663E-004,-5.123702701381055E-004)
 (0.000000000000000E+000,0.000000000000000E+000)
 (0.000000000000000E+000,0.000000000000000E+000)
 AAAAAA           6
 (8.614589127674527E-002,-1.357072663144729E-002)
 (-3.647110123051530E-003,5.011044176427660E-003)
 (-1.034833812684112E-002,-7.531703633986803E-003)
 (-6.318634171778318E-003,-4.598796137131292E-003)
 (-2.052680058817225E-003,-1.303032518573571E-002)
 (-1.599675245593159E-003,-1.015466912207046E-002)
 (-1.000084223698582E-002,1.575456528675010E-003)
 (-1.602308206849054E-003,-1.017139971371795E-002)
 (-7.723027621311193E-004,1.061114729192434E-003)
 (-1.551944189418608E-003,-9.851691243993866E-003)
 (-7.926447138195366E-003,1.248654651023217E-003)
 (-9.487105767875139E-003,-6.904864070745911E-003)
 (2.725962398779183E-004,-3.745467651796093E-004)
 (-5.376583102937784E-004,7.387260734881987E-004)
 (2.370999008391832E-004,-3.257647090466921E-004)
 (-7.526094762804992E-003,1.185598892093939E-003)
 (-7.765029127322245E-003,-5.651506532394171E-003)
 (-7.247765818242664E-003,-5.275042639639128E-003)
 (-6.465492380708299E-004,-4.104265188510985E-003)
 (3.165394236339951E-004,-4.349167586093314E-004)
 (-7.621037638439495E-004,-4.837805878667802E-003)
 (-3.592014329309595E-003,5.658529481958033E-004)
 (-2.997974958663455E-003,-2.181972746743930E-003)
 (-2.910590559952794E-004,3.999101767092812E-004)
 (-1.571377432294463E-003,2.475402830917469E-004)
 (-1.571381729894853E-003,2.475415178517868E-004)
 (-4.232982986815770E-004,-2.687074673832238E-003)
 (-2.781896452267174E-003,-2.024706265510804E-003)
 (-2.857010717348589E-003,4.500663887969840E-004)
 (8.924104287118251E-005,-1.226200687500165E-004)
 (-2.653548124852677E-003,-1.931291726065984E-003)
 (-3.796708918647148E-004,-2.410145105510136E-003)
 (-3.316551138501752E-004,-2.105331406776163E-003)
 (-7.475718701831377E-005,1.027121232966908E-004)
 (-2.952006170882388E-004,-1.873927889352723E-003)
 (-1.228762948996895E-003,-8.943126751303114E-004)
 (-1.698158759049707E-003,2.675139788306733E-004)
 (-1.731415519451532E-003,-1.260150533468171E-003)
 (-1.636681674330742E-003,-1.191201658498269E-003)
 (-1.130310631941750E-003,1.780604212178077E-004)
 (-1.373781548703592E-004,-8.720613434615485E-004)
 (-9.581264217118062E-004,1.509322807652286E-004)
 (-1.157605845558216E-003,1.823587023398051E-004)
 (0.000000000000000E+000,0.000000000000000E+000)
 (-6.168943314550190E-002,7.501585644927172E-003)
 (-2.613705591215462E-002,3.337361770795408E-002)
 (-1.378444277231715E-002,-1.079543822362734E-002)
 (-6.641342896772810E-003,-5.201255897124234E-003)
 (1.229385210526834E-003,1.010988582637051E-002)
 (1.399562859850414E-003,1.150960393788276E-002)
 (-1.736402879054671E-002,2.111491962916048E-003)
 (2.645344946318899E-004,2.175332219760503E-003)
 (-6.597164194111714E-003,8.423748773994041E-003)
 (5.572768065005638E-004,4.582909492810389E-003)
 (-6.251080918619493E-003,7.601526605783317E-004)
 (-4.225553606259492E-003,-3.309304485121230E-003)
 (-5.001511635799046E-003,6.386278934993898E-003)
 (-5.840727012796688E-003,7.457854662184378E-003)
 (-4.689821664525067E-003,5.988291895932083E-003)
 (-7.166564653580894E-003,8.714752354015694E-004)
 (-2.694040937553957E-004,-2.109587307103199E-004)
 (-2.085320710603854E-004,-1.633191712033559E-004)
 (5.681632939660488E-004,4.672291261920048E-003)
 (-3.717486066583880E-003,4.746752610786586E-003)
 (4.959541214321777E-004,4.078517084398926E-003)
 (-3.503933455099313E-003,4.260892775130647E-004)
 (-7.140393540245458E-004,-5.592009340413707E-004)
 (-1.806069879181836E-003,2.306105973185264E-003)
 (-2.322215216504357E-003,2.823790578697998E-004)
 (-2.322202316996883E-003,2.823825919865325E-004)
 (1.423493262649368E-004,1.170633216470913E-003)
 (-9.586740276728596E-004,-7.508045430469502E-004)
 (-2.626281008877836E-003,3.193566685115746E-004)
 (-2.078252446591386E-003,2.653666646051055E-003)
 (6.780946535454616E-004,5.310651873961076E-004)
 (1.945000554533540E-004,1.599433695145519E-003)
 (5.178578994767481E-005,4.258138295653112E-004)
 (-9.790242958147115E-004,1.250105462809031E-003)
 (9.858862982234108E-005,8.107838144087426E-004)
 (2.381891882156593E-004,1.865459591341229E-004)
 (4.106025463878458E-004,-4.992985106592062E-005)
 (9.728537676697987E-004,7.619079463855350E-004)
 (-3.531144724007151E-004,-2.765509914424657E-004)
 (-3.048740110635365E-004,3.707159855626266E-005)
 (1.137821237333988E-004,9.356572244125466E-004)
 (-1.574380456829701E-003,1.914507518490858E-004)
 (-1.190312124917693E-003,1.447438258358673E-004)
 (0.000000000000000E+000,0.000000000000000E+000)
 (-5.024949041144361E-002,-9.784519311866478E-002)
 (-0.145856476810465,-4.687603083277615E-002)
 (1.219884388366226E-002,-3.795708726599311E-002)
 (3.682588201189678E-003,-1.145840634910155E-002)
 (-8.160648902441638E-003,4.191002953465035E-003)
 (1.205596558310479E-002,-6.191532410162553E-003)
 (6.873686981980565E-004,1.338518643038499E-003)
 (-9.605779651848809E-003,4.933174066232472E-003)
 (-8.141011807367828E-004,-2.616303674266195E-004)
 (1.000885803781641E-002,-5.140181082818527E-003)
 (-3.582336377198815E-004,-6.976003046425086E-004)
 (-1.263791003034734E-003,3.932375466701315E-003)
 (4.135394530343882E-003,1.329067136149636E-003)
 (2.260127744834417E-003,7.263583496052931E-004)
 (4.753106552526221E-003,1.527599225062003E-003)
 (-8.213149572923560E-004,-1.599205583309926E-003)
 (8.628949582771121E-004,-2.684924583271491E-003)
 (1.541157652374539E-003,-4.795363711298585E-003)
 (2.873231133979169E-003,-1.475590417200759E-003)
 (3.470148379121415E-003,1.115249825301744E-003)
 (3.121886606619833E-003,-1.603287488184945E-003)
 (7.486852976609096E-004,1.457825593877893E-003)
 (4.141008697096968E-004,-1.288489958377366E-003)
 (2.704859340367223E-004,8.693117920444279E-005)
 (2.075125602428117E-004,4.040796152067817E-004)
 (2.075141764442639E-004,4.040684904173671E-004)
 (2.107755302604162E-003,-1.082467511804151E-003)
 (8.206388578757739E-004,-2.553441142225754E-003)
 (-8.050807357069577E-005,-1.567734884866785E-004)
 (1.442489293284694E-003,4.635901968440327E-004)
 (-5.039755747665778E-004,1.568152753914377E-003)
 (1.774879807637676E-003,-9.115127040643697E-004)
 (-1.443037617082047E-003,7.410987445303250E-004)
 (-1.117617239589383E-003,-3.591945688926751E-004)
 (-1.198053297218747E-003,6.152764234606383E-004)
 (2.512362117542190E-004,-7.817360248169834E-004)
 (4.921323494118493E-004,9.582808532439672E-004)
 (1.584389662686765E-004,-4.929938845607147E-004)
 (-1.809132693522002E-004,5.629040000423812E-004)
 (1.677559693528788E-004,3.266664479626545E-004)
 (1.121035398411062E-003,-5.757281587921309E-004)
 (-5.425267797525366E-007,-1.070134967543766E-006)
 (1.285495152059761E-004,2.503173596098708E-004)
 (0.000000000000000E+000,0.000000000000000E+000)
 (-0.222631603192835,-5.406234443302437E-002)
 (3.396202567476321E-007,-4.914510399679614E-007)
 (7.399367787677497E-003,1.214561082931146E-002)
 (-9.462798770121924E-008,-7.623501102924602E-008)
 (-6.077355449787370E-004,2.502503132824202E-003)
 (-2.135289083500053E-003,8.793044932110692E-003)
 (5.302170616679493E-003,1.287530219989974E-003)
 (2.281065679870448E-004,-9.393450343147516E-004)
 (-9.254660188251315E-003,5.638202294872951E-003)
 (-1.734045789711601E-003,7.140918120859891E-003)
 (-4.314295101479640E-003,-1.047660774401962E-003)
 (7.902058646892461E-009,3.617147032162161E-009)
 (8.788618834871980E-004,-5.354301270151404E-004)
 (1.311670000827446E-003,-7.991098932899441E-004)
 (-1.697692582460548E-003,1.034264544229109E-003)
 (-3.859700210574393E-003,-9.372636678218471E-004)
 (3.045835822768843E-003,4.999492877052681E-003)
 (-2.019759990210563E-003,-3.315280130623188E-003)
 (1.630625574717468E-004,-6.715494930066814E-004)
 (2.988091579744284E-008,-3.359329261672574E-008)
 (1.389013352142440E-009,-6.251706066337669E-009)
 (7.504063952577302E-004,1.822173029023810E-004)
 (2.542446828832757E-004,4.173347059925127E-004)
 (1.910258740699393E-003,-1.163780602279813E-003)
 (3.355570941220767E-004,8.148072329913438E-005)
 (-3.355534514403913E-004,-8.148146583031309E-005)
 (5.971436951498887E-004,-2.459050165239656E-003)
 (-2.864898886794982E-004,-4.702470361010676E-004)
 (2.773337445289818E-003,6.734635369849821E-004)
 (8.486682190992025E-006,-5.171510262305152E-006)
 (-6.731559818327448E-009,-1.191833216813782E-009)
 (-6.366684327774336E-004,2.621780764798141E-003)
 (-4.138748526865563E-005,1.704199738131059E-004)
 (-6.025029463543392E-004,3.670590853876970E-004)
 (7.456257374574211E-005,-3.070658462608889E-004)
 (-1.792754280593872E-009,-3.567085614562148E-009)
 (-3.019314953491896E-004,-7.331650871168126E-005)
 (4.071183582649412E-004,6.682564127131683E-004)
 (-3.609777328746593E-004,-5.925182016448983E-004)
 (2.921931938431895E-004,7.095671508848685E-005)
 (-3.716556693586217E-005,1.530497004906478E-004)
 (3.229552291080315E-004,7.842822829608042E-005)
 (-6.209906173603555E-009,-1.576773201194815E-009)
 (0.000000000000000E+000,0.000000000000000E+000)
 AAAAAA           7
 (9.103174923852364E-002,1.830121373959860E-002)
 (-1.067565629877415E-002,7.101675757665610E-003)
 (-8.943306869594367E-003,-1.344411696574767E-002)
 (-3.883059387861548E-003,-5.837240176799860E-003)
 (2.150340090414351E-003,-1.069598358807789E-002)
 (1.710469659911011E-003,-8.508063345365966E-003)
 (2.129058073132062E-003,-1.059012360942060E-002)
 (-1.781097717025776E-003,1.184820302946018E-003)
 (-8.794302118062140E-003,-1.768026605562037E-003)
 (2.155526002912928E-003,-1.072178173904008E-002)
 (-7.984780679021759E-003,-1.605279356204456E-003)
 (-6.997709628206144E-003,-1.051937087057394E-002)
 (-9.287090775803973E-003,-1.867097545079501E-003)
 (4.949852446003927E-004,-3.292794181280102E-004)
 (-1.563372138911700E-003,1.039984225225140E-003)
 (-5.370146579427278E-003,-8.072730933001919E-003)
 (3.811006943636512E-005,-2.535351501192848E-005)
 (-4.956701547884270E-003,-7.451212690940929E-003)
 (8.471051419278296E-004,-4.213588879272894E-003)
 (2.838761266046199E-004,-1.888423651684151E-004)
 (9.117522819271105E-004,-4.535129418290563E-003)
 (-3.922352367734462E-003,-7.885603225904101E-004)
 (-2.224598032325078E-003,-3.344149190144384E-003)
 (-7.380585427747214E-004,4.909676784259737E-004)
 (-1.915567129174966E-003,-3.851086589722858E-004)
 (-2.322714103131823E-003,-3.491645126829041E-003)
 (-1.796229694654788E-003,-3.611164703527879E-004)
 (5.967016757337359E-004,-2.968047313852854E-003)
 (2.058419887048246E-005,-1.369449591025583E-005)
 (-3.172964656043063E-003,-6.378981836714272E-004)
 (-9.300591872790367E-004,-1.398127545493464E-003)
 (-1.406752572038780E-003,-2.114714647523836E-003)
 (3.730831968255699E-004,-1.855756086405670E-003)
 (3.132263626506825E-004,-1.558022191426468E-003)
 (-2.169170421943460E-004,1.443007904428814E-004)
 (2.904841544566600E-004,-1.444898174886761E-003)
 (-1.204445462511501E-003,-2.421440549258284E-004)
 (-1.061474269699272E-003,-1.595672078319980E-003)
 (1.771442823164638E-004,-8.811252076480037E-004)
 (-1.121382913029466E-003,-2.254456930442360E-004)
 (1.357340509603273E-004,-6.751498379325713E-004)
 (-9.390044029078466E-005,6.246491006467690E-005)
 (-1.055025693320577E-003,-2.121073517977112E-004)
 (-3.743009153513588E-004,-5.626745673329486E-004)
 (-3.028384619216138E-002,-1.433970189209532E-002)
 (-2.519626353525548E-002,9.002723839259022E-003)
 (-5.395097535078012E-003,-1.509947688472779E-002)
 (-2.272231545019137E-003,-6.359383658422050E-003)
 (-4.447455035766537E-003,9.392541123264257E-003)
 (-5.363595315407322E-003,1.132732982009914E-002)
 (-1.739647526445954E-003,3.673943395823702E-003)
 (-1.013385816129313E-002,3.620856284839260E-003)
 (-1.420177258904973E-002,-6.724692156805100E-003)
 (-2.755867955088221E-003,5.820087574037980E-003)
 (-5.434783179770657E-003,-2.573434951165035E-003)
 (-1.380771380549627E-003,-3.864460305619869E-003)
 (-6.382342179877465E-003,-3.022078505682472E-003)
 (-8.803348640726402E-003,3.145487689134944E-003)
 (-9.792231077375289E-003,3.498778302604936E-003)
 (4.529732084428445E-004,1.267808853059927E-003)
 (-6.696887927091760E-003,2.392842072274659E-003)
 (-4.181445176943109E-005,-1.169931818015922E-004)
 (-2.571005005149975E-003,5.429651667105511E-003)
 (-7.597861231608696E-003,2.714750674390639E-003)
 (-1.997331807430759E-003,4.218112544569663E-003)
 (-3.121037373210725E-003,-1.477842069216325E-003)
 (-2.343393020811475E-004,-6.558754524354411E-004)
 (-3.482299599832425E-003,1.244226223721173E-003)
 (-3.250007195300139E-003,-1.538921631999484E-003)
 (-2.717441974910944E-004,-7.605783164746793E-004)
 (-2.763660931896038E-003,-1.308620789648742E-003)
 (-9.466381014999817E-004,1.999215813398542E-003)
 (-3.667009476646026E-003,1.310238594315319E-003)
 (-2.527808252901428E-003,-1.196948024055031E-003)
 (4.717453801374486E-006,1.318851479739314E-005)
 (2.018445335464146E-004,5.649109170847108E-004)
 (-5.579668530144176E-004,1.178372123265853E-003)
 (-2.016004053987934E-004,4.257546739240604E-004)
 (-1.263252349176529E-003,4.513677002533300E-004)
 (-4.218469833294456E-004,8.909027445886969E-004)
 (-3.415905390790640E-005,-1.617827007168434E-005)
 (3.655320634447077E-004,1.023001267988987E-003)
 (-4.706523633802075E-004,9.939653562580006E-004)
 (-1.429539742325784E-003,-6.769003696433039E-004)
 (-3.178279058113076E-004,6.712182213417360E-004)
 (-1.142058112827438E-003,4.080646086393879E-004)
 (-3.019586436203169E-004,-1.429863329739486E-004)
 (-7.969735277628460E-005,-2.230445836233912E-004)
 (-0.173708607063601,-6.959948157384391E-002)
 (-0.111530642527343,4.772277798390627E-002)
 (-1.828903288413254E-002,-4.274234393275684E-002)
 (-5.833310243766779E-003,-1.363279386647777E-002)
 (-1.934479755997324E-003,4.828122077322732E-003)
 (4.900425964353715E-003,-1.223059245276391E-002)
 (-2.960969691543960E-003,7.390053501919389E-003)
 (-2.811477358768082E-003,1.202995293183683E-003)
 (2.263071234643287E-005,9.057847241228768E-006)
 (3.654983227898991E-003,-9.122208390669457E-003)
 (-4.336880485812631E-004,-1.737702692439489E-004)
 (1.096605732602429E-003,2.562816890938349E-003)
 (-2.937040068904514E-003,-1.176771670866425E-003)
 (4.550073354858136E-003,-1.946920491751991E-003)
 (3.186483678976986E-003,-1.363470516977485E-003)
 (-1.841127953454148E-003,-4.302795604840833E-003)
 (3.007021463600597E-003,-1.286666019888750E-003)
 (-5.493098885605984E-004,-1.283763563224977E-003)
 (1.611088833564626E-003,-4.020984470623241E-003)
 (3.788108043356675E-003,-1.620887492356179E-003)
 (1.071809610077460E-003,-2.675069074651544E-003)
 (1.529896046768626E-003,6.129824820621922E-004)
 (-7.366504168026378E-004,-1.721589998296215E-003)
 (6.840607455590703E-004,-2.927017291135063E-004)
 (1.617460524929332E-004,6.479880812823016E-005)
 (-1.150157355492145E-003,-2.687986803360369E-003)
 (1.934732228685911E-004,7.751237045187901E-005)
 (9.532460105834992E-004,-2.379133421321737E-003)
 (1.470478961827778E-003,-6.291988343422560E-004)
 (6.263489588974080E-004,2.509599218826133E-004)
 (-4.464776736280351E-004,-1.043432948115767E-003)
 (4.142594095035452E-004,9.681454571384913E-004)
 (3.702824238104711E-004,-9.241655968213009E-004)
 (-3.260996098190918E-004,8.138818135148652E-004)
 (-6.951147775522870E-004,2.974286700824794E-004)
 (-2.472568849042984E-004,6.171084508053616E-004)
 (7.158337257728703E-004,2.868118519843558E-004)
 (-1.223937888345555E-005,-2.860654619826323E-005)
 (4.927308316174282E-004,-1.229779491304362E-003)
 (-1.330428092926829E-004,-5.330504872416914E-005)
 (4.199970030554548E-004,-1.048245424750759E-003)
 (1.053261888815323E-003,-4.506802623097248E-004)
 (2.815272351584268E-004,1.127996034422220E-004)
 (-2.799497284185966E-004,-6.542504521754280E-004)
 (-0.212407908693909,-8.560331395532182E-002)
 (4.889552087351023E-002,-2.080512777613868E-002)
 (8.563013534753181E-003,2.012445741130950E-002)
 (2.092021417459570E-004,4.916570771844590E-004)
 (4.969027683283094E-003,-1.232965440224464E-002)
 (-1.961842859898155E-003,4.867926710357136E-003)
 (3.951167698521449E-003,-9.804054437142894E-003)
 (-9.559808292020817E-003,4.067713622931616E-003)
 (3.390024060092426E-003,1.366216866208044E-003)
 (-3.387995155110450E-003,8.406649484791587E-003)
 (-8.643328701393744E-004,-3.483294852534461E-004)
 (-9.436458798484371E-004,-2.217732699939644E-003)
 (-3.614846655020281E-003,-1.456844041138674E-003)
 (3.721561489262126E-003,-1.583534336892532E-003)
 (2.762840149691087E-003,-1.175585246834882E-003)
 (-5.815668557936674E-004,-1.366770073805744E-003)
 (-1.079260492139577E-003,4.592342635469570E-004)
 (1.551093554224583E-003,3.645336796759168E-003)
 (4.219581452587289E-004,-1.047020807852997E-003)
 (1.078439721341764E-003,-4.588779685444071E-004)
 (2.175867952954107E-004,-5.398907246784672E-004)
 (1.421922120800085E-003,5.730549080526879E-004)
 (2.034870900821258E-004,4.782152806379519E-004)
 (2.111899880595413E-003,-8.986209136786763E-004)
 (8.413595344391801E-004,3.390820117587098E-004)
 (5.541156512727918E-005,1.302394661089645E-004)
 (2.248279924950931E-004,9.061752216261411E-005)
 (6.390681862825309E-004,-1.585729117919148E-003)
 (1.539744883136123E-004,-6.552130653576068E-005)
 (2.097825080067211E-003,8.454472724893702E-004)
 (-2.724715121033369E-005,-6.404830839937777E-005)
 (-1.407365582676756E-004,-3.307564882722119E-004)
 (-7.574612943949439E-004,1.879493684461356E-003)
 (1.490776736001399E-004,-3.699097425541050E-004)
 (4.647424726688435E-005,-1.977375286065989E-005)
 (3.343626334364587E-004,-8.296513389226462E-004)
 (-1.457418936449383E-004,-5.873936976746239E-005)
 (4.053410449062488E-004,9.526134131507376E-004)
 (-1.394586689300004E-004,3.460481387912008E-004)
 (1.712983507055626E-004,6.903683568786371E-005)
 (2.331506640832429E-004,-5.785158494418025E-004)
 (2.488484738701129E-004,-1.058847595021449E-004)
 (3.803625895362458E-004,1.532865218366039E-004)
 (1.075372198387960E-004,2.527256415620783E-004)
 AAAAAA           8
 (8.401763744152586E-002,-3.571852177175482E-002)
 (-9.212884309733018E-003,2.283924674799976E-002)
 (-2.143209515344176E-002,-8.645276341967210E-003)
 (-2.492503712873859E-003,-5.862876736699535E-003)
 (-6.988288724594101E-003,-2.818939117833917E-003)
 (-1.771198258999928E-003,4.390937190597246E-003)
 (-3.766452390696805E-003,-8.859442132615919E-003)
 (-2.063697334820546E-003,-4.854274938482117E-003)
 (-4.140570340878646E-003,-9.739506903028515E-003)
 (-9.362144987237213E-003,3.980139699855230E-003)
 (-1.166601896607673E-002,4.959568998372111E-003)
 (-1.256595333550136E-002,-5.068846959919155E-003)
 (-8.234913188175864E-003,3.500912960881110E-003)
 (-3.132498802322140E-004,7.765933845227686E-004)
 (-1.674000752482988E-003,4.149900529573900E-003)
 (-9.187825840555762E-003,-3.706177034310744E-003)
 (-5.376189081338804E-004,1.332784160717486E-003)
 (-1.340962402924845E-003,-3.154242815564785E-003)
 (-7.498582588802954E-003,-3.024783772908166E-003)
 (-4.732691620507976E-004,1.173271458693575E-003)
 (-1.369855577963625E-003,-3.222160429125118E-003)
 (-4.754102398536655E-003,-1.917702624975094E-003)
 (-3.005136930763926E-003,1.277569338600259E-003)
 (-7.781502126745359E-004,1.929090702383909E-003)
 (-4.141121266017158E-003,-1.670449422954527E-003)
 (-4.410015234652889E-003,1.874830774862220E-003)
 (-2.488604767854101E-003,1.057983946345639E-003)
 (-1.112372678830473E-003,-2.616545620332024E-003)
 (-2.630174613914154E-004,6.520248054294698E-004)
 (-3.630186875096750E-003,1.543309637370460E-003)
 (-1.850127873745410E-003,-7.463037791787382E-004)
 (-1.721935495558302E-003,-6.945976551488225E-004)
 (-1.122379147767398E-004,2.782574280499395E-004)
 (-2.489942074083656E-004,-5.856737362440542E-004)
 (-8.674286349403391E-004,-3.499022241279347E-004)
 (-2.075805342697040E-004,5.145962940945024E-004)
 (-4.953246432014819E-004,-1.165114412687055E-003)
 (-3.635008575645290E-004,-8.550365610834463E-004)
 (-4.166292677735739E-004,-9.799982863710915E-004)
 (-3.120112349652393E-004,-7.339163880778063E-004)
 (-1.420427679142862E-003,6.038672543347496E-004)
 (-1.414433794346110E-003,-5.705581693559535E-004)
 (-8.482355152731571E-004,3.606127751947447E-004)
 (0.000000000000000E+000,0.000000000000000E+000)
 (1.074575333731924E-002,-6.808855065186435E-003)
 (-1.846361198458864E-003,8.232984013058331E-003)
 (-5.077525853503201E-003,-1.138717411964770E-003)
 (6.880004372604213E-003,1.085805445415804E-002)
 (-2.210780695288258E-003,-4.958011004783612E-004)
 (-1.955593329544601E-003,8.719982195316882E-003)
 (4.721717966568752E-003,7.451816051591833E-003)
 (8.114903867879313E-003,1.280694398140290E-002)
 (5.704309643192549E-003,9.002551103601118E-003)
 (-1.033472362675422E-002,6.548410727902270E-003)
 (-3.542635228674027E-003,2.244730186810087E-003)
 (-3.198304767899086E-004,-7.170864055147597E-005)
 (-4.190877863418009E-003,2.655476346361793E-003)
 (-2.443887934435594E-003,1.089740676007649E-002)
 (-2.364635476552983E-003,1.054395667186894E-002)
 (4.330566246514261E-003,9.711906638647720E-004)
 (-2.285575308251847E-003,1.019145970661514E-002)
 (4.478994524158095E-003,7.068775808195008E-003)
 (1.244920989704072E-003,2.791906488680115E-004)
 (-1.405898070223118E-003,6.268901984168543E-003)
 (3.066727686252108E-003,4.839924129901814E-003)
 (7.969430797500399E-004,1.787271889085418E-004)
 (-3.746979175051682E-003,2.374209069740503E-003)
 (-9.870886674008296E-004,4.401415401334067E-003)
 (5.707620438971935E-004,1.279878991540760E-004)
 (-2.413309182058055E-003,1.529138457608496E-003)
 (-2.715995772970295E-003,1.720939039234037E-003)
 (2.139632653097576E-003,3.376780046388433E-003)
 (-9.357688845441036E-004,4.172619781002455E-003)
 (-2.005208737829354E-003,1.270564724735103E-003)
 (2.795995559812766E-004,6.270028778721092E-005)
 (6.344601822316892E-004,1.422821659175973E-004)
 (-4.093299527726677E-004,1.825208949332594E-003)
 (8.638624450416418E-004,1.363343586673059E-003)
 (-2.869419077236072E-004,-6.434998099991387E-005)
 (-2.235246253915967E-004,9.966710516608780E-004)
 (6.415038841322879E-004,1.012426761692869E-003)
 (6.606147735626020E-004,1.042588514362066E-003)
 (3.549289384686715E-004,5.601436547730665E-004)
 (7.729050021127799E-004,1.219810065792578E-003)
 (-9.762717926756114E-004,6.186013461882667E-004)
 (9.783448068191487E-004,2.194072377945158E-004)
 (-1.766636637642906E-004,1.119406868114868E-004)
 (0.000000000000000E+000,0.000000000000000E+000)
 (0.247753824921935,-0.105887040069123)
 (2.588187672508040E-002,-6.451751109223125E-002)
 (3.915851487532843E-002,1.570885403535983E-002)
 (-1.463406127739674E-004,-3.424177387524100E-004)
 (1.259072707794349E-002,5.050896194258392E-003)
 (3.209323012319218E-003,-8.000109664891552E-003)
 (-9.781546068630760E-004,-2.288682085088937E-003)
 (2.655120620327850E-003,6.212415347129878E-003)
 (1.223160246407631E-003,2.861946026227329E-003)
 (2.781439222857511E-003,-1.188761336429941E-003)
 (4.387159477725904E-003,-1.875024290180620E-003)
 (-1.012525330326197E-003,-4.061866030758723E-004)
 (2.204744238404500E-004,-9.422196565599693E-005)
 (-1.194499569858284E-003,2.977615917677415E-003)
 (-8.685821961230785E-004,2.165170516580932E-003)
 (1.764598255901536E-003,7.078879679006577E-004)
 (-6.718466013225048E-004,1.674752686770724E-003)
 (9.473785170546832E-004,2.216664295531378E-003)
 (-6.118318536853158E-004,-2.454420747684866E-004)
 (4.373013999780497E-006,-1.090546666158913E-005)
 (2.655043813748611E-004,6.212251519785415E-004)
 (2.110195305535612E-003,8.465266159188132E-004)
 (7.833007073530531E-004,-3.347745656585776E-004)
 (-3.684959298286589E-004,9.185769634363040E-004)
 (1.291959472836811E-003,5.182845066473220E-004)
 (-1.509769713098228E-003,6.452597313737325E-004)
 (5.378475179356229E-004,-2.298689289297580E-004)
 (6.646670644951494E-004,1.555185587478896E-003)
 (-1.366992846129706E-004,3.407622162877823E-004)
 (-1.037124537115585E-003,4.432566485547162E-004)
 (1.125340784855458E-003,4.514436949965511E-004)
 (-6.971391576984407E-004,-2.796642148015364E-004)
 (-4.789070027571641E-004,1.193805364901968E-003)
 (5.108914108264874E-004,1.195378595397411E-003)
 (8.453850718854175E-004,3.391345355872182E-004)
 (2.033141848709005E-004,-5.068128265939072E-004)
 (-1.380377969606044E-004,-3.229802844406178E-004)
 (-1.631912649941973E-004,-3.818353370668287E-004)
 (-1.831025968500719E-004,-4.284209527256638E-004)
 (2.362599452446115E-004,5.527997585137700E-004)
 (3.699127905248792E-004,-1.580960468465912E-004)
 (-7.432113734566568E-004,-2.981466224309918E-004)
 (-3.329708234870731E-004,1.423079533953317E-004)
 (0.000000000000000E+000,0.000000000000000E+000)
 (7.907224183195705E-002,-2.855193184786084E-002)
 (-4.079603316314009E-002,8.690824618726652E-002)
 (-3.900694550618251E-002,-1.831043423752390E-002)
 (5.276095321226471E-003,1.461174441834881E-002)
 (-6.590663913563333E-003,-3.093759478160733E-003)
 (4.032555253687465E-003,-8.590581458631013E-003)
 (4.982043668446979E-003,1.379738825869027E-002)
 (-3.453115230253818E-003,-9.563117720664165E-003)
 (-3.962676284973357E-003,-1.097431560259318E-002)
 (-1.486520621198225E-003,5.367624574003006E-004)
 (2.245360541558248E-003,-8.107711912446258E-004)
 (3.707306842689775E-003,1.740262641952993E-003)
 (-3.919297738640185E-005,1.415228423669572E-005)
 (-5.682679524603044E-004,1.210584350017758E-003)
 (2.796432796466753E-005,-5.957645718813756E-005)
 (-1.191171398146702E-003,-5.591580787972516E-004)
 (6.047714826756908E-004,-1.288357648103472E-003)
 (-6.196906810153633E-004,-1.716177902854714E-003)
 (-2.302359233436546E-003,-1.080753391465948E-003)
 (8.979682276459733E-004,-1.912954351226694E-003)
 (-1.947400571495455E-004,-5.393015600124828E-004)
 (-1.322675325678069E-003,-6.208812418516776E-004)
 (-6.947776333538403E-004,2.508760561775176E-004)
 (-7.529754122657680E-004,1.604084477225019E-003)
 (-1.188211775078943E-003,-5.577645460704156E-004)
 (-5.322543525421741E-004,1.921936208315633E-004)
 (-4.432432745060217E-005,1.600343663842607E-005)
 (9.139582358084065E-005,2.531138350427501E-004)
 (4.165863313032428E-004,-8.874594309921350E-004)
 (-7.209706974283798E-004,2.603344688636416E-004)
 (-4.436519511080582E-004,-2.082587461232757E-004)
 (4.722712935625572E-004,2.216890231718817E-004)
 (2.083303945657590E-004,-4.438028569464697E-004)
 (-1.285009329234857E-004,-3.558722391458607E-004)
 (-4.394917223692870E-004,-2.063034518373512E-004)
 (-1.340736467033724E-005,2.855942625905260E-005)
 (-5.274340128538773E-004,-1.460689714593928E-003)
 (2.241686309598361E-004,6.208166614013877E-004)
 (1.203253733884594E-004,3.332306128602767E-004)
 (-3.672489752247811E-004,-1.017063347285753E-003)
 (-1.890038942533026E-005,6.825192375648419E-006)
 (-7.120311205276934E-004,-3.342388062053581E-004)
 (3.870655998103108E-004,-1.397633117093690E-004)
 (0.000000000000000E+000,0.000000000000000E+000)
 AAAAAA           9
 (2.440469590074807E-002,5.682051002134533E-002)
 (-2.398660730933153E-002,-9.572725226543802E-003)
 (6.917308754729481E-003,-1.733286651153925E-002)
 (8.617314277135574E-003,-3.701176888884135E-003)
 (2.834158701057661E-003,-7.101624588384017E-003)
 (8.004351760263224E-003,-3.437909340186669E-003)
 (-4.637918320954788E-003,-1.850936558684926E-003)
 (5.376343593281016E-003,-2.309152909997972E-003)
 (-4.134437375067942E-003,-9.626048220683690E-003)
 (8.646404624932076E-003,-3.713665471028663E-003)
 (4.991251052229615E-003,-1.250668563234990E-002)
 (-3.216656670885683E-003,-7.489248226786639E-003)
 (-4.215970783912722E-003,-9.815883722263254E-003)
 (-5.961380157932873E-004,-2.379046570895854E-004)
 (-2.601342072942449E-003,-1.038158926005005E-003)
 (3.625046421530585E-003,-1.556977652671473E-003)
 (3.486847085560721E-003,-8.737071873373145E-003)
 (-6.020899020970882E-004,-2.402861337224685E-004)
 (-8.753959413570240E-004,-3.493532872085137E-004)
 (3.087219419382189E-003,-7.735748444336565E-003)
 (1.840601213536090E-003,-4.612037097918548E-003)
 (3.529580753797368E-003,-1.515976191743867E-003)
 (-1.800599962628724E-003,-4.192270043487666E-003)
 (-1.106962033519010E-003,-2.577299798197625E-003)
 (-1.106963608125916E-003,-2.577301106546882E-003)
 (-7.366822305827225E-004,-2.939965060927576E-004)
 (1.638418585662398E-003,-4.105432559040233E-003)
 (-1.067155919568962E-003,-4.258873606740286E-004)
 (7.338520770542290E-004,-1.838826420627841E-003)
 (2.182007014302881E-003,-9.371796521941045E-004)
 (-1.150990965688239E-003,-2.679812367146641E-003)
 (1.682031226766264E-003,-7.224389503375135E-004)
 (8.419085214067938E-004,-3.616018710778137E-004)
 (-6.634086499784167E-004,-1.544591589151282E-003)
 (1.085898637710566E-003,-4.664007844321776E-004)
 (6.774362606119664E-004,-1.697466324320719E-003)
 (-5.981139589517970E-004,-2.387018333419927E-004)
 (6.125046352168111E-004,-1.534759919569203E-003)
 (-4.205976408683923E-004,-9.792610234400951E-004)
 (8.011342476416392E-004,-3.440904697208375E-004)
 (5.755628784585285E-004,-2.472064853466159E-004)
 (3.201797399140635E-004,-8.022816689743505E-004)
 (-3.809384934283575E-004,-8.869233921485028E-004)
 (-2.416470687162101E-004,-9.643797180928789E-005)
 (-2.784069301394981E-002,-5.116011212020641E-002)
 (-1.022042998299352E-002,-3.016848357375847E-003)
 (1.883711858322275E-003,-6.381552443169087E-003)
 (-9.443039721125337E-003,5.138802057342314E-003)
 (1.454538033534299E-003,-4.927651917335699E-003)
 (-5.091590846330071E-003,2.770778846621118E-003)
 (-1.161367811839265E-002,-3.428119955042510E-003)
 (-1.101263668496558E-002,5.992948829986475E-003)
 (-6.533123120897143E-003,-1.200527749924476E-002)
 (-7.435470591650347E-003,4.046298834666007E-003)
 (3.895412398536319E-004,-1.319663941623540E-003)
 (-2.185677063887674E-003,-4.016396188856540E-003)
 (-2.495466897155738E-003,-4.585678561963377E-003)
 (-8.197419697481457E-003,-2.419706692115682E-003)
 (-7.867391190031535E-003,-2.322282312492398E-003)
 (-6.848902634900263E-003,3.727093343739836E-003)
 (-6.986933952121957E-004,2.367019711756699E-003)
 (-7.483880232897666E-003,-2.209083907356334E-003)
 (-9.350947954986182E-003,-2.760201881349749E-003)
 (-6.164683585352445E-004,2.088457385038435E-003)
 (4.832682721822456E-005,-1.637179696572190E-004)
 (-4.600852738992673E-003,2.503731475251787E-003)
 (-1.183797982450860E-003,-2.175340216217137E-003)
 (-1.865759925797684E-003,-3.428519056461236E-003)
 (-1.865758025431373E-003,-3.428518113553074E-003)
 (-4.820264956421566E-003,-1.422842991766313E-003)
 (-5.444210473112523E-005,1.844287900540981E-004)
 (-2.438098757732201E-003,-7.196772456877342E-004)
 (2.992402713887213E-005,-1.013724236099628E-004)
 (-1.771486154526429E-003,9.640229054406549E-004)
 (-7.112872998323652E-004,-1.307065582032334E-003)
 (-1.861488315100817E-003,1.012999161897256E-003)
 (-1.412773296222661E-003,7.688167055786305E-004)
 (-8.491534119521789E-004,-1.560403328762577E-003)
 (-7.412189065763710E-004,4.033626598150727E-004)
 (-1.861431013271922E-004,6.306105443704493E-004)
 (-1.263622441949347E-003,-3.729952452736127E-004)
 (-4.217019751772245E-004,1.428630590442341E-003)
 (-2.859289044417969E-005,-5.254400839197715E-005)
 (-8.871978931721643E-004,4.828037943036596E-004)
 (-7.869772101402358E-004,4.282628379539371E-004)
 (6.431956786197792E-005,-2.178972017325383E-004)
 (-9.383909307505508E-005,-1.724402051731110E-004)
 (-1.056454285415504E-003,-3.118442239889821E-004)
 (1.752787258087600E-002,0.104094168018033)
 (8.809634866823654E-002,6.270396648540201E-002)
 (-1.911809325029992E-002,2.686011856397751E-002)
 (6.531298332104942E-003,-1.099750251866805E-003)
 (-9.270558552707753E-003,1.302473298027210E-002)
 (8.921785581840815E-003,-1.502285071030317E-003)
 (-6.376560636484173E-004,-4.538728437906227E-004)
 (-1.186834800642337E-002,1.998445879708099E-003)
 (1.536121459805526E-004,9.122800735214861E-004)
 (-8.077540225178217E-003,1.360129875713646E-003)
 (2.056155550825760E-003,-2.888805954294481E-003)
 (-7.014558655037456E-006,-4.163381299720030E-005)
 (2.254840159397441E-004,1.339095319368889E-003)
 (-2.731938722789566E-003,-1.944495225539928E-003)
 (-2.023521510562570E-003,-1.440266685354867E-003)
 (-4.877392625268576E-003,8.212785145444792E-004)
 (-7.313896301857357E-004,1.027572540814627E-003)
 (-2.988423686561592E-003,-2.127057456804868E-003)
 (-3.436444812500086E-003,-2.445941075380105E-003)
 (-1.746736487123250E-003,2.454093438966711E-003)
 (-1.576220902553842E-003,2.214522313372334E-003)
 (-1.950551657711097E-003,3.284470808374516E-004)
 (-2.892632153307644E-004,-1.717855675053350E-003)
 (3.420122518091362E-005,2.031230116565661E-004)
 (3.419954575844796E-005,2.031235436648271E-004)
 (-1.288526431816967E-003,-9.171266578646737E-004)
 (-1.416663480772559E-003,1.990353862499072E-003)
 (-1.839219429194487E-004,-1.309110601436642E-004)
 (-8.260208484518615E-004,1.160524818387076E-003)
 (-1.462524001968366E-003,2.462663212913936E-004)
 (-4.146342716839217E-005,-2.462438190565933E-004)
 (-1.126899366076959E-003,1.897524598628744E-004)
 (-1.694705149555217E-003,2.853635780766311E-004)
 (4.907823447767251E-005,2.914707931776560E-004)
 (7.218166602639295E-004,-1.215422544838750E-004)
 (4.521854890596171E-004,-6.353013881905131E-004)
 (2.573928049720480E-004,1.832046574208654E-004)
 (5.031443652842421E-005,-7.068961680114536E-005)
 (-8.621262973292663E-005,-5.120078229133224E-004)
 (4.096605399070725E-004,-6.897939380191025E-005)
 (-9.719781225264534E-004,1.636662081827016E-004)
 (-5.185318049989559E-004,7.285165486463380E-004)
 (-1.334796890353379E-004,-7.927082718386830E-004)
 (-7.691392728206568E-004,-5.474488484092570E-004)
 (-0.165970410618483,-2.423877028605976E-002)
 (3.340786731478521E-007,2.087476117893646E-007)
 (2.733099196108032E-003,3.668066604779660E-003)
 (5.255206896543436E-005,-3.586624922995400E-004)
 (1.375421259583084E-008,-2.561980898061070E-008)
 (-1.980014608854153E-004,1.356736800929361E-003)
 (-1.192975265663475E-002,8.889378561129750E-003)
 (-3.778584128173007E-004,2.587539789982582E-003)
 (1.755463999209266E-003,2.564274704559562E-004)
 (-5.850869214091655E-004,4.005899692624455E-003)
 (1.782853292761188E-008,-1.439863443982763E-008)
 (-1.982056560028309E-003,-2.894294718818338E-004)
 (-4.163700838697051E-003,-6.080993669820697E-004)
 (7.517945124629332E-004,-5.600852148255468E-004)
 (2.223422911866626E-003,-1.656724779582152E-003)
 (1.644440368050437E-004,-1.125775536391972E-003)
 (2.079881723191678E-003,2.791251127876328E-003)
 (-1.818080004304435E-003,1.354753954765531E-003)
 (6.720939691647904E-008,2.889538284437016E-008)
 (-1.272102298486103E-003,-1.707211110181272E-003)
 (1.354922016377417E-004,1.818346499524955E-004)
 (3.353390604911966E-008,-1.219213884734515E-008)
 (5.072064000716237E-004,7.411042576049260E-005)
 (4.644847586184827E-004,6.785478605837764E-005)
 (-4.644757132227606E-004,-6.781590557733847E-005)
 (-5.946100009948506E-005,4.432879818935825E-005)
 (-1.631233032206293E-004,-2.189078514771381E-004)
 (1.922701312001336E-003,-1.432694935227854E-003)
 (-2.812613084006805E-009,-7.780556184115708E-009)
 (2.864403469962957E-004,-1.961481526483023E-003)
 (2.174244397906802E-003,3.175200571282793E-004)
 (-2.649934363522790E-004,1.814590023962402E-003)
 (-2.160858401522575E-005,1.479618258764569E-004)
 (1.624533306245049E-004,2.372433557498583E-005)
 (-7.494071739064237E-005,5.132754233403138E-004)
 (3.702679794955960E-009,-2.106924631296097E-009)
 (-5.342067123621767E-004,3.980781867287956E-004)
 (2.632895398454348E-004,3.533463670853310E-004)
 (-6.688597157779685E-005,-9.758773066915686E-006)
 (4.540001326657869E-005,-3.107937994243227E-004)
 (1.015567560116491E-004,-6.953405201265879E-004)
 (2.384159696450266E-004,3.199547112081916E-004)
 (-3.019346947026997E-004,-4.408485262244484E-005)
 (3.280338302631620E-004,-2.444213614816851E-004)
 AAAAAA          10
 (5.581874455740811E-002,-4.521069726206933E-002)
 (-7.371475873850526E-004,7.020457442792524E-003)
 (-1.335772256939828E-002,-1.402548389804848E-003)
 (-8.452095169746564E-003,-8.874765832598253E-004)
 (-6.480248223555106E-003,-8.000732143919158E-003)
 (-6.480243175541241E-003,-8.000740033671412E-003)
 (-8.144343313785239E-003,6.596561407766987E-003)
 (-5.815783351478289E-003,-7.180381726935022E-003)
 (-5.815786397564972E-003,-7.180382016132554E-003)
 (-2.327829483158874E-004,2.217129923833198E-003)
 (-1.831816476485025E-004,1.744578103195037E-003)
 (-5.898928419521133E-003,4.777875439391823E-003)
 (-1.065866555316915E-002,-1.119146881066670E-003)
 (-2.192437146330513E-005,2.088377718406605E-004)
 (-2.191806819513325E-005,2.088381494717766E-004)
 (-6.376667368848663E-003,5.164821158662283E-003)
 (-8.219203195320395E-003,-8.630096011237485E-004)
 (-8.219207887484118E-003,-8.630107877486744E-004)
 (-2.536711899731519E-003,-3.131921728989630E-003)
 (1.440180468311140E-005,-1.371573174161772E-004)
 (-2.326247511520306E-003,-2.872063886109604E-003)
 (-3.859096107018966E-003,-4.052025997907593E-004)
 (-1.042645934359965E-004,9.930350912257370E-004)
 (-1.524050039557499E-003,1.234417321940465E-003)
 (-1.524049220886392E-003,1.234416524202542E-003)
 (-2.670363940938888E-003,2.162876195578163E-003)
 (-2.670363382303851E-003,2.162877631120433E-003)
 (-1.664538888643542E-005,1.584996746581549E-004)
 (-3.505123731848312E-003,-3.680371890473547E-004)
 (-1.510928327014536E-003,-1.865447230367330E-003)
 (-1.510926544778662E-003,-1.865447428165629E-003)
 (-2.136673497806596E-005,2.035276238639961E-004)
 (-3.194717110078424E-003,-3.354412327945598E-004)
 (-1.664795542780765E-003,-1.748039904396130E-004)
 (-1.266402271536949E-003,-1.563547268417839E-003)
 (-1.266401967792970E-003,-1.563548649011644E-003)
 (-1.181723871029516E-003,9.571441401990625E-004)
 (-2.193801174452008E-003,-2.303493955578036E-004)
 (-1.169436699803775E-003,9.471926787622835E-004)
 (-5.102810161672844E-004,-6.300138656666600E-004)
 (-8.793887198519194E-004,7.122657112516757E-004)
 (-1.598021519703625E-003,-1.677914545215305E-004)
 (-7.973937712821451E-004,6.458554667626053E-004)
 (-6.562665290922168E-004,-6.890753207793347E-005)
 (1.745537422110805E-003,-6.988238654397161E-002)
 (-3.095266386459758E-002,-3.253859934733359E-002)
 (1.509474868403733E-002,-1.435903612404002E-002)
 (7.907628459822064E-003,-7.522206567189589E-003)
 (-9.587677953573889E-003,-2.394988936282347E-004)
 (-9.587672692131999E-003,-2.394930174191129E-004)
 (3.899945384363392E-004,-1.561312638537044E-002)
 (-4.367671275597822E-003,-1.090967652836629E-004)
 (-4.367665491966534E-003,-1.090961189004724E-004)
 (-6.820167197376711E-003,-7.169611627321382E-003)
 (-6.350318540792186E-003,-6.675699927572842E-003)
 (1.398773482717793E-004,-5.599878343771113E-003)
 (2.137193822976972E-003,-2.033034102771392E-003)
 (-4.526225415976965E-003,-4.758142960946191E-003)
 (-4.526232004788205E-003,-4.758142754082078E-003)
 (1.614332096719639E-004,-6.462871047719291E-003)
 (2.610250349035986E-004,-2.483030319323974E-004)
 (2.610287891609662E-004,-2.483024218599838E-004)
 (-4.094014240530893E-003,-1.022634983569204E-004)
 (-4.007473323365372E-003,-4.212802931977102E-003)
 (-3.003094103868957E-003,-7.501534853359771E-005)
 (7.088298884662360E-004,-6.742836870080286E-004)
 (-2.134969700287333E-003,-2.244360208532543E-003)
 (7.219062597012586E-005,-2.890056093231240E-003)
 (7.219209561217205E-005,-2.890053991376985E-003)
 (5.942642542626183E-005,-2.378871533763572E-003)
 (5.942174391157041E-005,-2.378871671627864E-003)
 (-2.293549260987559E-003,-2.411064687977487E-003)
 (9.028907045423194E-004,-8.588817812179152E-004)
 (-1.132429952057366E-003,-2.828675249207899E-005)
 (-1.132431552900479E-003,-2.828559383693282E-005)
 (-1.297166019408806E-003,-1.363630585039810E-003)
 (-1.029691903427462E-003,9.795040299774905E-004)
 (2.141778309509647E-004,-2.037369135322171E-004)
 (-1.374924687393382E-003,-3.434252812368886E-005)
 (-1.374925294443223E-003,-3.434348423077900E-005)
 (-1.305177931902881E-005,5.225121943099193E-004)
 (-1.045999375390566E-005,9.950706811581209E-006)
 (2.522249917111057E-005,-1.009713444662767E-003)
 (-7.391161290855664E-004,-1.846081819522195E-005)
 (3.410607477180604E-005,-1.365393967733131E-003)
 (-5.834158479361613E-004,5.549807774237711E-004)
 (6.027690313233322E-006,-2.413195891727552E-004)
 (2.210608300973870E-004,-2.102865919659495E-004)
 (4.195685033869245E-003,-6.154793366652653E-002)
 (7.099015534968417E-002,-3.894834662353849E-002)
 (5.600117056520487E-003,4.876471883787106E-002)
 (-2.562125053548468E-003,-4.670015712943240E-003)
 (2.018557432319777E-003,-9.656139411042222E-003)
 (-9.772908448994084E-003,9.127561912600855E-003)
 (-1.363598786894426E-004,2.000731594827990E-003)
 (3.451180687653439E-003,-8.648264336564914E-003)
 (-7.244420175248146E-003,8.389720081848934E-003)
 (-1.796229363082124E-003,-2.743648905148382E-003)
 (-6.573013843572122E-004,6.102842206865725E-005)
 (1.096532747871901E-004,-1.608765870500085E-003)
 (-1.969457897787863E-003,-3.589697504722662E-003)
 (1.503845271903925E-004,3.691592872782472E-004)
 (-8.931142312222527E-004,-5.323946812699432E-005)
 (1.254748075533609E-004,-1.840979295382225E-003)
 (1.848769344351653E-003,1.100533178332187E-005)
 (-5.504282654349419E-004,3.934339718788943E-003)
 (-9.348217425731666E-005,-6.610381848354509E-005)
 (-5.060393482567546E-004,2.776486699748298E-004)
 (-2.910842319223198E-004,9.987264868001348E-004)
 (-3.674127712370864E-004,6.569220216883567E-004)
 (1.888100587062813E-003,5.896664887354794E-005)
 (-1.189126906677082E-005,1.745663285507287E-004)
 (-2.587436204267095E-004,-2.534555771943269E-004)
 (-1.326233332281051E-003,-1.194439825370031E-005)
 (1.218947589084575E-003,1.585800854322182E-003)
 (-5.912313387122310E-004,6.114493922828909E-006)
 (9.056053294338998E-004,1.610335496633652E-004)
 (1.099304304254643E-003,1.737427221856270E-004)
 (6.002282163510135E-004,-1.840777994610810E-003)
 (7.091096491791788E-004,-6.979312141520192E-004)
 (-6.766592757390567E-004,-1.233339135547267E-003)
 (1.300722709707944E-008,-1.019073370999123E-008)
 (-1.532329839139191E-003,1.476396966846355E-003)
 (5.690440790258337E-004,-1.669790156544255E-003)
 (-1.548150112057411E-004,-1.216889503461961E-004)
 (-1.067194756347774E-004,-8.162929776279226E-004)
 (-3.657443894078845E-004,-1.065892943977399E-004)
 (-6.189777891684861E-004,6.319184576842950E-004)
 (-1.167539556479987E-004,2.056957895605162E-004)
 (2.137301703979075E-005,7.129536718624426E-004)
 (2.563108216581872E-005,2.375889149090808E-004)
 (4.344428515888698E-005,1.897645769101687E-004)
 (9.522865199988992E-002,8.438424692116520E-002)
 (6.996472045205138E-002,-4.264470707121254E-002)
 (1.943669284382418E-002,-3.327149473547574E-003)
 (-2.805357946175789E-003,-4.602378365931212E-003)
 (3.456189447849371E-003,-1.104341245331660E-002)
 (7.175457292838980E-003,-9.541537733430974E-004)
 (-3.095598590134914E-003,-2.742986632790972E-003)
 (9.135831640850038E-004,-7.510165137538709E-003)
 (4.287238138255467E-003,1.641357042761064E-003)
 (7.288491863983780E-003,-6.584804469030275E-004)
 (7.997285514308541E-005,2.553061523178933E-004)
 (2.489038489333977E-003,2.205550192173646E-003)
 (-2.156352809435679E-003,-3.537852845001612E-003)
 (-9.490343289489940E-004,1.200903911518618E-004)
 (4.394293115208867E-004,2.834331203449596E-004)
 (2.848392209553241E-003,2.524120126738385E-003)
 (8.652565034569513E-004,4.487075126179491E-003)
 (1.101124012794382E-003,-2.703033158809795E-003)
 (1.661174976707725E-004,-2.310005831613547E-004)
 (-4.987347151599317E-004,3.040257605872788E-004)
 (-2.482139879085688E-004,1.022993300675894E-003)
 (5.546534459388959E-005,-1.120584957908338E-003)
 (-7.987622981455117E-004,-6.240199783509597E-004)
 (-2.701055327400320E-004,-2.393252113388234E-004)
 (-7.130000732278341E-006,1.720862315115836E-004)
 (-1.901088817110962E-003,-8.269188679967272E-004)
 (-5.339984899433767E-004,-1.330865242434200E-003)
 (1.904145235962743E-004,2.068662186889379E-004)
 (4.775249184440156E-004,2.143956348279492E-003)
 (-1.569987891927911E-003,1.843795886747789E-003)
 (3.728463320634386E-004,-1.793162468526908E-003)
 (1.449208094809345E-003,-5.698774885807232E-004)
 (-7.408998291594390E-004,-1.215508478294501E-003)
 (-1.064540227581730E-008,2.460336290261579E-009)
 (1.096297796274868E-003,-8.415169540365106E-005)
 (3.055759816994951E-004,-1.591017110305357E-003)
 (-4.767917703083754E-005,6.321549563204422E-005)
 (-3.314125011987801E-004,2.418057691749852E-005)
 (-3.746332450112169E-004,-9.086837871244375E-005)
 (4.202602401460980E-004,1.740935514382548E-005)
 (-4.668617372591837E-004,-3.472952561357201E-004)
 (2.559645063364805E-004,-1.956154225432303E-004)
 (-3.071051125955880E-004,-2.991635874047186E-004)
 (8.571032695219071E-005,3.965269806484407E-005)
 AAAAAA          11
 (5.154418092701061E-002,-3.626884429463068E-002)
 (-2.722833365943606E-003,1.565269183059333E-002)
 (-1.852650645676504E-002,-3.222749764266252E-003)
 (-8.814791650888096E-003,-1.533356412797296E-003)
 (-3.930001168727143E-003,-5.585200252878258E-003)
 (-3.929995557782274E-003,-5.585188914018574E-003)
 (-9.133124935049967E-003,6.426489826786457E-003)
 (-8.004415227933989E-004,4.601412268857350E-003)
 (-5.058088022432541E-003,-7.188394428510873E-003)
 (-5.058105764550873E-003,-7.188398195427119E-003)
 (-6.963867575806955E-004,4.003265863825583E-003)
 (-6.838301643742390E-003,4.811736026865256E-003)
 (-8.933551875193802E-003,6.286054147478527E-003)
 (-1.138916442898814E-002,-1.981185090561948E-003)
 (-2.061741837959731E-004,1.185180813160714E-003)
 (-8.479619198611680E-003,-1.475046869288981E-003)
 (-2.467321784984925E-004,1.418344293135637E-003)
 (-2.294363191366547E-004,1.318958497053843E-003)
 (-1.867440089639835E-003,-2.653947815024679E-003)
 (-7.195082367708464E-003,-1.251604766792544E-003)
 (-2.426208887976166E-003,1.707186976257749E-003)
 (-3.248647682249333E-004,1.867552523170533E-003)
 (-1.607497191312305E-003,-2.284524991454047E-003)
 (-4.143905135388193E-003,-7.208369161005237E-004)
 (-2.271480738365588E-003,1.598314236783145E-003)
 (-4.294274553707842E-003,-7.470057593911009E-004)
 (-3.258530776271949E-003,2.292852053640088E-003)
 (-3.258522623206460E-003,2.292852709210736E-003)
 (-1.563638611368528E-004,8.988910627434588E-004)
 (-1.362173247402775E-003,-1.935875779951974E-003)
 (-1.884063490809772E-003,-3.277362204278537E-004)
 (-9.761876880284932E-005,5.611640892050180E-004)
 (-9.829932697665289E-004,-1.396996382013097E-003)
 (-2.254383418948899E-003,-3.921611433408764E-004)
 (-7.836795895878752E-004,-1.113737204539086E-003)
 (-7.255233135081801E-004,-1.031089212134074E-003)
 (-3.781160227195687E-004,-5.373688314138827E-004)
 (-7.946324017748900E-004,-1.382268774766091E-004)
 (-8.555850828187323E-004,6.020317986050652E-004)
 (-1.259345300876294E-003,8.861320812889367E-004)
 (-1.207488465966455E-003,8.496425799316984E-004)
 (-1.650274856158866E-003,-2.870703020465742E-004)
 (-9.324600545830696E-005,-1.325166985039757E-004)
 (0.000000000000000E+000,0.000000000000000E+000)
 (-9.208403755719364E-003,-7.670354035282664E-002)
 (-2.658989486051652E-002,-2.088986028850679E-002)
 (1.219285332040066E-002,-1.551981351559945E-002)
 (5.575736808810569E-003,-7.097141473330706E-003)
 (-1.049418414213084E-002,1.259846084713139E-003)
 (-1.049418823821145E-002,1.259849903993974E-003)
 (-1.512826861532795E-003,-1.260142307315123E-002)
 (-7.475152445255862E-003,-5.872717434302194E-003)
 (-7.122226223278905E-003,8.550397143398762E-004)
 (-7.122230578993397E-003,8.550392675884693E-004)
 (-6.874272705651355E-003,-5.400644658440236E-003)
 (-4.518565463829767E-004,-3.763825146420180E-003)
 (-5.562686122420653E-004,-4.633562090875327E-003)
 (8.632160463876419E-005,-1.098763352839038E-004)
 (-5.485979847142899E-003,-4.309957367876181E-003)
 (-1.447540505507044E-003,1.842523119528584E-003)
 (-4.683195427291139E-003,-3.679265341549267E-003)
 (-5.711439739708107E-003,-4.487088235202191E-003)
 (-5.339775022903449E-003,6.410515468785571E-004)
 (-6.629984408982677E-004,8.439097034322872E-004)
 (-4.450960439328374E-004,-3.707526176604737E-003)
 (-2.595354587138351E-003,-2.038989158162740E-003)
 (-3.789452365055561E-003,4.549312428645513E-004)
 (1.500890217401290E-004,-1.910385316267207E-004)
 (-3.744255202849115E-004,-3.118856880456653E-003)
 (1.469247495420417E-004,-1.870165981932634E-004)
 (-1.919576476028660E-004,-1.598966435274583E-003)
 (-1.919595065188385E-004,-1.598971438040875E-003)
 (-2.747462727873830E-003,-2.158493656737823E-003)
 (-2.213793875537539E-003,2.657695597421240E-004)
 (2.456164533698644E-004,-3.126361376540774E-004)
 (-1.179519371107853E-003,-9.266676657046786E-004)
 (-1.249462802634632E-003,1.500005756653523E-004)
 (-8.712658424975228E-004,1.108999438526169E-003)
 (-1.551512106587613E-003,1.862623719993186E-004)
 (-1.351597362405368E-003,1.622617684109688E-004)
 (-8.839564342072442E-004,1.061204654915947E-004)
 (3.308489939924559E-004,-4.211256832512353E-004)
 (3.130336670286703E-005,2.607495227317234E-004)
 (-6.649607328816492E-005,-5.538935820573748E-004)
 (-1.326574617257507E-004,-1.104990991635346E-003)
 (-1.815434342460493E-004,2.310779563646133E-004)
 (-7.344783987747061E-004,8.817631493296769E-005)
 (0.000000000000000E+000,0.000000000000000E+000)
 (0.207786082290859,-1.588431547156950E-002)
 (2.235685287488588E-002,-2.605794464568337E-002)
 (1.673986045832571E-003,1.436224376059544E-003)
 (6.748826019131218E-003,5.790271742249463E-003)
 (5.261925069062852E-004,6.883172848832446E-003)
 (5.261841149589810E-004,6.883164132889552E-003)
 (-4.687500137803695E-003,3.583340059971109E-004)
 (5.216797444566851E-003,-6.080409059339960E-003)
 (3.479786407005383E-005,4.553247820202930E-004)
 (3.480822365256681E-005,4.553217216359437E-004)
 (-3.858587142503005E-003,4.497368688800791E-003)
 (2.281647444832907E-004,-1.744583298690299E-005)
 (4.465031251430858E-003,-3.413263972129629E-004)
 (-1.028649557715278E-003,-8.825465576417161E-004)
 (-4.230529684443138E-003,4.930879828977212E-003)
 (3.263437371421905E-003,2.799924066858906E-003)
 (-1.961619704578093E-003,2.286357250239236E-003)
 (-3.667343955244537E-003,4.274467109322602E-003)
 (3.543235325406307E-004,4.635083870371413E-003)
 (-1.023748420374200E-003,-8.783357559785732E-004)
 (-1.471447064300487E-003,1.124879044989452E-004)
 (-1.707513516461729E-003,1.990176992692006E-003)
 (2.258563288980706E-004,2.954463331254330E-003)
 (2.163671913650878E-004,1.856413100091183E-004)
 (-8.456606811221923E-004,6.464494525193189E-005)
 (1.775801154634700E-003,1.523576262072769E-003)
 (-2.495374653396797E-003,1.907638264564169E-004)
 (-2.495366019420280E-003,1.907581933646369E-004)
 (-1.172803137295174E-003,1.366959867560075E-003)
 (2.303112082436131E-004,3.012722596170308E-003)
 (9.162762680327249E-004,7.861302655426563E-004)
 (3.143513583940840E-004,-3.663868617829525E-004)
 (-3.278448044124324E-005,-4.288494034658838E-004)
 (-2.310894605615585E-004,-1.982626389004243E-004)
 (1.841190403433654E-005,2.408380779809459E-004)
 (-1.342047658337047E-005,-1.755847319015209E-004)
 (4.318504394159407E-005,5.649208386499045E-004)
 (4.479361577067397E-004,3.843120256523038E-004)
 (-3.942728094660879E-004,3.013742069948085E-005)
 (-1.993244112277104E-004,1.523427382069769E-005)
 (-5.061047956250185E-004,3.868569940545599E-005)
 (1.936883652001361E-004,1.661762192794015E-004)
 (8.199462665489447E-005,1.072598777415450E-003)
 (0.000000000000000E+000,0.000000000000000E+000)
 (-1.909115438547376E-007,1.286760571935016E-007)
 (3.612635668271465E-002,-8.678233186836760E-002)
 (6.054455440099557E-002,2.520393465140439E-002)
 (-1.508889160206952E-003,-6.281269636485432E-004)
 (-5.517593971847035E-003,-1.338754450202475E-002)
 (5.517574272966686E-003,1.338754929201234E-002)
 (-3.876500550553170E-008,2.175571820177055E-008)
 (5.415031200121618E-004,-1.300750229219178E-003)
 (-5.276909107891407E-003,-1.280358688892469E-002)
 (5.276888253727406E-003,1.280353585433716E-002)
 (-8.738096921561660E-004,2.099044066304549E-003)
 (1.295996537690975E-008,-3.857217518290182E-009)
 (-4.795947849048054E-009,5.020376877773552E-009)
 (-4.474759657837214E-003,-1.862791026391041E-003)
 (2.521600264600538E-004,-6.057350086677397E-004)
 (1.440795936663730E-003,5.997754847068187E-004)
 (-1.284467614336332E-004,3.085546245547906E-004)
 (-5.149296557332669E-004,1.236961622632593E-003)
 (4.852958640386723E-004,1.177527798337701E-003)
 (2.408216444353094E-003,1.002516429683043E-003)
 (-3.035535296727208E-009,1.076373150293730E-008)
 (5.641415617725561E-004,-1.355164574596090E-003)
 (2.076598785750373E-004,5.038482318088949E-004)
 (1.026898398670786E-003,4.274814775724941E-004)
 (-3.745177191544449E-004,1.543628079507060E-004)
 (7.126238552714491E-004,2.966519871785487E-004)
 (-8.263743962988460E-004,3.405881610617760E-004)
 (8.263688803545056E-004,-3.405808766739842E-004)
 (-4.499045872810559E-004,1.080781263537673E-003)
 (1.175862157610809E-004,2.853162078659295E-004)
 (1.175057965214300E-008,-2.778408116200147E-010)
 (3.581575287600573E-004,-8.603597834407826E-004)
 (-6.950251273219398E-004,-1.686355964903895E-003)
 (-1.223797719220935E-003,-5.094565519009390E-004)
 (-5.495449725257980E-004,-1.333385743521849E-003)
 (5.197147619647611E-004,1.260994814555627E-003)
 (5.258752403116569E-004,1.275955025368525E-003)
 (7.211810545302393E-005,3.002189415278425E-005)
 (-2.165438974950447E-004,8.924956320196343E-005)
 (-5.294411601974770E-004,2.182081647796211E-004)
 (-4.788720023522364E-005,1.974071324102943E-005)
 (-6.187421011670006E-004,-2.575721886001186E-004)
 (-1.209065852936471E-004,-2.933493403962991E-004)
 (0.000000000000000E+000,0.000000000000000E+000)
