 AAAAAA           2
 (-5.182705294822475E-004,-9.158644641199651E-002)
 (3.978470545354871E-004,3.933715004372355E-004)
 (-8.054350088632719E-003,8.146025881023557E-003)
 (-7.921627805807767E-003,8.011791837365639E-003)
 (-1.808742798506204E-002,1.023526017787553E-004)
 (9.416774741655923E-005,1.664108901701931E-002)
 (-1.393224087484699E-002,7.883970035615223E-005)
 (-1.741712610411251E-004,-1.722134531794406E-004)
 (-9.757080979720747E-003,5.521505063788923E-005)
 (5.602834296013085E-005,9.900798223977570E-003)
 (2.095947580936254E-004,2.072373712631826E-004)
 (1.857319533525773E-004,1.836456028395756E-004)
 (-8.847372123349169E-003,5.006491474394926E-005)
 (-1.581464748425988E-004,-1.563659004792295E-004)
 (-8.133130326785400E-003,8.225702492454627E-003)
 (-7.218450136488909E-003,7.300608868383302E-003)
 (-7.194856606248856E-003,4.071482558924786E-005)
 (-6.674075857839685E-003,6.750042502925751E-003)
 (3.576490031943769E-005,6.320347741762634E-003)
 (-6.184275960941533E-003,6.254665739464925E-003)
 (-5.354735179122059E-003,3.029986026496833E-005)
 (2.972199026045840E-005,5.252381104104991E-003)
 (1.876824246972459E-005,3.316704528208361E-003)
 (-3.191175141362295E-004,-3.155268274653478E-004)
 (1.830613353763413E-005,3.234993514085888E-003)
 (1.691070614757421E-005,1.672074935184304E-005)
 (-2.997407440275783E-003,1.696308947614995E-005)
 (-2.997406427016800E-003,1.696124254933220E-005)
 (2.549743041705528E-004,2.521060449390382E-004)
 (2.549754013555249E-004,2.521050720449168E-004)
 (1.414835396795202E-005,2.500265118904331E-003)
 (1.414802646478508E-005,2.500265066688085E-003)
 (4.013268391232298E-005,3.968134004508142E-005)
 (-1.992131321788732E-003,2.014804908469683E-003)
 (-1.751800449895120E-003,1.771740940126857E-003)
 (-1.751800503393294E-003,1.771739668393998E-003)
 (-1.638827440816262E-003,1.657481384923402E-003)
 (-1.230354646402939E-003,6.961527736219569E-006)
 (6.516570738372229E-006,1.151700202030628E-003)
 (-1.098497022040605E-003,6.216412136282102E-006)
 (0.000000000000000E+000,0.000000000000000E+000)
 (0.000000000000000E+000,0.000000000000000E+000)
 (0.000000000000000E+000,0.000000000000000E+000)
 (5.387104614267921E-002,8.941802550899683E-002)
 (0.102722384529957,2.548326084799266E-002)
 (1.774675114856086E-002,-7.153671932994629E-002)
 (-7.322473885914558E-003,2.951676895092610E-002)
 (1.482284566937596E-003,-8.930146411970724E-004)
 (-4.976616433245291E-003,-8.260487407524549E-003)
 (1.268230168961186E-002,-7.640626900874546E-003)
 (3.687924391369647E-003,9.148807399315141E-004)
 (9.211752469280536E-004,-5.549584239251344E-004)
 (6.484515473646804E-003,1.076329383303902E-002)
 (7.269310908699662E-003,1.803360501972851E-003)
 (9.691247461530567E-003,2.404220866962021E-003)
 (8.041556626114605E-003,-4.844774654349537E-003)
 (6.881661677330848E-003,1.707205480652970E-003)
 (1.939861370059172E-003,-7.819570852705775E-003)
 (-1.264689140921907E-003,5.097846374412125E-003)
 (6.606791191898703E-003,-3.980364192957339E-003)
 (-3.397735448683882E-004,1.369618931481295E-003)
 (1.194254640685501E-003,1.982270975733428E-003)
 (1.309138605446292E-003,-5.277128612025071E-003)
 (1.426509716445479E-003,-8.594319214150327E-004)
 (1.260993112684516E-003,2.093032252411387E-003)
 (1.405924578347699E-003,2.333624207754036E-003)
 (3.077814816602500E-003,7.635321638463841E-004)
 (1.917862523874700E-003,3.183345141672320E-003)
 (2.858627828042224E-003,7.091580600820297E-004)
 (6.321322632433507E-005,-3.807456422233432E-005)
 (6.322177098108690E-005,-3.809155070726435E-005)
 (2.720016425385580E-003,6.747934034856088E-004)
 (2.720018203891066E-003,6.747715245584000E-004)
 (-1.056069710634762E-003,-1.752931993059957E-003)
 (-1.056068668942073E-003,-1.752927813137362E-003)
 (-7.571051045065908E-004,-1.878175341058160E-004)
 (-3.650613589724057E-004,1.471524954063216E-003)
 (-1.293039868010673E-004,5.212441295496028E-004)
 (-1.293117599657401E-004,5.212339063097449E-004)
 (2.778648482268143E-004,-1.120046442994245E-003)
 (4.593766710395098E-005,-2.768291582667223E-005)
 (1.678656372890157E-004,2.786428081877521E-004)
 (6.441673623817872E-004,-3.880923413813345E-004)
 (0.000000000000000E+000,0.000000000000000E+000)
 (0.000000000000000E+000,0.000000000000000E+000)
 (0.000000000000000E+000,0.000000000000000E+000)
 (-5.981743782334188E-002,0.208641465077898)
 (-7.512928460818832E-002,6.219542870294555E-002)
 (2.244755576751489E-002,2.711560329067287E-002)
 (4.635319262466295E-003,-3.571944686931080E-002)
 (3.432903958340350E-002,9.842145689318394E-003)
 (-4.005722845618384E-003,-2.587790020283473E-002)
 (4.447750559613339E-003,9.910388483057872E-003)
 (4.301197783875088E-003,5.012056517319447E-003)
 (1.009559895489304E-002,-4.748100440476160E-003)
 (3.854105147967292E-003,3.527263191474921E-003)
 (-3.880708465308447E-003,-1.138275271496905E-003)
 (-1.499349129270650E-003,-2.075550646893715E-003)
 (-1.865819558867058E-004,1.980777243845866E-003)
 (4.283873582175964E-004,8.603861392000344E-004)
 (-1.094428689088014E-003,1.994040921343909E-003)
 (2.143916938366213E-003,2.589743138131068E-003)
 (-2.928887578821032E-008,8.191129692101038E-009)
 (4.241594395022899E-003,-5.694084421536474E-003)
 (-1.064395745878258E-004,-3.654399688404954E-004)
 (1.552606178959980E-003,-8.607006141368610E-004)
 (-3.261499067472897E-004,-9.352180142760256E-005)
 (4.139796126501968E-004,-1.058022581621360E-003)
 (-8.767154712050727E-004,-2.137401770112069E-003)
 (-1.825495365822165E-004,-1.001906665702566E-004)
 (-5.725204796311219E-005,2.485597885953519E-003)
 (6.073591914720146E-004,3.333473438978151E-004)
 (5.647216846784510E-004,1.673474494607693E-003)
 (3.318598877077616E-003,-5.601316486103002E-004)
 (2.451941350566759E-004,1.000474553102208E-003)
 (-1.106822293404836E-003,-8.994624539790406E-004)
 (-1.261302633786139E-004,-4.003015556866897E-004)
 (-1.182295603909785E-004,3.772855954710889E-004)
 (-2.990343211847168E-004,-5.394238156414660E-004)
 (-3.141618067004064E-004,1.269123650341260E-003)
 (-9.445816595384035E-005,-6.586601296137690E-004)
 (7.846326623403749E-004,-2.071471076984637E-004)
 (-9.927768314617845E-004,6.788996092563757E-004)
 (-1.773774088961442E-004,-5.086204418420043E-005)
 (8.599063354381315E-005,-4.966407081769491E-004)
 (2.964353400185738E-005,-3.148471447126215E-004)
 (0.000000000000000E+000,0.000000000000000E+000)
 (0.000000000000000E+000,0.000000000000000E+000)
 (0.000000000000000E+000,0.000000000000000E+000)
 (-8.573227937866912E-002,-0.149651942497940)
 (-0.178179965897782,7.662770253550395E-002)
 (2.765672241635879E-002,6.430914253977651E-002)
 (-2.875687888517410E-002,-3.333441423636136E-002)
 (-2.462314164748010E-002,1.410610332866818E-002)
 (-1.044077975878898E-002,9.582847858716053E-003)
 (-9.975610034644271E-003,1.775356145022304E-002)
 (-2.677195524915072E-003,-2.463695865139626E-003)
 (-1.235084458059556E-003,-9.947537871331801E-003)
 (7.524860843479471E-003,1.293500641829865E-003)
 (-2.667866413044013E-003,2.982468331924535E-003)
 (1.426227110182457E-003,7.846701017257333E-004)
 (-1.465075082195865E-003,3.675828985900435E-003)
 (-8.090283132282299E-004,-1.642943421377153E-004)
 (1.417957471333640E-003,6.055731088126902E-004)
 (2.641361812418920E-003,6.141793443885183E-003)
 (-2.833568065854596E-008,-7.382803321155331E-009)
 (-3.798242323226022E-003,-5.203555158115394E-005)
 (-2.396211108714934E-004,9.620623257261532E-005)
 (-3.696349676951268E-004,1.361249412879000E-003)
 (2.334668323864132E-004,-1.337303226471991E-004)
 (6.384156413644438E-004,8.459626323767621E-004)
 (-1.869123737181449E-003,3.624453151813281E-004)
 (-5.552319654697075E-005,1.297706902438631E-004)
 (1.874901836284879E-004,-1.267792667639999E-003)
 (1.844292094768861E-004,-4.317449202863225E-004)
 (-1.592801773154678E-003,3.019942851339362E-003)
 (-1.192272009609517E-003,-1.424391569769068E-003)
 (-1.226197809325713E-003,1.978938876429204E-005)
 (1.023598238196901E-004,7.216125995597053E-004)
 (-2.798935841415344E-004,9.766711695389461E-005)
 (-1.737040893760950E-004,-2.784095472795912E-004)
 (4.729734510287858E-004,1.284235401845338E-004)
 (9.882393933080492E-004,9.597921690372523E-004)
 (-5.706620645145800E-004,-8.850031746121476E-004)
 (3.260128846920895E-006,9.449663156218500E-004)
 (3.435886402250220E-004,-7.254341657323362E-004)
 (1.270163476471916E-004,-7.274315049437242E-005)
 (1.001045869758257E-004,3.119518236506179E-004)
 (2.328575357685467E-004,-5.842735755717215E-004)
 (0.000000000000000E+000,0.000000000000000E+000)
 (0.000000000000000E+000,0.000000000000000E+000)
 (0.000000000000000E+000,0.000000000000000E+000)
 AAAAAA           3
 (7.463883457816141E-002,-2.773706712676769E-002)
 (-2.453783600966454E-004,5.355880222265878E-004)
 (-9.654972431676187E-003,-4.423263648889237E-003)
 (-9.969348018424286E-003,-4.567291248173549E-003)
 (-6.839371085912164E-003,-1.840435610776295E-002)
 (-1.424628164006353E-002,5.294161201168617E-003)
 (-4.057848047890645E-003,-1.091944279515761E-002)
 (7.163724216975690E-005,-1.563624875806145E-004)
 (-1.039188444928478E-002,3.861804707906131E-003)
 (-3.319871654403528E-003,-8.933588219038554E-003)
 (-1.347913077045703E-004,2.942185580758575E-004)
 (-1.457773031344772E-004,3.182021424832257E-004)
 (-1.116120050576479E-002,-5.113319099739872E-003)
 (-3.076547154586541E-003,-8.278821564875695E-003)
 (2.780406845543023E-004,-6.068992992962869E-004)
 (-1.092012421041854E-002,-5.002872288227824E-003)
 (-2.792663664466238E-003,-7.514901438870417E-003)
 (-6.082808716913724E-003,2.260477090120770E-003)
 (-7.372397634180825E-003,-3.377538602300170E-003)
 (-7.455716642100726E-003,-3.415708212268010E-003)
 (-1.897475476911515E-003,-5.105998875151020E-003)
 (-5.009001005558584E-003,1.861428511891267E-003)
 (2.235092108800910E-004,-4.878695078033667E-004)
 (-3.590495525600427E-003,1.334289700139516E-003)
 (-3.470365910844093E-003,1.289648093406732E-003)
 (-1.249535975047011E-003,-3.362423050697532E-003)
 (-2.162664352670235E-004,4.720627061208756E-004)
 (-3.294876695847124E-005,7.192095761223409E-005)
 (-2.506341120210452E-004,5.470795841979491E-004)
 (-3.135254345862595E-003,-1.436363685152159E-003)
 (-9.470984750301165E-004,-2.548590956510081E-003)
 (-2.064814711046935E-003,7.673197337382599E-004)
 (-2.064814631247120E-003,7.673202874938095E-004)
 (-2.417941931231519E-003,-1.107739813102805E-003)
 (-2.490049982903708E-006,5.435684648784002E-006)
 (-2.271966342470597E-003,-1.040863508832977E-003)
 (-4.434483357582399E-004,-1.193292682559887E-003)
 (-1.977997192780568E-003,-9.061858999197845E-004)
 (-6.368795669621284E-004,2.366762617169872E-004)
 (-2.924421296040759E-004,-7.869446669030539E-004)
 (-9.438135476897294E-004,3.507371219060013E-004)
 (0.000000000000000E+000,0.000000000000000E+000)
 (0.000000000000000E+000,0.000000000000000E+000)
 (2.894548206878754E-002,-7.414942353011322E-002)
 (-3.345693934422217E-002,-7.630296072781952E-002)
 (-7.094361249964745E-002,3.110694545680522E-002)
 (3.008145996832510E-002,-1.318984973267034E-002)
 (-1.281532136059968E-002,-5.002589718355184E-003)
 (-2.876804300396223E-004,7.369611423480580E-004)
 (-1.363264253826595E-002,-5.321669935175866E-003)
 (-3.673088627360423E-003,-8.376903574122621E-003)
 (4.449777261276954E-003,-1.139919575288634E-002)
 (-2.044476348199481E-003,-7.980839903955776E-004)
 (-4.931626405424085E-003,-1.124732228092558E-002)
 (-3.871753216403868E-003,-8.829914353945359E-003)
 (-6.307748137976440E-003,2.765733116830021E-003)
 (-9.766676770921745E-003,-3.812507665150447E-003)
 (-3.793228623329941E-003,-8.650910038147972E-003)
 (3.085428932805790E-003,-1.352840009441580E-003)
 (-8.310327642065228E-003,-3.243977937541121E-003)
 (1.608811209070118E-003,-4.121221200816347E-003)
 (-3.857943311452567E-003,1.691615564852625E-003)
 (1.392237219745361E-003,-6.104863184289126E-004)
 (-2.789646095367703E-003,-1.088967036297498E-003)
 (1.122842574825833E-003,-2.876496042763064E-003)
 (-1.969540275927349E-003,-4.491713680278414E-003)
 (1.624175542366095E-003,-4.160673272067596E-003)
 (1.585277701552907E-003,-4.061054653344722E-003)
 (-1.484560841579644E-003,-5.795058979692035E-004)
 (-1.607440427895975E-003,-3.666025606704000E-003)
 (-1.418312107470637E-003,-3.234641920985004E-003)
 (-1.503803575779155E-003,-3.429604616924800E-003)
 (1.148430282943471E-003,-5.035578747321046E-004)
 (-2.942235019600085E-004,-1.148816943543491E-004)
 (-3.330766528686081E-004,8.532859399803781E-004)
 (-3.330647334343886E-004,8.533073394361930E-004)
 (8.214287547156994E-005,-3.601421753857300E-005)
 (-1.604397801307283E-005,-3.659857731508012E-005)
 (4.917673752348554E-004,-2.156247181420866E-004)
 (-4.653381804571486E-004,-1.816369896064681E-004)
 (-8.088583752897977E-004,3.546607435453943E-004)
 (4.070551866381043E-004,-1.042760892594477E-003)
 (-4.214199558388370E-004,-1.645055118909614E-004)
 (1.336733599893465E-004,-3.424567152958321E-004)
 (0.000000000000000E+000,0.000000000000000E+000)
 (0.000000000000000E+000,0.000000000000000E+000)
 (-3.591887247565398E-002,8.401874220911972E-002)
 (-2.238787648153954E-007,-1.823297403029877E-007)
 (-1.112924589697319E-007,-2.021790095790846E-008)
 (4.740963571169622E-002,-1.901377801981943E-002)
 (3.291533114325797E-002,1.407126425102514E-002)
 (6.342365295501823E-003,-1.483606066170213E-002)
 (3.480707260457615E-003,1.487867948896983E-003)
 (2.322054157292103E-003,5.790023356857177E-003)
 (-1.212337907091966E-003,2.835982325869766E-003)
 (1.027166634487908E-002,4.391210912555378E-003)
 (-1.468573907149445E-003,-3.661781120588241E-003)
 (-3.823439860350100E-004,-9.533229655159490E-004)
 (-1.529559063399216E-003,6.134349479789789E-004)
 (1.447072924991327E-007,-8.646545336934012E-009)
 (4.016774566985364E-004,1.001432459076612E-003)
 (2.076084771416680E-008,-4.401821585580759E-008)
 (1.294061612842235E-007,-2.394788463783813E-008)
 (1.878227916035152E-004,-4.392997960107983E-004)
 (1.440645344433886E-003,-5.777917065382060E-004)
 (4.953707556739808E-003,-1.986728884378390E-003)
 (-2.760389355319931E-004,-1.180184395826396E-004)
 (2.106369431491257E-004,-4.927125098865806E-004)
 (-1.453049694593141E-004,-3.623521608134767E-004)
 (-8.449486887651719E-004,1.976432009554145E-003)
 (6.104584526009720E-004,-1.427972025537414E-003)
 (6.417451056189358E-004,2.743115505539238E-004)
 (2.343437034404386E-004,5.843458699646875E-004)
 (4.006573844691823E-004,9.990121160330810E-004)
 (-4.369956493137067E-004,-1.089557797819335E-003)
 (-8.670813543438005E-004,3.477242486348688E-004)
 (3.107832047557329E-003,1.328588967180842E-003)
 (1.756806114517304E-004,-4.109259393050808E-004)
 (-1.756669246636955E-004,4.109480613941070E-004)
 (2.701210820585402E-004,-1.083357164831615E-004)
 (-1.863355608757015E-004,-4.646679623639216E-004)
 (7.216962664978836E-004,-2.894442687589644E-004)
 (1.037772871080947E-004,4.436803605842393E-005)
 (-1.202530732482138E-003,4.822715322980571E-004)
 (2.416404560342977E-004,-5.652102829094645E-004)
 (4.136995286787463E-008,-1.505226422796945E-008)
 (1.634993179160081E-004,-3.824750107118563E-004)
 (0.000000000000000E+000,0.000000000000000E+000)
 (0.000000000000000E+000,0.000000000000000E+000)
 (-7.520097222165756E-003,3.645001109435749E-002)
 (4.954433591890560E-002,7.530003441214178E-002)
 (2.355137376640101E-003,-1.549647105405905E-003)
 (-2.363282861308316E-002,1.554939128918077E-002)
 (2.584722808100189E-002,5.332349299651793E-003)
 (-4.038177158920369E-003,1.957419325822477E-002)
 (1.821915539824826E-002,3.758614605126978E-003)
 (6.195672440407498E-003,9.416531217928742E-003)
 (2.072558476202331E-003,-1.004614173427613E-002)
 (-2.444162120904073E-003,-5.042242555984364E-004)
 (1.633832597018633E-003,2.483229741193531E-003)
 (3.226499999078878E-003,4.903796164607181E-003)
 (1.127845591347812E-003,-7.420778967146908E-004)
 (9.069212504464543E-003,1.870967123531469E-003)
 (3.598930451509306E-003,5.469870959441448E-003)
 (7.988280203691685E-003,-5.255961516651388E-003)
 (5.661667314895092E-003,1.167992150085105E-003)
 (-4.915156317464830E-004,2.382534983675257E-003)
 (4.413564071401612E-004,-2.903739379289222E-004)
 (1.054217174940273E-004,-6.935576967346250E-005)
 (2.216650043131346E-003,4.572978351150096E-004)
 (-3.063744514641915E-004,1.485110584041598E-003)
 (1.734843489666478E-003,2.636716238395470E-003)
 (2.040962881005684E-006,-9.955787491029555E-006)
 (-4.652826294045307E-004,2.255385968654377E-003)
 (4.304219904332465E-003,8.879567532825698E-004)
 (1.131528303264824E-003,1.719770566505072E-003)
 (5.496366523248826E-004,8.353668159599819E-004)
 (8.267579729512476E-004,1.256552783601367E-003)
 (1.827475450800631E-003,-1.202411015283840E-003)
 (3.183907884435876E-004,6.567101409824883E-005)
 (-3.741625115019599E-004,1.813634481602063E-003)
 (-3.741528532601525E-004,1.813641166594540E-003)
 (4.119920681623863E-004,-2.710809228670056E-004)
 (7.738907725411378E-004,1.176204067218032E-003)
 (-8.814775512681532E-004,5.799720907186932E-004)
 (4.358497207975841E-004,8.992462749340962E-005)
 (-6.853334524410949E-004,4.509192394768973E-004)
 (-1.077818878526849E-004,5.224702953137010E-004)
 (1.318155875917200E-003,2.719339379740604E-004)
 (1.845593724555905E-005,-8.948723184279708E-005)
 (0.000000000000000E+000,0.000000000000000E+000)
 (0.000000000000000E+000,0.000000000000000E+000)
 AAAAAA           4
 (-5.913947975944380E-002,-3.634004081440797E-002)
 (8.780205711499006E-004,-2.096671136910188E-004)
 (1.988526040207449E-003,8.327595532456570E-003)
 (2.395387536893871E-003,1.003142862953169E-002)
 (-1.113085061254103E-002,1.811423905413884E-002)
 (1.162476841585122E-002,7.143194421396565E-003)
 (-4.976498057371424E-003,8.098694799567147E-003)
 (1.062058940316468E-002,6.526139413806217E-003)
 (-3.182197283500514E-005,7.598869451310987E-006)
 (-4.770533013247620E-003,7.763518762092517E-003)
 (4.647948333609621E-004,-1.109842221847512E-004)
 (3.260615919099893E-003,1.365482468087932E-002)
 (3.026450307361393E-003,1.267419591741820E-002)
 (-1.063629428290924E-003,2.539823089856959E-004)
 (4.309291708712257E-004,-1.029028361825690E-004)
 (-4.546800085559834E-003,7.399412385776158E-003)
 (-4.704978194024939E-003,7.656845357791634E-003)
 (5.708811886927248E-003,3.507953501436927E-003)
 (-2.878962875330152E-003,4.685204487260781E-003)
 (4.616731590406459E-003,2.836890614137947E-003)
 (1.702687839466643E-003,7.130524001379993E-003)
 (1.596758114591623E-003,6.686928654706514E-003)
 (3.850393980097179E-003,2.365993076776416E-003)
 (-6.270575305946448E-004,1.497349168863394E-004)
 (-2.217187879734873E-003,3.608224128326415E-003)
 (3.554302469081866E-003,2.184048279397189E-003)
 (7.304959044745921E-004,-1.744339016635582E-004)
 (9.431926563162553E-004,3.949910636820163E-003)
 (9.093980904416885E-004,-2.171566790488594E-004)
 (1.546340211024021E-004,-3.692807748850970E-005)
 (-1.272486596379129E-003,2.070827944348250E-003)
 (6.574785231061137E-004,2.753384054730977E-003)
 (-6.784974212785692E-004,1.104184764551311E-003)
 (1.594487700501814E-003,9.797797902415259E-004)
 (1.594484570961756E-003,9.797812186340530E-004)
 (5.771282493399838E-004,2.416904095979893E-003)
 (-3.460518030925488E-005,8.262908193861224E-006)
 (-5.152883775048950E-004,8.385713610723077E-004)
 (6.559612502857586E-004,4.030729263180666E-004)
 (4.585965048539306E-004,1.920505596352883E-003)
 (3.144163365901676E-005,-7.509978624686684E-006)
 (6.286252220203540E-004,3.862782040841506E-004)
 (0.000000000000000E+000,0.000000000000000E+000)
 (-5.839465883755562E-002,-2.016867899574198E-002)
 (-6.030615431808194E-002,2.934267303791207E-002)
 (2.586886724739920E-002,5.316669349514534E-002)
 (-1.272855175541475E-002,-2.616012981368640E-002)
 (-7.463579369693272E-003,2.160929240089108E-002)
 (-6.875533176966919E-003,-2.374709391759537E-003)
 (-4.787424608442357E-003,1.386109139422710E-002)
 (-9.935625682325070E-003,-3.431604171180695E-003)
 (-1.385337162927735E-002,6.740554377094515E-003)
 (-1.594985271715772E-003,4.617821222615311E-003)
 (-1.326483342411307E-002,6.454167819925903E-003)
 (-3.223225157903775E-004,-6.625506794056906E-004)
 (2.512581671699449E-003,5.164049503599897E-003)
 (-1.069355446084414E-002,5.203076293210034E-003)
 (-9.312702974961888E-003,4.531220006560581E-003)
 (-3.802528977003332E-003,1.100954385843636E-002)
 (-3.608788424657918E-003,1.044859450776191E-002)
 (-5.707684756961011E-003,-1.971348443267462E-003)
 (-1.497187230317062E-003,4.334867755316345E-003)
 (-3.863191881404797E-003,-1.334282025996520E-003)
 (1.323074832403288E-003,2.719203304793433E-003)
 (-4.392046207209122E-004,-9.026674633821973E-004)
 (-4.768751693838537E-003,-1.647045409010834E-003)
 (-6.429607693282428E-003,3.128435203309934E-003)
 (-1.140594555414876E-003,3.302208104235232E-003)
 (-5.356819943621128E-003,-1.850177945695683E-003)
 (-4.912429721552251E-003,2.390190300485423E-003)
 (-2.748665507507836E-004,-5.649128564077001E-004)
 (-4.261110970341295E-003,2.073289020933147E-003)
 (-3.566336778001208E-003,1.735232083435404E-003)
 (-2.134139674404603E-004,6.178652966418498E-004)
 (7.674091578964553E-005,1.577180843352600E-004)
 (-3.827008262496688E-004,1.108020866361938E-003)
 (-8.446846865929049E-005,-2.918580500834948E-005)
 (-8.447163893279073E-005,-2.918615027768976E-005)
 (-2.255291092439766E-004,-4.635152922138024E-004)
 (-6.028341032694609E-004,2.933113445492687E-004)
 (-3.652867644114294E-004,1.057637614319119E-003)
 (-1.726473558191358E-003,-5.963231471112332E-004)
 (2.296729643880299E-004,4.720205900429093E-004)
 (-1.297998329993837E-003,6.315542744604219E-004)
 (-8.062207442327359E-004,-2.784484472736052E-004)
 (0.000000000000000E+000,0.000000000000000E+000)
 (-2.137681569532066E-003,-2.079979386831057E-003)
 (3.055054414839806E-002,-4.194074844659607E-004)
 (5.341061420760730E-004,3.889987842022211E-002)
 (9.686039757857037E-005,7.055254027183132E-003)
 (1.192405692920761E-002,-1.225601847841005E-002)
 (1.430742803613666E-002,1.391989802762141E-002)
 (6.687134565371884E-003,-6.873285689324134E-003)
 (-8.203687131907663E-003,-7.981456189600382E-003)
 (9.783675786607314E-003,-1.343179816831525E-004)
 (3.238875862284476E-004,-3.329285655484353E-004)
 (1.721380090640564E-003,-2.362400531901460E-005)
 (-1.231202366420944E-004,-8.968446897592840E-003)
 (1.378426267094061E-005,1.003263975238215E-003)
 (4.515378533521977E-003,-6.198621993545558E-005)
 (2.929672198047580E-003,-4.021736993469011E-005)
 (3.524185440469538E-003,-3.622288128359798E-003)
 (2.694114245811985E-003,-2.769095491184617E-003)
 (1.137603471432105E-003,1.106807216868380E-003)
 (1.409216821658232E-003,-1.448454738363001E-003)
 (1.380125197421122E-003,1.342761443572511E-003)
 (1.238063716355977E-005,9.011519613803908E-004)
 (-1.262353159064506E-005,-9.197830286801069E-004)
 (-6.270022662882735E-004,-6.100260197215074E-004)
 (1.907922883851485E-003,-2.619460923930034E-005)
 (2.669721569874373E-003,-2.744043938088889E-003)
 (5.580693174541269E-004,5.429520027002397E-004)
 (1.573583455424806E-003,-2.160944175348896E-005)
 (-3.355073339267656E-005,-2.444341499220209E-003)
 (9.823135830760250E-004,-1.348979400830980E-005)
 (3.535773609238228E-004,-4.854463764105607E-006)
 (3.281757724250025E-004,-3.373129378419417E-004)
 (-8.008117273896194E-007,-5.868253776635409E-005)
 (4.681480018791273E-004,-4.811807537123451E-004)
 (1.230590430280933E-003,1.197258130929884E-003)
 (1.230587311172512E-003,1.197254924699957E-003)
 (1.018889231798437E-005,7.420906211766266E-004)
 (9.868141986084241E-004,-1.354618834679217E-005)
 (8.976390861084575E-004,-9.226272449425713E-004)
 (-5.402029255046009E-005,-5.255824034776087E-005)
 (1.300287086640217E-005,9.468422071475356E-004)
 (8.869942583736428E-004,-1.217819598642527E-005)
 (2.785152154981940E-004,2.709711727645130E-004)
 (0.000000000000000E+000,0.000000000000000E+000)
 (-3.388926448903740E-002,3.086023285724724E-002)
 (7.406680361752365E-008,-5.042047628532490E-008)
 (-2.068895419469364E-008,-1.593179051808184E-007)
 (5.435460937778838E-002,2.542350301457378E-003)
 (2.183729972650540E-002,2.398022591692053E-002)
 (7.650759508705159E-003,-6.967100230079858E-003)
 (1.184902534832937E-003,1.301035534118169E-003)
 (-2.396751051001113E-003,2.182629638741815E-003)
 (-2.128318282817526E-004,4.550345318700708E-003)
 (7.079431453684793E-003,7.774202777875998E-003)
 (1.804008866814617E-004,-3.856442552925367E-003)
 (-1.393321160234897E-008,2.283830165595200E-009)
 (-1.270852171395983E-003,-5.946348159072156E-005)
 (-5.120743894488435E-005,1.095589878462211E-003)
 (2.328782988489439E-005,-4.980853015034216E-004)
 (3.005406628025986E-008,-2.429643413559967E-008)
 (2.603296192092335E-008,-2.263754559523698E-008)
 (1.875485088905243E-004,-1.707712450979720E-004)
 (-6.572984673618364E-005,-7.216756162606289E-005)
 (1.716649963372877E-004,-1.563262864056423E-004)
 (1.201503340206365E-003,5.617907765128801E-005)
 (3.715331915064704E-003,1.737598277023910E-004)
 (-1.509407467368146E-003,1.374489832756664E-003)
 (3.557377861658278E-005,-7.604063128608865E-004)
 (2.156420425094291E-004,2.367744410958686E-004)
 (1.040163203252339E-003,-9.472233248131978E-004)
 (-4.680097087224693E-005,1.000489337044575E-003)
 (-6.561316993401461E-004,-3.071027518480841E-005)
 (5.805569954649281E-005,-1.241597821465771E-003)
 (-5.714658678919145E-005,1.221931240708588E-003)
 (1.790137133864725E-003,1.965800386976451E-003)
 (-5.459917042960498E-005,-2.552189987697863E-006)
 (4.086652537775977E-004,4.487706278562617E-004)
 (3.575869384922801E-004,-3.256321875209518E-004)
 (-3.575759796057150E-004,3.256206350605796E-004)
 (9.106176052210096E-004,4.259127717057471E-005)
 (1.323163865881787E-005,-2.827080859176335E-004)
 (6.708932351200194E-009,-9.048195658779802E-009)
 (4.623426192471196E-004,-4.210271526656019E-004)
 (-1.108766936754352E-003,-5.186198274708697E-005)
 (2.484690546957960E-005,-5.311565873506221E-004)
 (-3.782303628685567E-004,3.444280548530894E-004)
 (0.000000000000000E+000,0.000000000000000E+000)
 AAAAAA           5
 (-4.102593365719306E-002,4.162017995805523E-002)
 (3.476362837563965E-003,-2.498338830190670E-005)
 (-1.911815936932941E-005,-2.657950757566691E-003)
 (9.678368413854999E-003,-6.959350377083555E-005)
 (1.585810806488298E-002,1.563170362245290E-002)
 (8.330271563970398E-003,-8.450924465466653E-003)
 (1.005130201639823E-002,-1.019690807314213E-002)
 (-4.934659139811123E-006,-6.852782522302262E-004)
 (5.205967729151087E-003,5.131640611359436E-003)
 (5.772083918776608E-003,5.689681842467469E-003)
 (-8.489091992502110E-006,-1.180720242734928E-003)
 (1.653397046838823E-002,-1.188746448514367E-004)
 (1.371432962781467E-002,-9.859635280021336E-005)
 (7.055846982134997E-003,6.955109677081175E-003)
 (9.073077547078472E-006,1.259827911859718E-003)
 (5.888391992735151E-003,5.804337608266598E-003)
 (-5.633401922540231E-006,-7.828404158622288E-004)
 (4.983414842529347E-003,-5.055607902924722E-003)
 (3.776810287398302E-003,3.722881402959194E-003)
 (3.889694023642557E-003,-3.946056288343874E-003)
 (3.916846521641181E-003,-3.973590406342990E-003)
 (3.503202037609524E-003,3.453182978968037E-003)
 (3.657137088486188E-006,5.090192908732776E-004)
 (3.506342864116462E-003,-3.557114895624235E-003)
 (6.544515030303883E-003,-4.706007240869170E-005)
 (-9.376910134736686E-006,-1.303685547175469E-003)
 (4.844983222400256E-003,-3.483265445177234E-005)
 (5.734942445230990E-003,-4.123763622322770E-005)
 (-1.125261068346583E-005,-1.565335211729317E-003)
 (-2.644366640734602E-006,-3.678367074666765E-004)
 (2.966700074824733E-003,-2.133024465913211E-005)
 (8.737868263839810E-004,8.613093046766768E-004)
 (1.502022052517826E-003,1.480570744993915E-003)
 (7.952599638585620E-004,7.839032068169315E-004)
 (6.944652673464039E-004,-7.045180818610131E-004)
 (2.463818622245563E-003,-1.771569805901691E-005)
 (1.109166187711572E-003,-1.125230890943072E-003)
 (1.109166719931377E-003,-1.125235072752260E-003)
 (-4.600671744906529E-007,-6.399070331804237E-005)
 (5.660814279806031E-004,-5.742850516891979E-004)
 (5.213442946322876E-007,7.243545107502043E-005)
 (1.766839798847897E-003,-1.270404312651440E-005)
 (-1.143198036014336E-007,-1.610806598633617E-005)
 (-3.202182040320638E-002,3.457788876406787E-002)
 (3.593361826166808E-002,-1.379076276198129E-003)
 (1.932609275045138E-003,5.035590814007707E-002)
 (-2.029648995393207E-002,7.789765208763722E-004)
 (1.931281389365404E-002,1.788522927630562E-002)
 (-7.682944689410887E-003,8.296251930749191E-003)
 (-5.948343139076009E-003,6.423110762640437E-003)
 (7.244333210376301E-004,1.887591226183175E-002)
 (9.594078503074460E-003,8.884884567995237E-003)
 (5.591802486835438E-003,5.178451390903540E-003)
 (6.158607028893918E-004,1.604613866055431E-002)
 (1.430984698060070E-003,-5.487200783251846E-005)
 (4.605346827534395E-003,-1.767018426841860E-004)
 (8.958009376862464E-003,8.295824143043718E-003)
 (4.843406501501839E-004,1.261869812167880E-002)
 (8.190590182610763E-003,7.585185131043407E-003)
 (3.668294693578442E-004,9.558895246069380E-003)
 (-4.331575308955804E-003,4.677298787485214E-003)
 (4.184249315236893E-003,3.874927016939294E-003)
 (-3.181029583769850E-003,3.434875838434705E-003)
 (-3.570031988568127E-003,3.855012941024424E-003)
 (3.815427828394379E-003,3.533368450991453E-003)
 (3.283658129228512E-004,8.556134231732253E-003)
 (-3.994965162514976E-003,4.313891252973389E-003)
 (2.091566904072353E-003,-8.028987287372164E-005)
 (2.513736772648744E-004,6.550261995849140E-003)
 (1.145729855825380E-004,-4.386592659007358E-006)
 (-2.977043764860733E-004,1.141538561751872E-005)
 (1.980584113064128E-004,5.161063277284339E-003)
 (1.483113218787130E-004,3.864283917911943E-003)
 (3.315560203612723E-004,-1.272177260675078E-005)
 (1.346248286272929E-003,1.246713824558389E-003)
 (6.597970338897583E-004,6.110062751889759E-004)
 (1.381390629154757E-003,1.279267115227033E-003)
 (-1.505252156651748E-003,1.625423385816625E-003)
 (-3.334820476862957E-004,1.279887681353752E-005)
 (-3.890806355697048E-004,4.201454409323090E-004)
 (-3.890679924907591E-004,4.201328154397287E-004)
 (7.931995053443361E-005,2.066737740438879E-003)
 (-7.866378182616491E-004,8.494260628929252E-004)
 (3.360678436554104E-005,8.757010633338747E-004)
 (2.959611825109035E-004,-1.136231772917947E-005)
 (5.755491112203884E-005,1.499473227123133E-003)
 (-1.078612612614305E-002,-1.855829576916847E-002)
 (-1.484000233371725E-002,5.603020260235136E-002)
 (4.819158379752539E-003,1.276433287811830E-003)
 (1.389526476831557E-003,-5.246454268988746E-003)
 (4.539679311719667E-003,-2.638473787095335E-003)
 (8.823220011010668E-003,1.518089168188590E-002)
 (-5.985302851702296E-003,-1.029807514396920E-002)
 (4.906734757357118E-003,1.299595840428696E-003)
 (2.877342796410720E-003,-1.672299672335535E-003)
 (3.136320976309004E-004,-1.823000636695318E-004)
 (-1.074722100458448E-003,-2.846458827490090E-004)
 (1.752151487288381E-003,-6.615439948128054E-003)
 (-8.618366078593372E-004,3.254012449764833E-003)
 (3.262876858214462E-006,-1.889035964724461E-006)
 (6.936081968557154E-004,1.837191712318219E-004)
 (2.869532365568353E-004,-1.667647606338622E-004)
 (3.984108119760950E-004,1.055167520889203E-004)
 (1.726092491330808E-004,2.969982775581058E-004)
 (5.823911842882952E-004,-3.384810448866290E-004)
 (7.995691150040293E-004,1.375701952825743E-003)
 (-8.016718928754820E-004,-1.379333839370170E-003)
 (2.201334095004270E-003,-1.279419517820146E-003)
 (-6.965598305919088E-004,-1.844793202418239E-004)
 (-4.699365899154948E-004,-8.085615343862639E-004)
 (-4.384740257909778E-004,1.655527341878647E-003)
 (5.965550271071026E-004,1.579997892945932E-004)
 (5.728539216686097E-004,-2.162850434714897E-003)
 (2.287960805641002E-004,-8.638291597733728E-004)
 (4.954691154197888E-005,1.312453302830004E-005)
 (-4.984476861827925E-004,-1.320174592999947E-004)
 (-1.146731619802534E-004,4.329528007830149E-004)
 (4.393512088933949E-004,-2.553515789547372E-004)
 (2.027554468634385E-004,-1.178379192852571E-004)
 (8.946665987694941E-004,-5.199813794517477E-004)
 (-5.078997838434847E-004,-8.738779171891115E-004)
 (-1.566099875324851E-004,5.912945627975826E-004)
 (5.832165683056852E-004,1.003457923187872E-003)
 (5.832159767857950E-004,1.003454571235657E-003)
 (7.896927805957192E-004,2.091559075953652E-004)
 (3.509627907445780E-004,6.038502478498068E-004)
 (2.766431199902699E-004,7.327671736035389E-005)
 (-2.465338393171028E-004,9.308087270839053E-004)
 (9.346020037035338E-004,2.475373824644358E-004)
 (-2.718873288122398E-002,6.933730473122046E-004)
 (1.480685331773839E-007,-1.123124143338514E-008)
 (1.683590520638143E-008,1.165277517488939E-007)
 (3.929051734670226E-002,3.733614359513172E-002)
 (7.872409373230975E-004,3.086225117616811E-002)
 (7.248153219875572E-003,-1.848995704465145E-004)
 (-3.693210239333800E-003,9.422721810814741E-005)
 (-2.269612342450343E-003,2.388445224748232E-003)
 (3.496889138271619E-006,1.345250637829050E-004)
 (2.570444585521962E-004,1.007815636538983E-002)
 (2.426404568030620E-003,-2.553398971551848E-003)
 (2.138448855728359E-008,7.159251472374760E-009)
 (-8.262005216078858E-004,-7.851125810031341E-004)
 (4.014095353389012E-008,3.975280674718146E-008)
 (-7.818731267267002E-004,8.228201759820654E-004)
 (3.542517732558621E-008,3.808301377331989E-008)
 (5.207039479168289E-004,-5.479526404946487E-004)
 (7.087212340736511E-005,-1.797779478510222E-006)
 (1.650674068499002E-006,6.467480175940488E-005)
 (6.699495707948834E-005,-1.700794220445346E-006)
 (-2.105989992232780E-003,5.370921492593134E-005)
 (-5.283274034023799E-006,-2.076604257431010E-004)
 (8.057444878383758E-004,-8.479261460433551E-004)
 (1.374700567190275E-003,-3.506547659623464E-005)
 (6.615398053090365E-004,6.286176364867367E-004)
 (-1.139639148931376E-003,1.199301131702159E-003)
 (-2.227122777815707E-004,-2.116508211233397E-004)
 (1.847687229963159E-003,1.755763389082526E-003)
 (9.477379313756856E-004,-9.973571603478293E-004)
 (-8.052738518954687E-004,8.474289683529470E-004)
 (-2.422306109976666E-004,-2.301796419473186E-004)
 (2.936095029060168E-005,1.151055592066603E-003)
 (4.843420443599165E-005,1.898586634024946E-003)
 (5.824785688604810E-009,4.470129198840643E-009)
 (6.656859377614628E-004,-1.698121579450462E-005)
 (6.884066649774172E-004,6.541695078193714E-004)
 (4.998968428184969E-004,-1.274797195986862E-005)
 (-4.998960943236877E-004,1.275272777727085E-005)
 (5.796644410459542E-004,-6.100008187381849E-004)
 (-5.063691667201685E-004,1.291698257129571E-005)
 (7.962604816254349E-005,-8.378278440489437E-005)
 (-6.606231866470349E-004,-6.277625498085352E-004)
 (-4.868833394639297E-004,5.123758126730566E-004)
 AAAAAA           6
 (6.921396446842855E-002,-1.090334249388028E-002)
 (-1.183874322131488E-003,1.626642849054922E-003)
 (-7.183884489746124E-003,-5.228536539965446E-003)
 (-3.326355140629619E-003,-2.111554572576126E-002)
 (-8.694380971915784E-003,-6.327906138930993E-003)
 (-1.824659678033058E-002,2.874405846813071E-003)
 (-1.953100398125901E-003,-1.239820267137095E-002)
 (3.032242730780448E-004,-4.166169620678781E-004)
 (-1.135144536345009E-002,1.788198264612904E-003)
 (-3.723998706686888E-004,5.116759625981071E-004)
 (-1.115082916410264E-002,-8.115749174314121E-003)
 (-6.279026258463004E-004,8.627139543069938E-004)
 (-1.352601140938275E-003,-8.586276245341803E-003)
 (-1.352749511206119E-003,-8.587197930414101E-003)
 (-7.729564578791442E-003,1.217637519785317E-003)
 (-1.186241150344512E-003,-7.530226776303177E-003)
 (-9.302580352443595E-003,-6.770558426159990E-003)
 (2.370903665755701E-004,-3.257612227340807E-004)
 (-7.247762149981530E-003,-5.275023386037374E-003)
 (-8.602329181427474E-004,-5.460725733782532E-003)
 (-5.925479298473115E-003,-4.312652365852541E-003)
 (-4.480963760716399E-003,7.058868446321953E-004)
 (3.473724742049714E-004,-4.772701146768494E-004)
 (-4.121592158155937E-003,6.492801301306616E-004)
 (-1.146331699813923E-004,1.575020734042340E-004)
 (-3.641566356722158E-003,5.736614477185472E-004)
 (-4.698768234287726E-004,6.455985705007000E-004)
 (-5.180791064445054E-004,-3.288748967765009E-003)
 (-5.180799737087077E-004,-3.288751868926363E-003)
 (-2.856183393702139E-003,-2.078772650610860E-003)
 (-3.422118623750453E-004,4.701925759683444E-004)
 (-1.937762986413583E-003,3.052572328398419E-004)
 (-2.044873387587340E-004,-1.298073275410897E-003)
 (-2.149344550518230E-003,-1.564325049920397E-003)
 (-1.698160085534533E-003,2.675113513602606E-004)
 (1.608658785157573E-005,-2.210363220772009E-005)
 (-1.792840486991922E-003,-1.304857058981954E-003)
 (-1.056407549805719E-003,1.664170103543717E-004)
 (-6.915300702296362E-004,1.089369767872443E-004)
 (-1.334006470063920E-003,-9.709095512816137E-004)
 (-1.289960599434320E-004,-8.188791762536118E-004)
 (-1.289993164020485E-004,-8.188698445781573E-004)
 (0.000000000000000E+000,0.000000000000000E+000)
 (-6.581556324737739E-002,8.003263094873647E-003)
 (-3.728406054101542E-002,4.760701571114305E-002)
 (6.429230554783269E-002,5.035138474095077E-002)
 (2.208639876784294E-003,1.816305847742916E-002)
 (-1.229720565390590E-002,-9.630696040266316E-003)
 (7.224791521309067E-003,-8.785743823653078E-004)
 (1.574886395124632E-003,1.295107371811084E-002)
 (-5.800514367065226E-003,7.406537193797037E-003)
 (-1.276953372237836E-002,1.552802521071124E-003)
 (-6.038728727604734E-003,7.710648867611728E-003)
 (4.464413905649165E-003,3.496391912196690E-003)
 (-7.091835654096889E-003,9.055345765037234E-003)
 (4.910825811037774E-004,4.038629758990128E-003)
 (1.071872687057886E-003,8.814562652672558E-003)
 (-6.029086098992061E-003,7.331432677935294E-004)
 (9.570734887082671E-004,7.870585642120934E-003)
 (-2.802953143229802E-003,-2.195185450106120E-003)
 (-4.689840227612044E-003,5.988308535785258E-003)
 (-2.085547649079849E-004,-1.633344067050645E-004)
 (3.964390068416651E-004,3.260052482729594E-003)
 (2.786368033184537E-003,2.182196160527052E-003)
 (-2.581739606494677E-003,3.139488809199445E-004)
 (-3.122156359748135E-003,3.986592311718772E-003)
 (-4.897729995083722E-003,5.955728496246124E-004)
 (-2.863576193368144E-003,3.656420672377346E-003)
 (-3.577933757839083E-003,4.350728958846602E-004)
 (-2.662078507028591E-003,3.399132218211491E-003)
 (1.383948162603432E-004,1.138014164339052E-003)
 (1.383906004409366E-004,1.138034915826768E-003)
 (-1.162055530089916E-003,-9.100904578209943E-004)
 (-1.676201733902014E-003,2.140292475937126E-003)
 (8.653626966203294E-004,-1.052328318947369E-004)
 (9.617504615384279E-005,7.909208753622995E-004)
 (2.500303938918887E-005,1.959051327401974E-005)
 (4.105961107228298E-004,-4.993086308094137E-005)
 (-1.701046395084382E-004,2.172038677103079E-004)
 (-1.415391993632799E-004,-1.108499194989254E-004)
 (-2.524088436653625E-004,3.069770702679435E-005)
 (-1.106240734561468E-003,1.345223655062105E-004)
 (3.832835071943401E-004,3.001752565641431E-004)
 (4.028963465120063E-005,3.313149855611537E-004)
 (4.028984221223876E-005,3.313024162188210E-004)
 (0.000000000000000E+000,0.000000000000000E+000)
 (1.143569458459483E-002,2.226721178882933E-002)
 (3.792594539074456E-002,1.218895660037145E-002)
 (1.688138702187573E-003,-5.252634838869698E-003)
 (3.801783747142138E-002,-1.952458103046434E-002)
 (6.615334901641109E-003,-2.058388385869552E-002)
 (-4.565754620877310E-003,-8.890356954793755E-003)
 (1.776093558517298E-002,-9.121332744002002E-003)
 (1.046137287708518E-002,3.362117772544707E-003)
 (-2.817900223604327E-004,-5.486849382549304E-004)
 (2.557550513066434E-003,8.219588685106352E-004)
 (4.483148419439303E-004,-1.394886203944179E-003)
 (-3.297093751207653E-005,-1.059535548287634E-005)
 (4.940647281758457E-003,-2.537349400243743E-003)
 (5.877705192884710E-003,-3.018565874976748E-003)
 (1.740791783585124E-004,3.389305771942545E-004)
 (5.871520946516951E-003,-3.015383809077451E-003)
 (1.714121372724190E-003,-5.333499731242156E-003)
 (4.753070545104225E-003,1.527548129637998E-003)
 (1.541129175674837E-003,-4.795325441190484E-003)
 (1.339565325559173E-003,-6.879523681429616E-004)
 (6.114445573183532E-004,-1.902584056131412E-003)
 (-1.568242304589024E-005,-3.055839071647504E-005)
 (2.430020632077264E-003,7.809819817643919E-004)
 (5.175424033716439E-004,1.007761942863960E-003)
 (1.768671346938761E-003,5.684199852892241E-004)
 (-1.425972754812377E-004,-2.776323137290112E-004)
 (1.688725824179681E-003,5.427414885955550E-004)
 (3.041165850773084E-003,-1.561836062382284E-003)
 (3.041166840487414E-003,-1.561839896275186E-003)
 (4.854562672416899E-004,-1.510510256049382E-003)
 (-4.779875583915706E-004,-1.536181066368013E-004)
 (3.943603772269567E-004,7.678792092342903E-004)
 (5.771724825338802E-004,-2.964219549345280E-004)
 (5.203084511897869E-005,-1.619143722516332E-004)
 (4.921367856111022E-004,9.582779375909523E-004)
 (7.724232770792791E-004,2.482482187013986E-004)
 (2.189903569888695E-004,-6.814033151618556E-004)
 (-5.795091811788966E-005,-1.128411147801092E-004)
 (-1.247577477713631E-004,-2.429251560035110E-004)
 (-2.539172975045890E-004,7.900650372381661E-004)
 (1.070416020603040E-003,-5.497212346802371E-004)
 (1.070399690831716E-003,-5.497250703255092E-004)
 (0.000000000000000E+000,0.000000000000000E+000)
 (-3.330697546736997E-008,-2.620998043132480E-008)
 (8.490065503689970E-002,-5.172367390832470E-002)
 (-2.865068171049410E-002,-4.702832690722573E-002)
 (-9.973121326775870E-009,-2.744161757855638E-008)
 (1.674009527182507E-002,2.747771716601812E-002)
 (4.015951229126941E-002,9.752129795713875E-003)
 (1.905150075703478E-003,-7.845445180670773E-003)
 (-1.326138049864109E-003,8.078818265097137E-004)
 (-1.025373899557490E-002,-2.489949969742839E-003)
 (7.907941704191655E-003,-4.817685902594106E-003)
 (-1.441827030185621E-003,-2.366648145124782E-003)
 (-6.953710261112860E-004,4.236358355197956E-004)
 (-1.710225854069570E-003,7.042749654191480E-003)
 (-5.557530187521337E-009,-5.355299040993637E-008)
 (2.511870789087462E-003,6.099814977178021E-004)
 (7.093394398377730E-004,-2.921146162643784E-003)
 (-2.725204887828678E-003,-4.473243480045568E-003)
 (1.697723775366297E-003,-1.034293129620972E-003)
 (2.019764998464968E-003,3.315279387846935E-003)
 (2.152782865128300E-009,2.987919293292832E-009)
 (-1.235798732041020E-008,-1.453265800412708E-008)
 (1.221647070219524E-003,2.966518259491629E-004)
 (1.856567617794992E-004,-1.131265818244291E-004)
 (-1.893175274374244E-003,-4.597284619214505E-004)
 (4.085710590156760E-004,-2.489093763101138E-004)
 (2.858904293925085E-003,6.942352353684716E-004)
 (5.913703200699457E-005,-3.602024100750991E-005)
 (5.000602250783441E-004,-2.059188690640149E-003)
 (-5.000493512246042E-004,2.059223265834977E-003)
 (-8.985399475121138E-004,-1.474879552465635E-003)
 (1.779498189653627E-003,-1.084124241886904E-003)
 (1.393418906368186E-004,3.383935415275938E-005)
 (1.134866939348264E-009,9.501472995285556E-009)
 (5.056368486906430E-004,8.299617172708789E-004)
 (3.019329208704964E-004,7.332333076037179E-005)
 (-4.096097684534334E-009,1.797654020210924E-009)
 (-4.322586708040855E-005,-7.093777834860072E-005)
 (-2.363445235920610E-004,-5.739064351681815E-005)
 (8.408110313221851E-004,2.041724189533936E-004)
 (-5.704923198889993E-006,-9.354536233467131E-006)
 (1.817872907517684E-004,-7.485953044575284E-004)
 (-1.817880074444164E-004,7.486056932930300E-004)
 (0.000000000000000E+000,0.000000000000000E+000)
 AAAAAA           7
 (5.859739134123491E-002,1.178055141880159E-002)
 (-1.987010040869445E-003,-2.987010195440792E-003)
 (-2.809660655582969E-003,1.869050692364378E-003)
 (4.529660113684790E-003,-2.253094637267458E-002)
 (-6.247769452541380E-003,-9.392012139483340E-003)
 (-1.631187270903980E-002,-3.279373417048447E-003)
 (1.985975003197782E-003,-9.878449632928577E-003)
 (-2.397309746584529E-005,1.593578506383515E-005)
 (-1.309986051404674E-002,-2.633630524731585E-003)
 (-8.014564723709993E-003,-1.204798151536926E-002)
 (-1.413553697804901E-003,9.403205922568853E-004)
 (1.611773002255802E-003,-8.017127006646169E-003)
 (-9.182908895215781E-004,6.108554108331887E-004)
 (1.847150900080481E-003,-9.187899539443899E-003)
 (-7.563996972084389E-003,-1.137065285074836E-002)
 (-8.267912887781481E-003,-1.662199214134854E-003)
 (1.424448393252282E-003,-7.085354196198646E-003)
 (4.249427223112955E-004,-2.826834301983712E-004)
 (1.077600285140444E-003,-5.360084637570713E-003)
 (-4.257630540245718E-003,-6.400336698802201E-003)
 (3.067227190810262E-004,-2.040427532656757E-004)
 (-4.946317563478052E-003,-9.944207387641924E-004)
 (-3.604233913066223E-003,-5.418103874860945E-003)
 (-4.573779995384992E-003,-9.195237425798841E-004)
 (-9.611748450128847E-004,6.393924773906513E-004)
 (-4.319121770216741E-003,-8.683274845238420E-004)
 (7.783489871175612E-004,-3.871562248811333E-003)
 (-4.104909503285016E-004,2.730641721723245E-004)
 (-2.359205619649050E-003,-3.546498824803123E-003)
 (5.987197074939865E-004,-2.978085640215811E-003)
 (-8.791161511199665E-004,5.848015535884245E-004)
 (2.616035758975406E-004,-1.301243909778909E-003)
 (-1.463512061635688E-003,-2.200040422038910E-003)
 (-1.586495659058411E-003,-3.189536679049964E-004)
 (-1.299565314582123E-003,-1.953585917586731E-003)
 (-1.330980365000297E-003,-2.675821811682350E-004)
 (-8.994842818554823E-004,-1.808349953894807E-004)
 (1.957912318461868E-004,-9.738832268559682E-004)
 (5.444438101608508E-005,-3.621733257863008E-005)
 (-7.603104675384485E-004,-1.528545027220359E-004)
 (0.000000000000000E+000,0.000000000000000E+000)
 (0.000000000000000E+000,0.000000000000000E+000)
 (0.000000000000000E+000,0.000000000000000E+000)
 (-5.310535797816274E-002,-2.514593566928974E-002)
 (2.524545562766925E-002,7.065561607293422E-002)
 (-4.893156893836079E-002,1.748338355737537E-002)
 (-1.066959136269398E-002,2.253297105901871E-002)
 (-4.755985064118811E-003,-1.331075317871827E-002)
 (1.118363992959998E-003,5.295440341413352E-004)
 (-5.479292708177236E-003,1.157163659486840E-002)
 (-1.194168662641229E-002,4.266836656825541E-003)
 (-1.047312422422502E-002,-4.959111195410574E-003)
 (2.012775762024432E-003,5.633190856071025E-003)
 (-1.193306376164141E-002,4.263720725420064E-003)
 (-2.424340670069989E-003,5.119940245698161E-003)
 (-9.611786753829031E-003,3.434351734019880E-003)
 (-4.668739703629758E-003,9.859828886716300E-003)
 (-5.106198343113865E-004,-1.429192158054166E-003)
 (-6.239098414856541E-003,-2.954255831442739E-003)
 (-3.864046076492775E-003,8.160435907660571E-003)
 (-8.516794778611362E-003,3.043071709215814E-003)
 (-1.901676929896833E-003,4.016123109169665E-003)
 (-4.683651727855554E-006,-1.304330871185312E-005)
 (-6.421930094655174E-003,2.294589016464720E-003)
 (-4.703428567625483E-003,-2.227104234565843E-003)
 (1.075301427785105E-003,3.009493301153719E-003)
 (-2.537915320227498E-003,-1.201740663948352E-003)
 (-4.992918250268263E-003,1.783979691105196E-003)
 (-4.041239007333994E-003,-1.913600778821568E-003)
 (-1.002643269023270E-003,2.117453769718176E-003)
 (-4.637877828813202E-003,1.657121840844323E-003)
 (-3.141320326863609E-004,-8.792446816087178E-004)
 (-5.515530680640746E-004,1.164799476199808E-003)
 (-3.089541490433496E-003,1.103898255338174E-003)
 (-5.873329230921057E-004,1.240376882690124E-003)
 (7.224912910288446E-005,2.021989318994010E-004)
 (3.234078896273529E-004,1.531363319226642E-004)
 (4.705163841572154E-005,1.316986897550304E-004)
 (-6.311500481076402E-005,-2.988552105595247E-005)
 (-1.607166627989377E-003,-7.610112921367650E-004)
 (-3.385682120525360E-004,7.150191237781660E-004)
 (-6.352634695241307E-004,2.269863125374006E-004)
 (-5.460287720552822E-004,-2.585499432668968E-004)
 (0.000000000000000E+000,0.000000000000000E+000)
 (0.000000000000000E+000,0.000000000000000E+000)
 (0.000000000000000E+000,0.000000000000000E+000)
 (-2.549827630835499E-003,-1.021701150642803E-003)
 (4.142817693010851E-003,9.681939897097933E-003)
 (2.907988195921438E-002,-1.244295692655022E-002)
 (1.346488642533042E-002,-3.360606387707171E-002)
 (-7.869419169154141E-003,-1.839123879916087E-002)
 (4.545280064090319E-003,1.821161409879272E-003)
 (5.688493984391374E-003,-1.419744746784949E-002)
 (1.014439906858461E-002,-4.340681172921156E-003)
 (-2.378583247023378E-003,-9.530172121149633E-004)
 (-5.824072192263299E-004,-1.361125582287062E-003)
 (1.215555592969026E-003,-5.201340618793063E-004)
 (1.844888863068553E-003,-4.604541132665995E-003)
 (3.413641301692357E-003,-1.460646474541026E-003)
 (2.710697971820552E-003,-6.765409288188939E-003)
 (-2.602134772755255E-003,-6.081340642074217E-003)
 (1.190025827152720E-003,4.768082007634118E-004)
 (2.378890558632963E-003,-5.937287430438066E-003)
 (5.160835714296296E-003,-2.208261639034616E-003)
 (7.176043832490421E-004,-1.791024657809565E-003)
 (-1.327721521385836E-003,-3.102943246735946E-003)
 (2.464778044592362E-003,-1.054650038390805E-003)
 (6.357253251892042E-004,2.547189070264492E-004)
 (-4.615078616036673E-004,-1.078580095763573E-003)
 (9.720894328552904E-004,3.894830126993776E-004)
 (2.333210619157982E-003,-9.983618511321798E-004)
 (2.555886648549134E-004,1.023997573147918E-004)
 (1.396164296071381E-003,-3.484595654501631E-003)
 (1.713557278927698E-003,-7.332117052343359E-004)
 (-9.733648373587222E-004,-2.274822616877185E-003)
 (8.763274077958952E-004,-2.187172028228201E-003)
 (1.165313103270299E-004,-4.986277427066948E-005)
 (4.398938101203017E-004,-1.097909945300375E-003)
 (3.983949003648883E-005,9.311345486961947E-005)
 (8.926437450867391E-004,3.576536188784634E-004)
 (-1.244414962254367E-004,-2.908173209127253E-004)
 (1.061306248414668E-003,4.252326102982880E-004)
 (-2.644593188917393E-004,-1.059600018049421E-004)
 (5.856756874331872E-004,-1.461750410298967E-003)
 (7.714449606845256E-004,-3.300934536375138E-004)
 (4.646176329635655E-004,1.861575736463610E-004)
 (0.000000000000000E+000,0.000000000000000E+000)
 (0.000000000000000E+000,0.000000000000000E+000)
 (0.000000000000000E+000,0.000000000000000E+000)
 (5.123022561963270E-003,2.064669578241339E-003)
 (1.631809580402731E-003,3.835052513972274E-003)
 (3.665571656258009E-002,-1.559710477542572E-002)
 (-3.076737191564874E-003,7.634335475770644E-003)
 (1.324911145867930E-002,3.113754456120449E-002)
 (3.113364823662349E-002,1.254729003655238E-002)
 (8.192962991743428E-004,-2.032969150660629E-003)
 (3.867873493986009E-003,-1.645786383375808E-003)
 (-7.998038355445138E-003,-3.223321440627837E-003)
 (-3.836060787768036E-004,-9.015650782819280E-004)
 (4.636636016164876E-003,-1.972900491595224E-003)
 (-1.340852564410456E-003,3.327069530983879E-003)
 (4.567675952054932E-003,-1.943549710999701E-003)
 (7.419839079340054E-004,-1.841104936749574E-003)
 (-1.163608796799639E-003,-2.734652485061169E-003)
 (3.022072760596939E-003,1.217952013172667E-003)
 (1.114333998172670E-003,-2.765000560295716E-003)
 (2.732284006399897E-003,-1.162601937992190E-003)
 (7.991555726964443E-004,-1.982948053294599E-003)
 (1.229013078945285E-003,2.888388403323242E-003)
 (2.067378847040434E-003,-8.796727717406210E-004)
 (-1.253592243804503E-003,-5.052167412608977E-004)
 (3.820107340418350E-004,8.977991505295152E-004)
 (1.825648304514764E-003,7.357591068363451E-004)
 (1.090162282915715E-003,-4.638666704616841E-004)
 (2.966482462002160E-003,1.195526725057968E-003)
 (2.967067807511320E-004,-7.362058580700336E-004)
 (1.284041445738956E-004,-5.464047239344822E-005)
 (-3.624682047004951E-004,-8.518546530077296E-004)
 (-8.416203682635210E-004,2.088300403520450E-003)
 (2.524464997348614E-003,-1.074167028577409E-003)
 (1.558141671569130E-004,-3.866274701835579E-004)
 (4.179629623414297E-004,9.822761092800720E-004)
 (7.820412499982743E-004,3.151722563770567E-004)
 (3.409030968993245E-005,8.011647797252304E-005)
 (3.873288547438374E-004,1.560999783244226E-004)
 (1.014763606160902E-003,4.089633929000134E-004)
 (8.505622312097177E-005,-2.110482388568300E-004)
 (2.456295766928065E-004,-1.045130914844552E-004)
 (1.030431142900928E-005,4.153427793875791E-006)
 (0.000000000000000E+000,0.000000000000000E+000)
 (0.000000000000000E+000,0.000000000000000E+000)
 (0.000000000000000E+000,0.000000000000000E+000)
 AAAAAA           8
 (3.761330079936222E-002,-1.599057847733856E-002)
 (1.152953650490668E-002,4.650789683518419E-003)
 (-3.972872097692410E-003,9.848965862896117E-003)
 (-7.941582977466296E-003,-1.868030690774084E-002)
 (-1.264071245264717E-002,-5.099009579858092E-003)
 (-1.337372072802096E-002,5.685585595256503E-003)
 (-1.530543177108610E-002,6.506805399279464E-003)
 (-1.114363222885113E-003,2.762588999202516E-003)
 (-2.421233367248287E-003,-5.695230857992525E-003)
 (-1.308803684833030E-002,-5.279449038871125E-003)
 (-1.690714118730744E-003,4.191434437560894E-003)
 (-2.426077584016823E-003,-5.706652005299562E-003)
 (-3.237397383683425E-003,-7.615076646739658E-003)
 (-1.476379610389240E-002,-5.955420072559942E-003)
 (-1.079130688014660E-003,2.675231051563916E-003)
 (-9.177515506044689E-003,3.901662027115685E-003)
 (-3.235100114509273E-004,8.019555123381209E-004)
 (-2.078875495801578E-003,-4.889982569535659E-003)
 (-1.711063461982638E-003,-4.024785795438846E-003)
 (-6.241540969002301E-003,2.653468746239187E-003)
 (-4.894214352223748E-004,1.213298032782169E-003)
 (-9.292962766421905E-004,2.303829135297455E-003)
 (-1.606791844459298E-003,-3.779490424270773E-003)
 (-4.724435485046215E-003,2.008514677915435E-003)
 (-5.532481501980556E-003,2.352029196784502E-003)
 (-4.871901733797302E-003,-1.965230986957204E-003)
 (-5.994202296723287E-003,-2.417940543377324E-003)
 (-4.774709279276386E-003,-1.926017079171211E-003)
 (-5.284810604100371E-004,1.310113722848726E-003)
 (-8.251224545480692E-004,2.045539500260873E-003)
 (-9.894807257677181E-004,-2.327466676955266E-003)
 (-4.013485894278035E-004,-9.440513354669324E-004)
 (-3.872037186926089E-004,-9.107826840405284E-004)
 (-2.313859537548718E-003,-9.333652025919845E-004)
 (-1.525378693643720E-003,6.484927061731099E-004)
 (-2.188347594135784E-003,-8.827366950035679E-004)
 (-1.211429241545203E-003,5.150159199609082E-004)
 (-1.035219994259116E-003,4.401067817020357E-004)
 (-8.117962243045193E-004,3.451174732545807E-004)
 (-1.124182820396843E-004,2.787082622483153E-004)
 (-2.087405124726904E-005,5.174315390583541E-005)
 (-3.899773486651723E-005,9.668969248867524E-005)
 (0.000000000000000E+000,0.000000000000000E+000)
 (-4.784233424815569E-002,3.031448420377643E-002)
 (5.354356587530727E-002,1.200795770304760E-002)
 (-9.967675161163821E-003,4.444593892327860E-002)
 (1.876692709123426E-002,2.961798895970296E-002)
 (-8.700974560802210E-003,-1.951337965596555E-003)
 (-2.791560032259111E-003,1.768828020258239E-003)
 (-6.046031627046644E-003,3.830972105865017E-003)
 (-3.701940148757617E-003,1.650693775535524E-002)
 (7.586616041726460E-003,1.197322209495613E-002)
 (8.153981768795872E-003,1.828639077398566E-003)
 (-3.116047456151565E-003,1.389447174470987E-002)
 (4.727827812129591E-003,7.461490640309405E-003)
 (8.108017668174761E-003,1.279611667080379E-002)
 (3.744305924083792E-003,8.397066759017392E-004)
 (-2.149589042949185E-003,9.584983490162602E-003)
 (-5.028737180999765E-003,3.186385509109210E-003)
 (-2.359029807199871E-003,1.051894518423084E-002)
 (5.899859795603681E-003,9.311191194952639E-003)
 (3.545504316328506E-003,5.595495274752097E-003)
 (-3.738243182732525E-003,2.368668216532353E-003)
 (-1.946432861409758E-003,8.679161066537551E-003)
 (-1.425445385081394E-003,6.356058577591378E-003)
 (2.601095567908171E-003,4.105061476234812E-003)
 (-2.219706152766197E-003,1.406472220144335E-003)
 (-3.670565756346223E-003,2.325805347774215E-003)
 (3.319918290736984E-003,7.445429248796926E-004)
 (1.278340238686044E-003,2.866781052586542E-004)
 (8.985105012008977E-004,2.015070976679618E-004)
 (-1.049498620730074E-003,4.679738736858419E-003)
 (-7.962352479821869E-004,3.550440783288610E-003)
 (9.598013600733868E-004,1.514739867379182E-003)
 (1.276173275615353E-003,2.014052558094058E-003)
 (9.634579964825753E-004,1.520534677777396E-003)
 (6.052346501278957E-004,1.357403279442136E-004)
 (-1.841927529414882E-003,1.167110545661772E-003)
 (7.327937567027722E-004,1.643404390849655E-004)
 (-4.192169385688308E-005,2.656357198663095E-005)
 (-3.137477289279655E-004,1.987968470789070E-004)
 (-5.651933247016654E-004,3.581234518409403E-004)
 (-2.763093141262329E-004,1.232073597878765E-003)
 (-2.127175385648664E-004,9.485132961780960E-004)
 (-2.754571112440826E-004,1.228256110694817E-003)
 (0.000000000000000E+000,0.000000000000000E+000)
 (2.246698582596449E-002,-9.602133908934199E-003)
 (-3.930784663667394E-002,-1.576873175028446E-002)
 (-6.278569884814547E-003,1.565100201843414E-002)
 (6.079858897639527E-003,1.422560104502748E-002)
 (1.071242769637480E-002,4.297393405962035E-003)
 (-1.638671148205234E-002,7.003487302532865E-003)
 (5.007722810444725E-003,-2.140237590802419E-003)
 (-3.193843007209724E-003,7.961518598541792E-003)
 (2.844582419432289E-003,6.655728029743948E-003)
 (-2.245317835047526E-003,-9.007297698786670E-004)
 (-6.941495286867243E-004,1.730362312092355E-003)
 (8.906941197704247E-004,2.084022900161673E-003)
 (1.245116886504526E-003,2.913300620809727E-003)
 (4.438439522558121E-003,1.780527011981430E-003)
 (-7.067085008486075E-004,1.761654399502814E-003)
 (-1.516990031643868E-003,6.483426816485452E-004)
 (-1.203334888997991E-003,2.999634778309887E-003)
 (1.016124461075884E-003,2.377518914673069E-003)
 (4.858542977051497E-004,1.136796717009304E-003)
 (1.366998419288665E-004,-5.842294175059461E-005)
 (-4.428830431985920E-004,1.104000821244448E-003)
 (-9.188467714850040E-004,2.290474289016971E-003)
 (1.005553216816287E-003,2.352794248209483E-003)
 (-1.741244744194203E-003,7.441907834862221E-004)
 (-5.491203449626363E-004,2.346868034943056E-004)
 (-8.523967195910266E-004,-3.419485000094055E-004)
 (9.534162767670356E-004,3.824732070208323E-004)
 (2.301844804898821E-003,9.234090768422395E-004)
 (-1.548123627640300E-004,3.859111166003833E-004)
 (-2.651522301746401E-004,6.609608397543965E-004)
 (1.651218713484823E-004,3.863526539535914E-004)
 (4.610173441943773E-004,1.078681164233194E-003)
 (5.705457906073107E-004,1.334961475956634E-003)
 (-7.136309546399320E-004,-2.862804173136809E-004)
 (5.133689355053774E-004,-2.194070220696308E-004)
 (-3.126896294674938E-004,-1.254379706436816E-004)
 (-9.921585368439555E-004,4.240378498757135E-004)
 (-8.854850514990970E-004,3.784474983254316E-004)
 (-7.746412582575439E-004,3.310735429599900E-004)
 (-2.304483090329282E-004,5.744545483157848E-004)
 (-1.429660028634525E-004,3.563802332842789E-004)
 (-4.848837816651239E-004,1.208706912541815E-003)
 (0.000000000000000E+000,0.000000000000000E+000)
 (-1.083781139384434E-002,3.913389078474955E-003)
 (-1.497467350089443E-002,-7.029354930005997E-003)
 (-2.828908182701531E-003,6.026481483291412E-003)
 (-8.172254757770057E-003,-2.263242374504214E-002)
 (-3.094830715419704E-002,-1.452758031331540E-002)
 (-1.806024227055585E-002,6.521299209717805E-003)
 (6.094460281683750E-003,-2.200626290609091E-003)
 (-1.285999846993038E-004,2.739439636689850E-004)
 (-1.625705856557263E-003,-4.502271477818806E-003)
 (-6.149007459882630E-004,-2.886501353268507E-004)
 (-1.777990924778803E-003,3.787672685511628E-003)
 (-1.288354445749057E-003,-3.567979376984731E-003)
 (-6.366847707119396E-004,-1.763236326290995E-003)
 (-1.024670220585557E-003,-4.810067676833215E-004)
 (-3.020818551708172E-004,6.435321968318147E-004)
 (-1.098870357232761E-003,3.967869188409717E-004)
 (2.317655899827041E-004,-4.937627316364207E-004)
 (-3.301479668189822E-004,-9.143085612397887E-004)
 (4.527110204094136E-004,1.253743455659772E-003)
 (1.464860835431321E-003,-5.289416427772086E-004)
 (-4.855405663154796E-004,1.034340170757101E-003)
 (2.264925839766834E-004,-4.824913707182071E-004)
 (-3.986509613070101E-004,-1.104022925536126E-003)
 (-7.754495839506535E-004,2.800073172990280E-004)
 (-1.992478263089820E-003,7.194561282487396E-004)
 (-1.326998374639941E-003,-6.229165508171678E-004)
 (-2.660350533812478E-003,-1.248805279387235E-003)
 (-8.514791907642909E-004,-3.996982539215668E-004)
 (5.302102186378639E-004,-1.129513976741524E-003)
 (-9.182572036859736E-004,1.956185803887812E-003)
 (-7.969434616320627E-004,-2.207071944431282E-003)
 (-1.386961248742815E-004,-3.841036531078624E-004)
 (-2.554808840968729E-004,-7.075360742887647E-004)
 (-6.741989483332692E-004,-3.164772885478664E-004)
 (-9.976122752670951E-004,3.602254929746477E-004)
 (1.129137908292887E-005,5.299224487587627E-006)
 (-4.077769707757630E-004,1.472444267974303E-004)
 (2.221900189646959E-004,-8.022768799623347E-005)
 (2.772412517545068E-005,-1.001085674442309E-005)
 (-2.740826468330368E-004,5.838899831256386E-004)
 (1.127578962568795E-004,-2.402081201203839E-004)
 (3.311765974533540E-005,-7.054948188162924E-005)
 (0.000000000000000E+000,0.000000000000000E+000)
 AAAAAA           9
 (-4.288331628312444E-003,1.074536279901823E-002)
 (1.719486338173556E-002,4.003418659475650E-002)
 (-8.387650574616745E-003,-3.347398608247119E-003)
 (2.062838566816495E-002,-8.859992972038983E-003)
 (-7.550108581362598E-003,-1.757863646465130E-002)
 (4.623859133001702E-003,-1.158612094104547E-002)
 (8.938450757500459E-003,-3.839107705672803E-003)
 (5.780622751710903E-003,-1.448463701164904E-002)
 (-8.070523149228288E-004,-3.220814431079101E-004)
 (-5.935245292395431E-003,-1.381882662954607E-002)
 (-2.601500205337573E-003,-1.038218035255622E-003)
 (-3.765164126084475E-003,-1.502627358640467E-003)
 (8.144751498625548E-003,-3.498215213846146E-003)
 (-4.486956104473489E-003,-1.044681188375497E-002)
 (6.087658611753343E-003,-2.614673208369747E-003)
 (4.937391698578323E-003,-1.237176528194522E-002)
 (4.775283756963953E-003,-2.051006234846720E-003)
 (-6.020927306895602E-004,-2.402901879654168E-004)
 (4.464875319455846E-003,-1.917685318978828E-003)
 (3.087225154660520E-003,-7.735743548459601E-003)
 (-5.239496697183625E-004,-2.090993720081042E-004)
 (-2.395873099605278E-003,-5.578229856698218E-003)
 (-1.327123392707149E-003,-5.296320169903945E-004)
 (-1.894872545759628E-003,-7.562192389587129E-004)
 (1.992258915657670E-003,-4.992049002400268E-003)
 (-1.901626302409175E-003,-4.427488004267396E-003)
 (-1.622135018461939E-003,-3.776768605308370E-003)
 (3.245321061870156E-003,-1.393874796415673E-003)
 (3.245317050986366E-003,-1.393875952226377E-003)
 (1.717140985774210E-003,-4.302695962552770E-003)
 (1.127737038754202E-003,-4.843719799606584E-004)
 (-1.189709491573774E-003,-4.747944039369415E-004)
 (9.745486137526466E-004,-2.441947192771536E-003)
 (-5.059335897092535E-004,-1.177945957344787E-003)
 (-5.026717160384148E-004,-1.170355530404016E-003)
 (9.172432677622702E-004,-3.939569099217244E-004)
 (9.172398440892969E-004,-3.939574625091956E-004)
 (6.811502823366293E-004,-1.706772170260187E-003)
 (-3.809396592263135E-004,-8.869250438570632E-004)
 (-3.794558913757003E-004,-8.834734067191769E-004)
 (3.181409357817284E-006,1.269122787026201E-006)
 (0.000000000000000E+000,0.000000000000000E+000)
 (0.000000000000000E+000,0.000000000000000E+000)
 (-2.257699739761624E-002,7.648562367732240E-002)
 (-2.779624912408229E-002,-5.107839209338139E-002)
 (-4.060486596316147E-002,-1.198572138535880E-002)
 (-2.813127176339496E-002,1.530870047126332E-002)
 (5.492124711653546E-003,1.009234373820761E-002)
 (1.562943018909227E-003,-5.294865657166735E-003)
 (-1.320727112992607E-002,7.187234231350910E-003)
 (-2.277425577156503E-003,7.715388961527497E-003)
 (-1.179166520221037E-002,-3.480646476727015E-003)
 (-4.316995073666156E-003,-7.932916241367721E-003)
 (-9.823374524994303E-003,-2.899656009905852E-003)
 (-1.090263697847756E-002,-3.218228517186382E-003)
 (-1.176465359601585E-002,6.402177745922947E-003)
 (-3.306592121071934E-003,-6.076183928637529E-003)
 (-6.021317505558631E-003,3.276730321903874E-003)
 (-2.823333641129566E-004,9.564637001779010E-004)
 (-7.579018104689236E-003,4.124410656379227E-003)
 (-7.483881923524229E-003,-2.209082317037898E-003)
 (-4.862255598722691E-003,2.645982862398074E-003)
 (-6.164662968988080E-004,2.088455990237456E-003)
 (-6.856936392820613E-003,-2.024022163704434E-003)
 (-2.052199560606654E-003,-3.771124277668504E-003)
 (-5.780797614625257E-003,-1.706372952108804E-003)
 (-5.046594972086622E-003,-1.489650811165653E-003)
 (-1.024740299290394E-003,3.471585240646562E-003)
 (-1.369683304222764E-003,-2.516932192415972E-003)
 (-8.401090298681396E-004,-1.543782828414413E-003)
 (-2.346482536138856E-003,1.276928874467620E-003)
 (-2.346485088702420E-003,1.276928060221815E-003)
 (3.042250273262508E-007,-1.035482662675560E-006)
 (-1.718545116211315E-003,9.352123963229478E-004)
 (-2.081096325647360E-003,-6.142937112527153E-004)
 (-2.972043657558518E-004,1.006865130990624E-003)
 (1.904355234716598E-004,3.499448809055981E-004)
 (-7.283491993546264E-004,-1.338415686224571E-003)
 (-8.265229388081912E-004,4.497825791675713E-004)
 (-8.265238986731465E-004,4.497873552133627E-004)
 (-1.066182921917898E-004,3.612010173821459E-004)
 (-9.384122401616355E-005,-1.724407764957506E-004)
 (-1.819621826377466E-005,-3.343910683599131E-005)
 (-8.374613400103945E-004,-2.472012267238864E-004)
 (0.000000000000000E+000,0.000000000000000E+000)
 (0.000000000000000E+000,0.000000000000000E+000)
 (5.418466224027784E-003,-7.612760115524020E-003)
 (3.833400066654871E-003,2.276590105058422E-002)
 (-1.645496367970590E-002,-1.171207603578136E-002)
 (-3.115410127972643E-002,5.245873613804124E-003)
 (8.002931635168797E-004,4.752740866428330E-003)
 (-1.220339306832282E-002,1.714525034936908E-002)
 (-1.476904084265947E-002,2.486875158617365E-003)
 (-4.572342531791514E-004,6.423903427655340E-004)
 (-7.423811467851774E-003,-5.284002681703142E-003)
 (-8.090825523603691E-005,-4.804909030825507E-004)
 (-2.103800859209585E-003,-1.497414967250133E-003)
 (-5.973339630742063E-004,-4.251536554511199E-004)
 (-6.743266067895336E-003,1.135461096999753E-003)
 (-8.857988423648832E-005,-5.260278743759876E-004)
 (-4.081076004997216E-003,6.871889712729813E-004)
 (-2.458436653513908E-003,3.453997911608198E-003)
 (-4.436368234356019E-003,7.470158593458510E-004)
 (-2.988426846278576E-003,-2.127054933652756E-003)
 (-1.168535965735939E-003,1.967686351473521E-004)
 (-1.746736838668785E-003,2.454094379962562E-003)
 (-1.795778643672704E-003,-1.278171314557303E-003)
 (-1.705005999139971E-004,-1.012552841065209E-003)
 (-1.720329716278558E-003,-1.224471826783488E-003)
 (-2.099450686176457E-003,-1.494314726008728E-003)
 (-4.360932060108973E-004,6.126916055847748E-004)
 (-2.154939420880537E-006,-1.279278247729928E-005)
 (-5.978783431945124E-005,-3.550591677641882E-004)
 (-2.671805563830207E-003,4.498896810946658E-004)
 (-2.671806073635339E-003,4.498890253534395E-004)
 (-1.254708691746904E-003,1.762813442015419E-003)
 (-1.389095526092839E-003,2.339039815209719E-004)
 (1.534287412256071E-004,1.092073428650223E-004)
 (8.013678763186779E-005,-1.125864138202321E-004)
 (-1.569052390337728E-004,-9.318231765368006E-004)
 (8.286545264315508E-005,4.921207242997102E-004)
 (-1.366326984432302E-003,2.300666482195964E-004)
 (-1.366327975081425E-003,2.300705524281803E-004)
 (-1.667106547707484E-004,2.342225229110119E-004)
 (-1.334802642126768E-004,-7.927075916976389E-004)
 (-1.441193603928594E-005,-8.559427837487723E-005)
 (-5.938150087802033E-004,-4.226563956601794E-004)
 (0.000000000000000E+000,0.000000000000000E+000)
 (0.000000000000000E+000,0.000000000000000E+000)
 (-2.115461516786982E-002,-2.838954749151743E-002)
 (2.784235878016094E-008,2.559007387877391E-007)
 (3.978497959386265E-002,-2.964532168081544E-002)
 (9.025161753540849E-008,-6.532748723970387E-009)
 (5.135229487765135E-002,7.499309585089859E-003)
 (8.532617126697605E-003,1.145126210259414E-002)
 (5.636331441261190E-004,-3.859161816392878E-003)
 (-1.927260956609341E-003,-2.586389654898232E-003)
 (-3.212910389654683E-004,2.395606547844206E-004)
 (-8.875799797146401E-003,-1.296203880870761E-003)
 (8.287999567624757E-003,-6.175823036426509E-003)
 (-1.002956032544367E-003,7.474876634432893E-004)
 (8.548778035337628E-008,-8.776094864082330E-009)
 (3.607870213119228E-003,5.268999402132018E-004)
 (-3.050216836934608E-004,2.088619659132236E-003)
 (-1.911785361753361E-003,-2.565682402851749E-003)
 (2.862174083087698E-004,-1.959547666530152E-003)
 (1.818132982689846E-003,-1.354716981502670E-003)
 (5.923638921709140E-008,-9.165534339462292E-009)
 (1.272112934533187E-003,1.707219422265985E-003)
 (3.361975290831444E-004,-2.504465249182468E-004)
 (-1.831188743064020E-003,-2.674075795657124E-004)
 (6.633048300618955E-004,-4.942603775332804E-004)
 (-4.673238471191909E-005,3.487983871587319E-005)
 (-1.038538414368467E-009,-1.204196337279372E-009)
 (2.647962994692637E-003,3.867283040428482E-004)
 (1.528639546785370E-003,2.232422001970550E-004)
 (2.180886938444205E-004,-1.493439899813432E-003)
 (-2.181182036906915E-004,1.493443135121942E-003)
 (-7.298231492693960E-004,-9.794517402132827E-004)
 (2.317718668949932E-008,-1.001542649347065E-009)
 (1.843653336605304E-003,-1.373777210415714E-003)
 (3.733540386185534E-004,5.010591107459527E-004)
 (-6.313217992008713E-005,-9.205563405476282E-006)
 (9.684851211973248E-004,1.414504065751989E-004)
 (9.110772301004026E-005,-6.238664124313023E-004)
 (-9.111738401314771E-005,6.238657875192119E-004)
 (-1.157494703316786E-005,-1.553237605803930E-005)
 (3.019363728528916E-004,4.410123997671527E-005)
 (-4.713925309012349E-004,-6.884132492550974E-005)
 (1.313097479796812E-008,7.546561686080526E-009)
 (0.000000000000000E+000,0.000000000000000E+000)
 (0.000000000000000E+000,0.000000000000000E+000)
 AAAAAA          10
 (5.581866637632266E-002,-4.521073981816064E-002)
 (-1.156402441746229E-003,-1.214295609397244E-004)
 (-7.371369963485477E-004,7.020455227304278E-003)
 (-1.527718331060674E-002,-1.886173600057534E-002)
 (-1.335772814015403E-002,-1.402557472096628E-003)
 (-1.538355683520693E-002,1.245999759056591E-002)
 (-6.480239897224136E-003,-8.000741239473157E-003)
 (-4.934748079878548E-005,4.700271801144562E-004)
 (-1.421506450695068E-002,-1.492575885168009E-003)
 (-5.815784612951813E-003,-7.180383577717863E-003)
 (-2.327876015222858E-004,2.217133216408621E-003)
 (-8.819597913122288E-003,7.143480221981388E-003)
 (-5.589868487607655E-003,-6.901447299458396E-003)
 (-1.831762675170330E-004,1.744583588493893E-003)
 (-6.746642104392430E-003,5.464493043833205E-003)
 (-1.092525489280014E-002,-1.147145960581380E-003)
 (-3.841792647158529E-003,-4.743220853345866E-003)
 (-2.192744044955332E-005,2.088355745663187E-004)
 (-8.219208411646089E-003,-8.630141551107806E-004)
 (1.440715661869660E-005,-1.371592113123639E-004)
 (-2.773662244970230E-003,-3.424458033006574E-003)
 (-3.671166263886482E-003,2.973481733170550E-003)
 (-5.841134373883201E-003,-6.133125432583623E-004)
 (-3.570514459855855E-003,2.891961302721914E-003)
 (-7.665666975471564E-005,7.300675598049641E-004)
 (-3.349602723336775E-003,2.713027548285918E-003)
 (-1.855636436993160E-003,-2.291038203307902E-003)
 (-1.855638709141255E-003,-2.291038207968105E-003)
 (-1.042697898712062E-004,9.930344187597544E-004)
 (-1.042695331780114E-004,9.930330740513917E-004)
 (-3.505119096437634E-003,-3.680356226584188E-004)
 (-1.181722124190474E-003,9.571448511933480E-004)
 (-1.181725007005759E-003,9.571441732781320E-004)
 (-7.264210181706102E-004,-8.968690043302345E-004)
 (-7.422663214460522E-004,6.012060260662252E-004)
 (-2.193798243488702E-003,-2.303451731170068E-004)
 (-2.193801838438441E-003,-2.303473094205649E-004)
 (1.187404234016628E-005,-1.130669249552618E-004)
 (-1.598020837720490E-003,-1.677905515436007E-004)
 (-7.973938610707075E-004,6.458552986663456E-004)
 (0.000000000000000E+000,0.000000000000000E+000)
 (0.000000000000000E+000,0.000000000000000E+000)
 (0.000000000000000E+000,0.000000000000000E+000)
 (1.745600789655039E-003,-6.988242237294891E-002)
 (-6.324972005110717E-002,6.016695572025671E-002)
 (-3.095266984282351E-002,-3.253860132263629E-002)
 (-1.369903836040831E-002,-3.421916684589062E-004)
 (1.509475840104288E-002,-1.435903443871449E-002)
 (-1.008750198627030E-004,4.038604785042181E-003)
 (-9.587676775475732E-003,-2.394872827175564E-004)
 (-6.784880868737669E-003,-7.132533258145532E-003)
 (-3.879631861155866E-003,3.690538759006437E-003)
 (-4.367666719900443E-003,-1.090998967368542E-004)
 (-6.820164364250107E-003,-7.169605936013508E-003)
 (2.524891133867716E-004,-1.010803311343127E-002)
 (-8.623397713244611E-003,-2.154089822813559E-004)
 (-6.350322696171621E-003,-6.675701706759291E-003)
 (1.532148448198860E-004,-6.133747536711132E-003)
 (2.084277229273211E-003,-1.982693428219564E-003)
 (-6.233567000466614E-003,-1.557086213912152E-004)
 (-4.526228969013665E-003,-4.758143629045266E-003)
 (2.610262276892663E-004,-2.483024024789493E-004)
 (-4.007468592694409E-003,-4.212803905059415E-003)
 (-2.589425819189793E-003,-6.468331306420136E-005)
 (1.135195961721403E-004,-4.544654031431951E-003)
 (-1.783546033278150E-003,1.696620639451327E-003)
 (5.562890585981712E-005,-2.227126709738020E-003)
 (-2.950347704492203E-003,-3.101520273277777E-003)
 (9.131300263590678E-005,-3.655553140509328E-003)
 (-1.026571145003066E-003,-2.564094712873753E-005)
 (-1.026567568854919E-003,-2.564443516653951E-005)
 (-2.134970209788892E-003,-2.244365538953797E-003)
 (-2.134968753941680E-003,-2.244362150204232E-003)
 (9.028891658115093E-004,-8.588807732993085E-004)
 (-1.305228989358437E-005,5.225128437810283E-004)
 (-1.305126429233045E-005,5.225111146058971E-004)
 (-5.333122461424426E-004,-1.332208350916877E-005)
 (4.372232807101122E-005,-1.750411106048816E-003)
 (-1.046148942181816E-005,9.952084707581734E-006)
 (-1.046086794761349E-005,9.954000410075653E-006)
 (-2.568979120363677E-004,-2.700623380954383E-004)
 (-5.834178766048859E-004,5.549830266663250E-004)
 (6.028477746388271E-006,-2.413202320744603E-004)
 (0.000000000000000E+000,0.000000000000000E+000)
 (0.000000000000000E+000,0.000000000000000E+000)
 (0.000000000000000E+000,0.000000000000000E+000)
 (-9.542336896884242E-002,-2.781132642512874E-002)
 (3.481657722932487E-002,-3.037301842736926E-002)
 (3.303807506929943E-002,3.787158384936461E-002)
 (-1.397449322353818E-002,4.794751571528685E-002)
 (-4.643126406734088E-003,4.370431386884139E-002)
 (2.847353814136707E-002,2.320516581812163E-002)
 (5.841274904503846E-003,1.631892189103284E-003)
 (-7.972160994875192E-003,3.292650964174876E-003)
 (-2.317300464347617E-005,-2.243848103789520E-003)
 (-7.744633593538268E-003,6.912791642157926E-003)
 (7.115674443178355E-003,1.438040518196188E-004)
 (-2.522184902553485E-003,-4.574592709909463E-003)
 (2.722221914706303E-008,-2.148803458153201E-008)
 (3.328851630807078E-004,-2.621306077922351E-004)
 (1.633634370987196E-003,1.600147999122949E-003)
 (2.013384240278433E-003,-1.756404215513690E-003)
 (1.032254099266758E-003,7.033135704399769E-005)
 (4.366089856575714E-004,3.037018023254976E-004)
 (6.379424568705944E-004,4.521436058890098E-003)
 (7.415851810592668E-004,-7.670869746928855E-006)
 (-5.323282611241298E-005,1.826050010058473E-004)
 (1.462732403456627E-003,2.017970949934252E-003)
 (3.194139263871427E-004,5.821432690682566E-004)
 (1.156006846072293E-003,6.304011917201329E-004)
 (-4.681931597273582E-004,4.842859493096688E-006)
 (-2.089367319767099E-003,-1.556371735895049E-003)
 (1.257845437608727E-003,3.460544889582380E-004)
 (-2.008665420958343E-003,2.229956632303189E-003)
 (-1.174295310149469E-003,7.593063167392064E-004)
 (1.966078150720604E-003,-9.885371246306547E-005)
 (5.429636272325996E-004,-1.424713507341336E-003)
 (3.651569296714239E-005,1.158448520002639E-004)
 (-4.866317560184144E-005,6.237681445710347E-005)
 (-9.624134360076349E-005,3.301677179133181E-004)
 (6.934219148787106E-004,6.792093672625728E-004)
 (-2.279440867644477E-004,4.687920965010587E-004)
 (3.346664365339850E-004,3.475114561368401E-004)
 (2.975329432378169E-004,-1.632353796824735E-004)
 (-2.575874588507583E-004,-5.068789360818976E-004)
 (3.480151271221541E-004,1.284161004068641E-004)
 (0.000000000000000E+000,0.000000000000000E+000)
 (0.000000000000000E+000,0.000000000000000E+000)
 (0.000000000000000E+000,0.000000000000000E+000)
 (-9.774141551199318E-002,-2.371340590987722E-002)
 (5.741742572920441E-003,9.512029557728266E-002)
 (-0.103466958359702,6.245949818170567E-003)
 (-1.191564741990913E-002,4.911226593269614E-002)
 (1.291737642201264E-002,-2.645224012293326E-002)
 (7.571450806188285E-003,-1.271600136225388E-002)
 (-8.792647587619648E-003,1.082238246223712E-002)
 (-5.230642353504109E-003,4.285148411336908E-003)
 (-7.851057500097155E-004,7.226404565881417E-004)
 (5.889850358385508E-003,-1.219604393617098E-003)
 (-2.819788490029230E-003,-2.388329293777127E-003)
 (2.978508325217137E-003,4.470988490954180E-003)
 (-7.561587085535964E-010,2.908124225667474E-008)
 (5.211332706549825E-004,-2.370053714589138E-004)
 (4.502043993817248E-005,-1.086430060101591E-003)
 (3.321016589413342E-004,5.500569068355584E-003)
 (-1.415248624757619E-003,1.597074745564584E-003)
 (-8.893704207025856E-004,-9.152858624990291E-006)
 (1.857438559929951E-003,-2.013904358185188E-005)
 (-2.388306565669722E-004,-2.594518295798065E-004)
 (-4.538620534874678E-005,1.870568949366691E-004)
 (-8.074469470497432E-004,-1.749786884238691E-003)
 (3.496955827461629E-004,5.737551368430625E-004)
 (7.589518245861750E-004,-1.023928434035302E-004)
 (1.507979558200793E-004,1.638244633344977E-004)
 (-7.676688750227440E-004,7.387333295855106E-004)
 (-1.889997506994689E-003,2.322738464042428E-003)
 (1.249880961562103E-003,3.158658453888130E-004)
 (-1.436765324966516E-003,7.590295904226008E-004)
 (-4.424695777592756E-004,-7.244674568755595E-004)
 (-2.386351029497600E-004,1.813597660435711E-003)
 (-1.150194519972142E-004,-1.306165961036413E-004)
 (-1.607587601203557E-004,-1.137293926427101E-004)
 (-8.206054179892136E-005,3.381961547461415E-004)
 (1.909617796686586E-005,-4.611605154912219E-004)
 (5.554347604477223E-005,-7.164690964161050E-004)
 (2.758466637844180E-004,6.922962469382390E-004)
 (2.932241636259366E-004,-1.787217377958957E-004)
 (-2.949489354611134E-004,-4.497473597381984E-004)
 (3.173821778246332E-004,5.067478953392092E-005)
 (0.000000000000000E+000,0.000000000000000E+000)
 (0.000000000000000E+000,0.000000000000000E+000)
 (0.000000000000000E+000,0.000000000000000E+000)
 AAAAAA          11
 (4.023761618693086E-002,-2.831302658618569E-002)
 (1.544412648309880E-002,2.686537524707382E-003)
 (-2.121288296008953E-003,1.219459668867513E-002)
 (-1.271776471314690E-002,-1.807408855595855E-002)
 (-1.547209001504636E-002,-2.691422115770867E-003)
 (-1.396369722197447E-002,9.825498339424624E-003)
 (-5.554487002533854E-004,3.193086609618136E-003)
 (-3.766992846747236E-003,-5.353541827086751E-003)
 (-1.372897635653537E-002,-2.388190343717768E-003)
 (-4.278541372740799E-003,-6.080528374039933E-003)
 (-1.169051106754593E-002,8.225977035094348E-003)
 (-4.485280012652803E-003,-6.374337021284412E-003)
 (-6.806891020371319E-004,3.913060391358214E-003)
 (-6.395014028524621E-004,3.676261787352608E-003)
 (-8.304935554575421E-003,5.843717276785123E-003)
 (-1.278924136831169E-002,-2.224722235276351E-003)
 (-2.061693851666968E-004,1.185167597802782E-003)
 (-2.639661548919670E-003,-3.751418107111708E-003)
 (-2.294403725287773E-004,1.318955256661546E-003)
 (-5.077118349574217E-003,3.572492701091386E-003)
 (-2.125508677375820E-003,-3.020703747888206E-003)
 (-6.700181611104130E-003,-1.165516614323443E-003)
 (-3.997822039996701E-003,2.813045169857623E-003)
 (-4.657298358131812E-003,3.277095881107753E-003)
 (-4.596057326322257E-003,-7.994953636880415E-004)
 (-2.918589468739504E-004,1.677808048825919E-003)
 (-1.838066348580161E-003,-2.612192279607607E-003)
 (-3.248758397538614E-004,1.867567276078954E-003)
 (-3.351898682741566E-004,1.926886422910554E-003)
 (-4.294269877038341E-003,-7.470024077425151E-004)
 (-1.360822235751036E-003,-1.933964834158651E-003)
 (-1.255722732536602E-003,8.835858969087623E-004)
 (-5.667071691028940E-004,-8.053821577920024E-004)
 (-2.175554584224968E-003,-3.784442838678931E-004)
 (-2.012986642555665E-003,-3.501651870650556E-004)
 (-9.281687997886683E-004,6.530998473978961E-004)
 (-9.281681816808202E-004,6.531002275017141E-004)
 (-4.756951194661214E-004,-6.760372576524750E-004)
 (5.047122991677324E-006,-2.901688913136469E-005)
 (0.000000000000000E+000,0.000000000000000E+000)
 (0.000000000000000E+000,0.000000000000000E+000)
 (0.000000000000000E+000,0.000000000000000E+000)
 (0.000000000000000E+000,0.000000000000000E+000)
 (-9.041866171944375E-003,-7.531622594401842E-002)
 (-5.055561957942746E-002,6.435029565807392E-002)
 (-2.956094879858296E-002,-2.322401606718776E-002)
 (-2.500595485905115E-002,3.002018993719725E-003)
 (1.105502831184227E-002,-1.407152541195056E-002)
 (6.386977026025629E-004,5.320176803016246E-003)
 (-9.616491291375463E-003,-7.555018323926040E-003)
 (-1.024075411207580E-002,1.229419991732837E-003)
 (-4.944879290083152E-003,6.294148291056437E-003)
 (-6.743142442491516E-003,8.095290468491457E-004)
 (-8.157147388065855E-004,-6.794680162360103E-003)
 (-1.140732610806906E-002,1.369474153098739E-003)
 (-6.859193441507761E-003,-5.388803588603269E-003)
 (-7.226981381828895E-003,-5.677746130054633E-003)
 (-5.577788935140232E-004,-4.646110067396699E-003)
 (-4.836754416027787E-004,6.156522506803260E-004)
 (-5.485982643463441E-003,-4.309963712171320E-003)
 (-7.473652154174113E-003,8.972271377619037E-004)
 (-5.711441087508436E-003,-4.487086441690907E-003)
 (-5.041908485547765E-004,-4.199770677138093E-003)
 (-3.907353070069927E-003,4.690833812602793E-004)
 (-5.672791565356032E-004,7.220723496237896E-004)
 (-1.455347095926465E-004,-1.212255655534040E-003)
 (-3.423906991785746E-004,-2.852032920261242E-003)
 (-1.854076585536411E-003,2.359982901269700E-003)
 (-3.144923429499246E-003,-2.470752904721026E-003)
 (-2.397695046523231E-003,2.878494605455478E-004)
 (-2.595346862117267E-003,-2.038986149103189E-003)
 (-2.451751448825484E-003,-1.926172480671009E-003)
 (1.469247878888006E-004,-1.870178919278112E-004)
 (-1.495932772825169E-003,1.795892582255355E-004)
 (-2.636504488594194E-004,-2.196144235688241E-003)
 (-1.009081519558954E-003,1.211426702033776E-004)
 (-4.537613519433619E-004,5.775756986865241E-004)
 (-3.163010462946676E-004,4.026086876239437E-004)
 (4.322500017247834E-005,3.600576822655602E-004)
 (4.322407869889482E-005,3.600578668896068E-004)
 (-6.349267263155262E-004,7.622521582333613E-005)
 (-4.814907078527446E-004,-3.782743976818865E-004)
 (0.000000000000000E+000,0.000000000000000E+000)
 (0.000000000000000E+000,0.000000000000000E+000)
 (0.000000000000000E+000,0.000000000000000E+000)
 (0.000000000000000E+000,0.000000000000000E+000)
 (-2.267958404843365E-002,1.733761858082310E-003)
 (1.636901386017762E-002,1.404408915141530E-002)
 (-4.112003518273954E-002,4.792730804339958E-002)
 (2.827653818796136E-003,3.698927843975132E-002)
 (-1.498547026679575E-002,-1.285703966717623E-002)
 (-1.935049187178983E-002,1.479263715668258E-003)
 (-1.055202108065955E-002,1.229887299775796E-002)
 (1.196749308757425E-003,1.565491438315172E-002)
 (2.520430053578619E-003,2.162454629971081E-003)
 (7.497984649477860E-005,9.808262945616830E-004)
 (5.371116123451086E-003,-4.105972329225172E-004)
 (7.641681681626452E-004,9.996350993545147E-003)
 (-4.056190801133756E-003,4.727696629372106E-003)
 (-3.033059861502299E-003,3.535182056588497E-003)
 (-4.040430699488250E-003,3.088677590121541E-004)
 (4.676766036581097E-003,4.012508496736391E-003)
 (-4.230518817743835E-003,4.930877493813640E-003)
 (5.650457030399372E-004,7.391563924792413E-003)
 (-3.667349569110329E-003,4.274462115352667E-003)
 (-3.501033712194292E-003,2.676366031834528E-004)
 (2.088194255815191E-004,2.731552264891513E-003)
 (3.199906461195777E-004,2.745514378148019E-004)
 (-1.938483189832878E-003,1.481882530375313E-004)
 (-1.498711472094709E-005,1.149443346579004E-006)
 (8.398112532796351E-004,7.205358041037116E-004)
 (-1.178683955552310E-003,1.373818847159052E-003)
 (2.603517742913873E-004,3.405725719179581E-003)
 (-1.707511292998264E-003,1.990191362594452E-003)
 (-1.717165229731396E-003,2.001435034033891E-003)
 (1.775806774990564E-003,1.523574577869609E-003)
 (-4.319919608716451E-006,-5.646631615080957E-005)
 (-9.065348005358304E-004,6.930056521376983E-005)
 (6.692415660147267E-005,8.754893025511741E-004)
 (2.265774985169629E-004,1.943973826438514E-004)
 (-5.182232543009473E-004,-4.446176717946758E-004)
 (-9.345428941010750E-004,7.143903366745556E-005)
 (-9.345416921161391E-004,7.143894455640673E-005)
 (1.108890932289885E-004,1.450592856133848E-003)
 (-5.617228733762130E-004,6.547123854858902E-004)
 (0.000000000000000E+000,0.000000000000000E+000)
 (0.000000000000000E+000,0.000000000000000E+000)
 (0.000000000000000E+000,0.000000000000000E+000)
 (0.000000000000000E+000,0.000000000000000E+000)
 (-5.834226437243224E-002,2.404530964623736E-002)
 (2.682926631716394E-007,9.690166303443524E-008)
 (-5.374589102797869E-008,1.642721944760952E-007)
 (2.061425624496484E-002,5.001721535178107E-002)
 (4.516516130297230E-002,1.880169644253209E-002)
 (2.134592685670998E-002,-8.797588793954697E-003)
 (-2.591471237816890E-003,6.225173992851376E-003)
 (2.313808314279236E-004,5.613993950813621E-004)
 (-1.566173495609864E-003,-6.519947067068444E-004)
 (3.892504199183586E-003,9.444554529767619E-003)
 (-3.024498292522006E-003,1.246529368926105E-003)
 (2.279825434048309E-008,3.813098520446017E-008)
 (1.299296057947402E-003,-3.121144525050822E-003)
 (9.220663411967074E-004,-2.214961783112358E-003)
 (1.123886874153683E-003,-4.632156737300731E-004)
 (1.608399225227912E-008,-2.243806496947187E-009)
 (-2.521706160287569E-004,6.057475812476012E-004)
 (9.171698280994196E-009,2.449827407789557E-008)
 (5.148928829282065E-004,-1.236877496029287E-003)
 (1.863832016031661E-003,-7.681654250724638E-004)
 (-2.038588085799662E-004,-4.946231900026229E-004)
 (3.394908749274787E-003,1.413264790056660E-003)
 (7.278791601536388E-004,-2.999871458814734E-004)
 (-2.340092835296865E-003,9.644594080619730E-004)
 (5.628041153545039E-004,2.342866124789004E-004)
 (-5.058126527741643E-004,1.215074461963233E-003)
 (1.247650679359102E-004,3.027285371418794E-004)
 (-5.641305214399364E-004,1.355159840739964E-003)
 (6.352493549150346E-004,-1.525994128099209E-003)
 (-7.126145549427129E-004,-2.966598236665425E-004)
 (1.089288439815592E-003,2.642997753185499E-003)
 (9.020508916820456E-004,-3.717705286062863E-004)
 (2.004717625733108E-004,4.864190819890857E-004)
 (3.912365317955658E-004,1.628644884501403E-004)
 (3.536628938148468E-004,1.472271407350748E-004)
 (2.408957832568273E-004,-9.928152599285690E-005)
 (-2.409105706595738E-004,9.929651034475062E-005)
 (1.388854574633041E-009,1.333852544251051E-009)
 (7.092919973767024E-005,-1.703808275774557E-004)
 (0.000000000000000E+000,0.000000000000000E+000)
 (0.000000000000000E+000,0.000000000000000E+000)
 (0.000000000000000E+000,0.000000000000000E+000)
 (0.000000000000000E+000,0.000000000000000E+000)
