 AAAAAA
 (0.629177289686137,0.731267133138748)
 (-7.876042320417678E-003,9.679501497487214E-002)
 (7.204098379575341E-002,5.706245017749568E-003)
 (8.236253576443305E-004,-8.547201390360333E-003)
 (-1.326424132345274E-004,2.704972779155225E-005)
 (-2.081351244626202E-004,-2.408929917970747E-004)
 (6.145483580461287E-004,-9.081431813201372E-003)
 (-2.572720088870333E-004,-3.120119167733588E-004)
 (1.326509900061871E-004,1.280884522954777E-004)
 (-8.294007793614191E-003,-9.649292319983684E-003)
 (-7.387022213000161E-003,-8.568493097392585E-003)
 (-7.896910286523414E-003,-5.498307295792208E-004)
 (4.957165757563148E-004,-7.636325278311267E-003)
 (9.674797219796482E-005,1.535546140152170E-004)
 (-6.805155647027024E-003,-5.578479690390461E-004)
 (-4.910642772256274E-003,-5.591249218238509E-003)
 (-4.365871715766587E-003,-2.189383032125187E-004)
 (-3.868585821603215E-003,-3.178874786901340E-004)
 (-4.093702697766066E-003,-3.128874949245426E-004)
 (3.506960867211521E-004,-3.762571787494084E-003)
 (-3.543799431637466E-003,-1.289847721975858E-004)
 (-2.834336854083536E-003,-3.269896796740274E-003)
 (-2.275610809968297E-003,-2.684605705871200E-003)
 (-2.380666986682543E-003,-2.721761402515406E-003)
 (-1.920800968064830E-003,-2.228041366428850E-003)
 (-2.083875873862281E-003,-1.700760056014063E-004)
 (2.069092192094324E-004,-1.931087237390808E-003)
 (-1.900870293202971E-003,-1.516367826115150E-004)
 (1.813271777352154E-004,-1.605219791950488E-003)
 (-1.522576862708461E-003,-1.341619529599317E-004)
 (-1.308161994402336E-003,-1.575868650040537E-003)
 (1.351817895941091E-004,-9.807562219546803E-004)
 (6.732223437669045E-007,-3.046728337743739E-005)
 (1.287623724438998E-005,-1.086298297322014E-005)
 (-9.746636801770316E-006,-1.398949907321390E-006)
 (-7.899206135277004E-004,-5.191496199224300E-005)
 (7.608348330549557E-006,-5.740483157184965E-006)
 (2.652100866382898E-005,-1.431613045728983E-005)
 (9.720184698949015E-006,-2.812680319409768E-006)
 (-1.743551289295578E-005,6.162827279064212E-006)
 (1.441284616037958E-005,1.106482094655726E-007)
 (-5.466031292419804E-004,-6.181161391188041E-004)
 (-5.437215903281527E-004,-6.046041888153217E-004)
 (0.000000000000000E+000,0.000000000000000E+000)
 (0.000000000000000E+000,0.000000000000000E+000)
 (0.000000000000000E+000,0.000000000000000E+000)
 (0.000000000000000E+000,0.000000000000000E+000)
 (0.000000000000000E+000,0.000000000000000E+000)
 (-6.017635083954259E-002,8.223714739423182E-003)
 (-8.752551974071462E-002,-6.263970362549218E-002)
 (-5.737598964204849E-002,7.441040102558223E-002)
 (-9.062201152598343E-003,-5.889718013477631E-003)
 (-4.740046427949739E-003,-3.287580409357791E-002)
 (-8.693843201850859E-005,3.287823225123377E-003)
 (1.007535395276700E-002,8.514805912024682E-003)
 (1.789471651766455E-003,2.416678489990721E-002)
 (3.015779903780290E-003,2.436238661338115E-002)
 (7.907672805205516E-004,2.642267736212049E-004)
 (-5.274767650391558E-003,9.393166573489748E-004)
 (-1.682553639218871E-003,1.932621517069840E-003)
 (3.079352938619859E-003,2.581882524459081E-003)
 (6.065880362389228E-004,7.034935841512215E-003)
 (-6.201660384922036E-003,7.416290700653233E-003)
 (-1.526400598308520E-003,2.350660167428080E-004)
 (-3.583670174308999E-003,4.495232072468259E-003)
 (-3.425681916526763E-003,4.382949658891275E-003)
 (-3.388954837294012E-003,4.365664096814800E-003)
 (1.903977883331704E-003,1.281408706512291E-003)
 (-1.915642006343993E-003,2.661079914686645E-003)
 (-1.944007690599226E-003,3.616701339363961E-004)
 (-9.523390901121819E-004,1.780478801779012E-004)
 (-9.931346874419119E-004,2.369842130712511E-004)
 (-4.196992402545217E-004,7.489260191374412E-005)
 (-1.711174997380428E-003,2.251745531530228E-003)
 (1.101236034227578E-003,8.428076504176049E-004)
 (-1.422456687117815E-003,1.840722001774723E-003)
 (5.606299062626003E-004,5.149239209376467E-004)
 (-2.585136751715052E-004,3.682713257185876E-004)
 (-1.243328960066503E-003,1.751898215378486E-004)
 (7.924368188103865E-004,5.357590995303096E-004)
 (2.650411779822638E-004,2.035548754117661E-003)
 (1.787133713173564E-004,1.320763236390694E-003)
 (1.305395431007031E-004,1.339069066306563E-003)
 (-3.056944035254772E-004,3.772224294302270E-004)
 (8.307085632952110E-005,8.143735205292281E-004)
 (6.825239474229515E-005,4.791474883413188E-004)
 (5.340986771899667E-005,4.917274109751723E-004)
 (5.009424204411515E-005,4.695567464930996E-004)
 (-3.343056573307723E-006,2.155332405589132E-004)
 (-3.191508780247356E-004,5.005829595149626E-005)
 (-3.298430347893838E-004,3.373431479297940E-005)
 (0.000000000000000E+000,0.000000000000000E+000)
 (0.000000000000000E+000,0.000000000000000E+000)
 (0.000000000000000E+000,0.000000000000000E+000)
 (0.000000000000000E+000,0.000000000000000E+000)
 (0.000000000000000E+000,0.000000000000000E+000)
 (1.115169674877722E-003,-6.500245814300420E-004)
 (0.428225721462738,-4.740504311769026E-002)
 (-1.892049814949423E-002,-0.175414996231547)
 (-2.570153440984043E-002,2.611938223066180E-003)
 (4.210912354036221E-006,8.711851024277312E-005)
 (2.483502635991597E-002,1.956804945013228E-002)
 (-4.732930278216080E-003,2.223128558284771E-002)
 (-7.890690042723324E-003,1.953656768608181E-002)
 (-2.012564458730739E-002,-1.550438221496532E-002)
 (-2.312383353504428E-003,3.302361477415010E-003)
 (5.223948046594691E-005,2.181351688732165E-003)
 (-7.303997346334379E-006,1.196354664853764E-003)
 (-3.180001545789462E-003,3.835057698180527E-003)
 (-2.582416744069576E-003,1.499814051899038E-003)
 (-1.027379416514138E-003,9.531822825487790E-004)
 (1.014598433054495E-005,4.870301959139063E-004)
 (-2.659825440353970E-005,-1.200020462525535E-004)
 (-8.860658329603362E-006,3.409870234220529E-004)
 (-1.004727037115005E-004,-5.253315559818920E-004)
 (1.427304606637612E-003,-1.248935266873256E-004)
 (4.576362384678169E-004,5.909498922191047E-004)
 (-2.107220508663511E-004,1.920791374808198E-004)
 (-2.044873139348298E-004,-3.066639253273630E-004)
 (-3.023983616193230E-004,6.682775647412888E-005)
 (-1.068556643180360E-004,-5.291514353521104E-005)
 (2.446671187923018E-004,3.975860687206816E-004)
 (-1.117991810790281E-004,-8.179980348504847E-004)
 (4.857871934804519E-004,2.094905731431371E-004)
 (-6.454174214550780E-004,-5.229565606173185E-004)
 (3.498757412468002E-004,5.221946898689635E-006)
 (-3.220757050728039E-004,4.406730318306520E-006)
 (1.375245166319316E-004,1.215296148084672E-003)
 (-1.049485118608188E-003,7.178239712468188E-004)
 (3.193869967856886E-004,-9.445981318345312E-004)
 (9.097134600214260E-004,7.641534056694415E-004)
 (3.956025230987506E-004,-8.850446873280029E-005)
 (1.021257589399832E-003,-1.424975481811241E-004)
 (5.152227558530293E-004,-3.392714253433239E-004)
 (6.871955353571746E-004,1.848674434998384E-004)
 (-2.006508177764000E-004,-5.444803057410084E-004)
 (3.383615652918149E-004,-5.226478561386487E-005)
 (-1.151808294638211E-004,1.410142081902212E-004)
 (1.441655356082748E-004,5.033250403360900E-005)
 (0.000000000000000E+000,0.000000000000000E+000)
 (0.000000000000000E+000,0.000000000000000E+000)
 (0.000000000000000E+000,0.000000000000000E+000)
 (0.000000000000000E+000,0.000000000000000E+000)
 (0.000000000000000E+000,0.000000000000000E+000)
 (1.189177472749089E-003,8.498363547333326E-004)
 (-0.400698764050391,3.678537220874557E-002)
 (1.532070296271801E-002,0.160128050601614)
 (2.484502360188551E-002,-2.004592833832602E-003)
 (7.372489881703158E-004,4.787414688021607E-004)
 (-2.402321284024114E-002,-2.074937605845854E-002)
 (-5.062331084454397E-003,2.381755678606439E-002)
 (-2.709708569514561E-002,4.593346468015199E-003)
 (1.804126450063633E-002,1.467810458294735E-002)
 (2.196718130965134E-003,-3.211811005842848E-003)
 (1.586558894936532E-003,8.158952247390196E-004)
 (-1.739456546272587E-004,-1.620412984731830E-003)
 (1.520001545565942E-003,3.428932575924821E-003)
 (-2.458241178488308E-003,1.704353951881823E-003)
 (-1.132183883582352E-003,-1.545654367088419E-003)
 (3.601018573838592E-004,-5.403779984800461E-005)
 (6.452557692957468E-005,2.731805799665593E-005)
 (-1.397359059703647E-005,-4.174116314291247E-004)
 (5.778326615400037E-005,4.108773778884498E-004)
 (-1.347141871505613E-003,1.140608772884350E-004)
 (4.634025318902065E-004,-4.089952561463844E-004)
 (2.363445535395841E-004,-2.983413733906353E-004)
 (-2.141616124878515E-004,-3.400884748480171E-004)
 (1.099892188835842E-004,-4.419305717258246E-004)
 (-1.459996971477551E-005,-2.030510763014793E-004)
 (2.122381320508433E-004,-3.527532335787706E-004)
 (4.701765601276081E-004,-9.554124470762062E-004)
 (5.294770892973557E-004,-2.603084122208680E-005)
 (8.459256069214102E-004,-7.041403385511308E-004)
 (3.394206747210930E-004,5.574648168121720E-005)
 (2.758920918495051E-005,-4.463983727263226E-004)
 (-6.039001434326393E-004,1.388200224647430E-003)
 (-1.071378500037908E-003,7.257733483557915E-004)
 (1.343774655589610E-003,-2.577800336826431E-004)
 (-8.633312481094336E-004,-7.400801441345019E-004)
 (4.320090352029370E-004,2.058376097867075E-004)
 (3.722209398944994E-004,-7.457902098933549E-004)
 (5.709295088352411E-004,-3.672971574444074E-004)
 (-1.275713266850047E-004,-5.224308154175219E-004)
 (6.983330460131838E-004,1.716406366322744E-004)
 (1.177949885724258E-004,-2.512287614254727E-004)
 (1.152210174703646E-004,-1.330135918085987E-004)
 (4.228719824185767E-005,2.045467324352665E-004)
 (0.000000000000000E+000,0.000000000000000E+000)
 (0.000000000000000E+000,0.000000000000000E+000)
 (0.000000000000000E+000,0.000000000000000E+000)
 (0.000000000000000E+000,0.000000000000000E+000)
 (0.000000000000000E+000,0.000000000000000E+000)
 AAAAAA
 (0.395930348191963,0.868674060868745)
 (-4.213147250721237E-002,0.115560530083606)
 (5.450871456176229E-002,1.893121622151276E-002)
 (3.096599598573154E-003,-8.490484484901863E-003)
 (2.777432568616682E-004,-1.984969389358495E-004)
 (3.959074407364378E-005,1.335152935232659E-004)
 (3.519252782541484E-003,-8.810993026868710E-003)
 (-4.089958100835442E-004,3.159977017034047E-004)
 (1.030562619108817E-004,5.756581313897799E-004)
 (-5.314173982154821E-003,-1.221132533976747E-002)
 (-9.228184522034067E-003,-3.570213364659495E-003)
 (3.539576527873792E-003,-8.445043142808193E-003)
 (1.466581370075503E-004,5.146970254108624E-005)
 (-5.111400566239498E-003,-1.077766142145267E-002)
 (-7.950197174736393E-003,-2.910715149777345E-003)
 (-3.372468470435251E-003,-7.956280614642571E-003)
 (-5.439647046783872E-003,-2.013561372753650E-003)
 (-4.639918518605875E-003,-1.625679777694129E-003)
 (-3.886917980127435E-003,-1.418710482985871E-003)
 (-2.087561635531276E-003,-4.704281259033416E-003)
 (-3.323677403478748E-003,-1.257501969856154E-003)
 (1.257363913643737E-003,-3.069932241056064E-003)
 (-1.776320544506749E-003,-3.922897632484224E-003)
 (-1.926946810669494E-003,-3.922011675929275E-003)
 (9.257044251619257E-004,-2.353344611216408E-003)
 (-2.131938559917911E-003,-7.839818810261969E-004)
 (-2.141461818279364E-003,-7.797163671989016E-004)
 (-1.327039362294674E-003,-2.863702549485104E-003)
 (-1.131151887909273E-003,-2.536753502400413E-003)
 (6.826185604644879E-004,-1.713812991734481E-003)
 (-1.527712871809325E-003,-4.903345658399656E-004)
 (-1.266513297909022E-005,2.038945029603283E-005)
 (-8.835727772849309E-004,-3.031854952795950E-004)
 (2.968071010071014E-004,-8.194265565984581E-004)
 (8.886726964607594E-006,-2.019942058030186E-005)
 (-2.145713685271553E-005,1.624505192553317E-005)
 (1.251573774843520E-006,1.602614042382257E-005)
 (-1.665712544950186E-005,9.070524974787999E-007)
 (5.010431891584841E-006,-2.436969061583069E-006)
 (-4.325578624755047E-004,-8.923696831887335E-004)
 (2.058168220683264E-004,-5.987167689624596E-004)
 (2.121560775181921E-004,-5.372402606917896E-004)
 (1.661729450029754E-005,-3.540763416987297E-006)
 (-1.930437691287530E-005,1.436724327698275E-005)
 (-3.295325480206323E-004,-7.566520925353007E-004)
 (0.000000000000000E+000,0.000000000000000E+000)
 (0.000000000000000E+000,0.000000000000000E+000)
 (0.000000000000000E+000,0.000000000000000E+000)
 (8.006067325244021E-002,-2.650544106673813E-002)
 (0.163233086179371,8.354478351747974E-002)
 (2.954404642960951E-002,-5.349165596609895E-002)
 (6.426773325377104E-004,-2.599003125160257E-004)
 (8.527036423249954E-003,2.739875432861035E-002)
 (-9.412555210692132E-004,-3.371208390967044E-003)
 (-6.989228773596638E-003,-3.901780997179338E-003)
 (-5.514998913694414E-003,-1.902765735356135E-002)
 (-7.325968963875405E-003,-2.423926992441613E-002)
 (-6.998746090547577E-004,4.593858672324656E-004)
 (1.812595160315261E-003,-3.063435082042303E-003)
 (-4.312303186900051E-003,-2.161225875473924E-003)
 (-2.371370780220271E-003,-7.018663764571984E-003)
 (5.070883570443558E-003,-1.723618395149014E-003)
 (5.637269880135895E-003,-1.051448466845799E-002)
 (2.056446635666717E-003,-5.754987215541435E-004)
 (3.225726742849437E-003,-5.980911983616201E-003)
 (2.912871555536565E-003,-6.085714606351895E-003)
 (2.735084733430927E-003,-5.370271080558624E-003)
 (1.824760759492984E-003,-4.183799422302451E-004)
 (1.930162441351553E-003,-3.455732665661035E-003)
 (-2.386373414604188E-003,-1.133399821900897E-003)
 (8.810092086999897E-004,-1.442152205570205E-004)
 (7.558784493431017E-004,-2.530490782207780E-004)
 (-2.241352467040096E-003,-1.192095873447708E-003)
 (1.471681874175932E-003,-2.778547586971786E-003)
 (1.504221573577276E-003,-2.824720206321484E-003)
 (3.880251078695356E-004,-8.200384003406204E-005)
 (9.084266866255813E-004,-2.083522835187743E-004)
 (-1.272114783247960E-003,-6.749856611014853E-004)
 (4.313806876977806E-004,-7.876262617032802E-004)
 (-6.542077080808886E-004,-2.373422916591110E-003)
 (3.841046047882802E-004,-7.023082520581855E-004)
 (-4.899993052587390E-004,-3.295141870385684E-004)
 (-3.591372730518387E-004,-1.234458101587500E-003)
 (-4.386992994887505E-004,-1.520333954932446E-003)
 (-2.840035835786905E-004,-9.350293827246374E-004)
 (-2.816533770816994E-004,-9.544978157783150E-004)
 (-3.673052834376299E-004,-1.126580634260166E-003)
 (2.603139466312905E-004,-8.937102325339038E-005)
 (-6.828326905330996E-004,-3.305793254716883E-004)
 (-6.503006089547954E-004,-3.412355572027013E-004)
 (-2.097646555267563E-004,-6.534873966437808E-004)
 (-3.994156542224441E-004,-1.406308492601558E-003)
 (3.162151073779713E-005,-1.638184568877664E-005)
 (0.000000000000000E+000,0.000000000000000E+000)
 (0.000000000000000E+000,0.000000000000000E+000)
 (0.000000000000000E+000,0.000000000000000E+000)
 (-3.890045107844568E-003,-2.078205795231948E-003)
 (0.452532757973976,-0.417236267226202)
 (-3.882596776200518E-002,-4.148773211944737E-002)
 (-2.620709185745876E-002,2.493391193568211E-002)
 (-6.038244623494192E-004,-1.253634908886780E-003)
 (3.989273061958409E-002,5.453014003547205E-004)
 (-1.191552455101147E-002,1.262085401121080E-002)
 (8.117115655875948E-004,1.081679785708758E-003)
 (-1.825864946189789E-002,-7.317037046310462E-004)
 (2.539535299026759E-004,8.375015048023508E-003)
 (8.760917589651991E-004,6.421654216765794E-004)
 (-6.679110181831765E-003,6.598512583001502E-003)
 (-3.786310644180678E-003,-2.456255379557456E-005)
 (-4.788844195711787E-005,4.461598485374994E-003)
 (3.713181648268134E-004,4.089604508500637E-004)
 (1.790594837379933E-005,1.489942743109238E-003)
 (8.629612015726660E-005,-1.853575218129408E-005)
 (1.362002535686032E-004,8.977368313299339E-006)
 (2.786551359986923E-004,2.083978851091618E-004)
 (1.033679240923757E-005,9.053070039947129E-004)
 (3.515363097902345E-004,1.915676253563811E-004)
 (1.251706048689723E-003,-1.236203717409740E-003)
 (2.112381080261998E-005,-4.941639842040602E-004)
 (2.854200227993259E-005,7.963070013787565E-004)
 (1.126016052291909E-004,-1.889788590302192E-004)
 (1.808063849349400E-004,9.706032081061120E-005)
 (2.336886023200071E-004,1.851564696933734E-004)
 (-1.861817110110600E-006,9.409208045680376E-005)
 (5.450058255151080E-007,2.935686561539190E-004)
 (-3.698451730061546E-004,3.203712195731737E-004)
 (1.422295188440901E-004,2.902696526169355E-005)
 (-5.359763658844482E-005,-9.903477738640076E-005)
 (9.833373386240670E-005,1.841565806327661E-005)
 (-2.348372531849243E-004,2.719210833885853E-004)
 (1.043171123067194E-003,-5.601799565428891E-006)
 (-5.539392749341163E-004,1.357919887811554E-005)
 (4.211936909808280E-004,-1.767917593758032E-005)
 (-4.500540746145393E-004,-6.534079782113830E-005)
 (8.454762732764660E-004,2.820270077610984E-005)
 (1.823003084663199E-005,5.496652471830068E-004)
 (3.341102668643119E-004,-3.579114958628591E-004)
 (-4.237722036979417E-004,3.793196087512232E-004)
 (5.697654156996537E-004,3.954018637253925E-006)
 (2.811394336482558E-004,-2.205529667092752E-005)
 (8.922781980598842E-006,2.867682764612326E-005)
 (0.000000000000000E+000,0.000000000000000E+000)
 (0.000000000000000E+000,0.000000000000000E+000)
 (0.000000000000000E+000,0.000000000000000E+000)
 (7.639115726601342E-002,-5.148480129044453E-002)
 (-0.299558163923044,-8.959107287146807E-002)
 (-1.077620064720965E-002,3.977984694775015E-002)
 (1.548570264353495E-002,3.951898045151347E-003)
 (1.449501461864378E-002,1.953450360745655E-002)
 (-3.949210072588977E-003,-8.572758245018386E-003)
 (-5.256270082888571E-003,1.162521742607643E-004)
 (-1.538530464565450E-002,-2.454127345485687E-002)
 (9.100578848989193E-003,1.615625164519201E-002)
 (1.515782300118730E-003,-7.500361394322416E-004)
 (-9.492472198928139E-004,5.635821275280165E-003)
 (4.191513909613715E-003,1.418806557941517E-003)
 (1.846797261172949E-003,2.707741008503849E-003)
 (5.977111886622049E-003,-3.479155830683475E-003)
 (7.587455065890202E-004,-3.399621127307175E-003)
 (2.568098040679198E-003,-1.364621282912753E-003)
 (-1.373244927126684E-004,8.647061810710568E-004)
 (-4.717093576099150E-005,8.977654485958367E-004)
 (3.958189272782473E-005,1.614112498571037E-004)
 (2.335988924774766E-003,-1.459909646207824E-003)
 (-2.306606155525655E-004,1.328001886777965E-003)
 (2.459633393697296E-003,5.053260525968996E-004)
 (1.435673433752661E-003,-9.470679914188035E-004)
 (1.515102645878299E-003,-9.202985683327758E-004)
 (3.362395394962545E-003,7.864252236298149E-004)
 (-1.808970667948773E-004,1.043080434063762E-003)
 (-2.217598138545552E-005,2.085231246473185E-004)
 (7.524790119502776E-004,-4.529040882114456E-004)
 (1.286309119637943E-003,-8.170222483976429E-004)
 (2.233116440333753E-003,5.349297789123223E-004)
 (-3.207045170452507E-004,1.490863209076409E-003)
 (1.593211367064809E-003,2.566581424560111E-003)
 (-3.241332665111978E-004,1.400246193828064E-003)
 (2.038812496909094E-005,4.750272988833488E-005)
 (7.808815828667455E-004,1.162766252437416E-003)
 (-2.794892522813102E-004,-3.541531191763894E-004)
 (8.306521059861743E-004,1.285889627476489E-003)
 (8.009594945093551E-004,1.280891295383467E-003)
 (8.589868245165299E-005,3.683128684016065E-005)
 (4.473867577100080E-004,-2.725953952417636E-004)
 (9.140856605341500E-004,1.759903593637562E-004)
 (8.402035971799580E-004,2.084612441180997E-004)
 (3.287185444444958E-004,4.734132950434065E-004)
 (3.787632825721610E-004,6.288045830017121E-004)
 (2.151858225408295E-004,-1.321961175658624E-004)
 (0.000000000000000E+000,0.000000000000000E+000)
 (0.000000000000000E+000,0.000000000000000E+000)
 (0.000000000000000E+000,0.000000000000000E+000)
 AAAAAA
 (0.414576128068693,0.841694541812860)
 (-4.874080495053602E-002,0.139657888778557)
 (4.457317264969705E-002,1.354845040481172E-002)
 (1.954747520938150E-003,-5.815057883532581E-004)
 (3.359746915681482E-003,-1.002303545332061E-002)
 (-9.824505114573202E-005,4.824137718311794E-004)
 (-1.323386799373300E-003,2.972921909382281E-004)
 (2.874692702995570E-003,-8.469133036628617E-003)
 (-1.069417128080134E-002,-3.603925019904756E-003)
 (-1.712803580685516E-004,7.172328855074616E-004)
 (-4.477124128469149E-004,-2.779573278816738E-004)
 (3.645160906862115E-003,-1.021041683038948E-002)
 (-6.191743598043570E-003,-1.266920610179921E-002)
 (-9.503095731266719E-003,-3.229031587595506E-003)
 (-5.464600817815995E-003,-1.099173348502440E-002)
 (-7.425804223459350E-003,-2.536260311307486E-003)
 (-4.231509428154199E-003,-8.378888812770199E-003)
 (-5.514970841438423E-003,-1.784838716247202E-003)
 (-2.995826546823053E-003,-5.731566065066888E-003)
 (-4.267855825648772E-003,-1.438648298945692E-003)
 (-2.475698773940219E-003,-4.837550808392925E-003)
 (-2.406806330498894E-003,-4.740425523711534E-003)
 (-3.534289818050238E-003,-1.079141954548762E-003)
 (1.001257915620244E-003,-2.876265877932279E-003)
 (9.600480598344159E-004,-2.908111868934625E-003)
 (-1.562158354731779E-003,-3.242838812168850E-003)
 (-2.470645181896373E-003,-9.490016060540022E-004)
 (-2.374400923498498E-003,-7.343203788484021E-004)
 (-1.477999568746488E-003,-2.976498437121541E-003)
 (5.883867381284889E-004,-1.853380343429676E-003)
 (-1.212790711463778E-004,3.439611529045168E-005)
 (-1.606310213060615E-003,-5.357677072264346E-004)
 (-1.048951461784174E-003,-3.497893600400352E-004)
 (-3.988166472448392E-005,1.703582247884153E-005)
 (-5.386571282457972E-004,-1.141603110934408E-003)
 (1.407240827842833E-005,1.273062983491238E-006)
 (-7.785984170679747E-006,1.774964175699093E-006)
 (-8.116867901176024E-005,3.415333256728739E-006)
 (2.544102078143235E-004,-7.019227790213482E-004)
 (2.458170447577105E-004,-7.311720930587959E-004)
 (-2.946181873063000E-005,1.937996372484182E-005)
 (2.369749965168421E-004,-7.029208691557812E-004)
 (-4.680513299493910E-004,-9.577528902618676E-004)
 (-2.248281657977992E-005,1.450244182886820E-005)
 (1.761721651167360E-004,-6.288267052210853E-004)
 (0.000000000000000E+000,0.000000000000000E+000)
 (0.000000000000000E+000,0.000000000000000E+000)
 (0.000000000000000E+000,0.000000000000000E+000)
 (6.384919460409766E-002,-3.267887670080982E-002)
 (0.229946884113646,7.236225712501042E-002)
 (1.554860610933839E-002,-3.859860628215299E-002)
 (8.186139383254611E-003,1.600122891602779E-002)
 (-7.741521017505691E-003,-3.383978071129084E-003)
 (-9.301202940537458E-004,-3.351437638377345E-003)
 (-6.906428080378413E-003,-1.311329810710308E-002)
 (-8.115498153581256E-003,-2.673529154317384E-003)
 (1.258733163985639E-003,-3.842674614787498E-003)
 (-1.091896903947307E-002,-2.096565248336687E-002)
 (-3.208695714482866E-003,-6.710781072485613E-003)
 (-7.284869801969267E-003,-2.646535426048221E-003)
 (-1.048832558657430E-003,4.342003283577924E-004)
 (3.929900103495402E-003,-1.144976449528137E-002)
 (1.763988266582907E-003,-9.613756600111373E-004)
 (2.295412276727203E-003,-7.358262793842288E-003)
 (4.212709762139040E-004,-5.443449082529169E-004)
 (2.191195042997237E-003,-6.418636942052419E-003)
 (6.384203068420123E-004,-1.038913456786594E-004)
 (1.744405758647971E-003,-5.173363331584619E-003)
 (9.463537619829087E-005,-2.992152941088157E-004)
 (1.464268259895288E-004,-1.581917312244259E-004)
 (1.074969209052019E-003,-3.539989386604193E-003)
 (-4.020672196004318E-003,-1.238674854962804E-003)
 (-2.856628351000484E-003,-9.489023575481806E-004)
 (3.090693801180518E-004,-2.470761926121813E-004)
 (1.050773678224194E-003,-3.301636477884768E-003)
 (9.455104000329270E-004,-3.127176978179466E-003)
 (3.006348331440053E-005,1.682671412154418E-005)
 (-2.122899624247706E-003,-7.335628725786436E-004)
 (-1.578554771158983E-003,-3.193792676702799E-003)
 (3.311688463783311E-004,-1.106746823040123E-003)
 (3.441601049999520E-004,-1.216694314989551E-003)
 (-8.092828660664041E-004,-1.547736309823604E-003)
 (6.034282296768311E-005,-1.006468793076142E-004)
 (-6.280010409160308E-004,-1.312527181091621E-003)
 (-6.467628507911831E-004,-1.311744385162143E-003)
 (-9.176626081459167E-004,-1.914194098164752E-003)
 (-1.128527408005550E-003,-3.549390651344796E-004)
 (-1.150854973963754E-003,-3.735059968704478E-004)
 (-5.700915885374460E-004,-1.156180378160980E-003)
 (-6.253651812828044E-004,-1.912277596201678E-004)
 (-7.783388240816127E-005,5.101266517944323E-005)
 (-5.244927600791668E-004,-9.956416591749818E-004)
 (-9.205545265810578E-004,-2.714610065049650E-004)
 (0.000000000000000E+000,0.000000000000000E+000)
 (0.000000000000000E+000,0.000000000000000E+000)
 (0.000000000000000E+000,0.000000000000000E+000)
 (-0.103345894206272,0.109908455389406)
 (0.205559719065189,2.085636028793402E-003)
 (5.360963756253032E-004,-1.806973113640710E-002)
 (-2.555559054559121E-002,-2.514819742312262E-002)
 (-1.148359453250686E-002,5.279575849775810E-004)
 (6.202201023394245E-003,7.295901364240896E-003)
 (2.184206748178346E-002,2.080109293961908E-002)
 (-3.973825356311748E-004,-3.331338601225025E-004)
 (-3.280678126483259E-004,-8.378731870170080E-003)
 (-6.814892650563353E-003,-6.278459047223881E-003)
 (-1.699681253229194E-003,-1.133645371453562E-003)
 (-3.772717903757838E-003,1.991981616450015E-004)
 (-1.311093107381127E-004,9.106917248515633E-004)
 (4.204766565735099E-005,7.862720691308327E-003)
 (-5.144953638405381E-003,5.820578441953422E-003)
 (-2.559221218173215E-006,3.106118802479621E-004)
 (-1.922139445042640E-003,2.172864094624510E-003)
 (5.758407100988840E-005,4.565513045110592E-004)
 (-1.742456801567106E-003,2.189996413523185E-003)
 (6.496878188655845E-005,1.096867848500129E-003)
 (-1.035564776870453E-003,1.256294919223814E-003)
 (-1.065678082526722E-003,1.279873791298043E-003)
 (-1.148479975714547E-005,-5.819885135901940E-004)
 (-2.950375286681817E-003,2.150240523341459E-004)
 (-1.587060169679221E-003,1.302152024125613E-004)
 (-1.133836891389308E-003,1.264495778209779E-003)
 (-5.323529927867200E-005,-5.215968820413909E-004)
 (2.338031526568306E-005,2.712009043661658E-004)
 (-3.719820061123048E-004,4.839707450714558E-004)
 (-1.555155164945927E-003,1.087999848098051E-004)
 (-1.507984484318226E-003,-1.374200816457668E-003)
 (-2.389571849399934E-005,-1.361261882844564E-003)
 (-7.302289218440306E-005,-1.477520935616129E-003)
 (-7.387600419209522E-004,-6.563061040182477E-004)
 (-4.307619415179760E-004,4.505265488192291E-004)
 (-9.043967105430903E-004,-8.267073078773600E-004)
 (-9.072885603086917E-004,-8.535195471922185E-004)
 (-3.388891916987236E-004,-2.904471956580022E-004)
 (-7.841553774464497E-004,4.590847659656477E-005)
 (-8.587170747695683E-004,4.649599740450401E-005)
 (2.456554333710538E-004,2.497181073451098E-004)
 (-1.915996949407785E-004,3.135685203186180E-005)
 (-5.189976976214102E-005,1.051675887953309E-004)
 (1.257388432617838E-005,4.564182790964319E-005)
 (-7.304954434612914E-004,6.507808547731223E-005)
 (0.000000000000000E+000,0.000000000000000E+000)
 (0.000000000000000E+000,0.000000000000000E+000)
 (0.000000000000000E+000,0.000000000000000E+000)
 (-3.934183853798573E-003,-3.951797434155772E-003)
 (0.178002352917769,-0.628607879504292)
 (-1.664194740451776E-002,-6.172862632321504E-003)
 (6.780714125132490E-005,-5.272105216152254E-004)
 (-1.014603620510594E-002,3.223612322850477E-002)
 (3.669533871880130E-002,-1.925425001089642E-002)
 (-1.351323465356335E-003,1.044264589009310E-003)
 (-4.441825055966157E-003,1.656110535357887E-002)
 (9.993605186627487E-004,2.901691607228011E-004)
 (-8.932573532896639E-003,4.910537572468968E-003)
 (-4.338066859501135E-003,2.543151061476421E-003)
 (-3.244993146071469E-003,1.201750394239843E-002)
 (3.277182997348438E-003,6.480462384193608E-003)
 (3.055210049807479E-004,3.641013177407678E-004)
 (1.509963006535494E-003,2.793788424085433E-003)
 (7.200690030670320E-005,5.259896445016203E-005)
 (6.362206253424745E-004,1.272959738235066E-003)
 (1.662884311207739E-004,8.636580095650609E-005)
 (1.406753074067375E-004,2.978836811877251E-004)
 (1.952772500216790E-004,6.319539573586063E-005)
 (-3.897145435245629E-004,-6.114949123751184E-004)
 (3.274959837070833E-004,6.004607133567998E-004)
 (2.465732156174388E-004,7.480904136400145E-005)
 (1.364369421591221E-004,-5.758809648710242E-004)
 (3.912640620281869E-004,-1.300815633138967E-003)
 (6.188596714866752E-005,1.432125544830105E-004)
 (1.551646088092748E-004,5.954050890438708E-005)
 (1.262909648470312E-004,5.463729940966213E-005)
 (2.368676327046710E-006,9.050444329546719E-006)
 (-8.504337931014633E-005,2.706826853480574E-004)
 (6.498836070409476E-005,-3.449429638831959E-005)
 (1.032956912719894E-004,8.561283647236693E-006)
 (1.097320201603059E-004,3.572471329276972E-005)
 (9.536393419533093E-004,-5.112283928424022E-004)
 (3.551094348637640E-004,6.717046673129237E-004)
 (3.878262888872587E-004,-2.388787947106209E-004)
 (-3.381970185308996E-004,2.013065252272104E-004)
 (3.919754329660146E-004,-2.193226449671702E-004)
 (2.323831274557005E-004,-7.533664703802215E-004)
 (-1.910013126984176E-004,7.071439881271670E-004)
 (-3.006454333253112E-004,1.613133050191177E-004)
 (-5.084949925585413E-005,1.884271745294503E-004)
 (-1.375689631019080E-005,-4.897063168150268E-006)
 (4.677849914029006E-004,-2.650734621572090E-004)
 (-1.284761262335179E-004,4.468108892272041E-004)
 (0.000000000000000E+000,0.000000000000000E+000)
 (0.000000000000000E+000,0.000000000000000E+000)
 (0.000000000000000E+000,0.000000000000000E+000)
 AAAAAA
 (0.325159753929499,0.845459616757830)
 (-7.073177989106623E-002,0.152878385792145)
 (3.535135660263065E-002,1.584875295949362E-002)
 (5.485379359421071E-003,-2.052013902753517E-003)
 (4.835543898614405E-003,-1.051756342552743E-002)
 (-3.992817481303431E-004,1.990923564729385E-004)
 (-3.798189606623252E-003,1.319051056405842E-003)
 (3.703732714690329E-003,-7.732915488713744E-003)
 (-2.422264518072942E-004,3.094191025251429E-004)
 (-1.304222645791405E-002,-5.385578123850221E-003)
 (5.474743022158558E-003,-1.184535556317557E-002)
 (-1.236781380867572E-002,-5.261588129338770E-003)
 (-5.270735824864562E-003,-1.358855711685705E-002)
 (-1.541882942411738E-003,9.625064327956623E-004)
 (-4.588380676314966E-003,-1.201167661863660E-002)
 (-9.491707639527945E-003,-4.090567099827004E-003)
 (-3.671925203028063E-003,-1.036487684706084E-002)
 (-6.798592300369950E-003,-3.125512109461036E-003)
 (-2.805731137915234E-003,-7.454847594342493E-003)
 (-2.353420159017362E-003,-6.221435449772805E-003)
 (-2.484376228933615E-003,-6.131062591373294E-003)
 (1.798625352015611E-003,-3.410522777074836E-003)
 (-4.370623183662978E-003,-1.872674015461511E-003)
 (-1.713531695642558E-003,-4.562544122275276E-003)
 (-3.575769035926268E-003,-1.478469028885791E-003)
 (-3.078720247489561E-003,-1.311004097509544E-003)
 (1.132820599071657E-003,-2.384504725421263E-003)
 (-2.739290057025678E-003,-1.103623956609547E-003)
 (-1.246050392768364E-003,-3.247982900538729E-003)
 (-1.680905673384374E-004,2.252991761493421E-004)
 (8.959850588566478E-004,-1.823250193576852E-003)
 (-1.532563839284307E-003,-6.047066850170650E-004)
 (-1.251386121005856E-003,-4.969863213952636E-004)
 (-1.997772563156969E-004,1.201327802519332E-004)
 (-5.514792563351502E-004,-1.414577446835615E-003)
 (3.638093619399984E-004,-7.449235384955770E-004)
 (3.845684918441975E-004,-7.823346389630557E-004)
 (-4.997470086252603E-005,4.475129117422177E-005)
 (-4.771443699997131E-005,4.333558658193616E-005)
 (-8.524970688496584E-006,3.347632991859998E-005)
 (-4.347401138469146E-004,-1.195586896953901E-003)
 (3.628107472482192E-004,-6.993392356336554E-004)
 (-1.240828013465648E-004,6.068252993353130E-005)
 (-6.648946637117705E-004,-2.608506515463521E-004)
 (-3.374300280763808E-004,-8.273806786641566E-004)
 (2.887634141721336E-004,-5.941331458815609E-004)
 (2.254584092433655E-004,-4.771701684069054E-004)
 (-8.584962355540175E-005,2.919817802874900E-005)
 (8.824411996163059E-002,-1.591705139531419E-002)
 (0.203284386793505,0.118607235714711)
 (1.383082604805183E-002,-2.649768585603043E-002)
 (2.579940067621723E-003,6.621239503230219E-003)
 (-1.125844421215185E-002,-6.048977460170278E-003)
 (-5.528082947505223E-004,-3.150363071367224E-003)
 (-2.646283394254501E-003,-9.368173129847477E-003)
 (-7.705586714776311E-003,-4.372788174860609E-003)
 (-2.165536080310236E-003,-7.673193242703190E-003)
 (3.454591238242234E-003,-4.918624442321844E-003)
 (-8.146073705339964E-003,-4.578491845438700E-003)
 (4.817519771399869E-003,-8.597929030268108E-003)
 (-1.560766507028481E-003,1.100588064414888E-004)
 (-5.002560350985679E-003,-1.851888415777346E-002)
 (2.443274233920856E-004,7.933349118006625E-005)
 (3.924314258805532E-003,-6.393091214118978E-003)
 (-4.245665653326540E-004,4.910998171402704E-004)
 (3.433991411510967E-003,-5.577967686279461E-003)
 (-2.125471410855479E-004,5.751694364084219E-005)
 (-3.167383488068100E-004,1.173793467316793E-004)
 (-3.240623155122694E-004,1.878360159033063E-004)
 (-4.589942814556885E-003,-2.646564909724871E-003)
 (2.010347793359166E-003,-3.593810527474848E-003)
 (-1.728638143622983E-004,-1.182910936896272E-004)
 (1.622324570361646E-003,-2.808275604517560E-003)
 (1.590144262765850E-003,-2.940821752441451E-003)
 (-2.444374166511985E-003,-1.358003794594141E-003)
 (1.302901042377577E-003,-2.424603805129647E-003)
 (-2.362823686754982E-004,1.659694928298323E-004)
 (-9.938543915556678E-004,-3.716405916589967E-003)
 (-2.118267100905913E-003,-1.187722900780017E-003)
 (6.204751243999765E-004,-1.097344766101544E-003)
 (7.610330375560580E-004,-1.255092471792083E-003)
 (-6.840133680159914E-004,-2.490866591783881E-003)
 (-2.287126481145896E-005,1.270298297843613E-006)
 (-1.363483817070224E-003,-8.102728596310180E-004)
 (-1.361841495141225E-003,-7.687084527472226E-004)
 (-4.960960917962762E-004,-1.760843288264221E-003)
 (-3.906440650384253E-004,-1.592801826690409E-003)
 (-4.070753568198949E-004,-1.593040795037309E-003)
 (-1.534941300351530E-004,-4.553273296066247E-006)
 (-1.131409320191454E-003,-6.696253691948535E-004)
 (-2.578497913136005E-004,-1.014237156789935E-003)
 (5.101769324877629E-004,-8.503008983612222E-004)
 (-1.423941273066781E-005,9.967439196789771E-006)
 (-5.144583720139724E-004,-2.819133403411954E-004)
 (-7.968619283013397E-004,-4.512829909821927E-004)
 (-2.345439778210285E-004,-8.898775241331856E-004)
 (-0.109349902393160,0.178743063091858)
 (5.647993092867494E-002,-1.055879079481924E-002)
 (8.007524783133250E-004,8.928382616991111E-004)
 (-3.668132545882787E-002,-2.125808843422555E-002)
 (-3.137456453578232E-003,3.254583637528933E-004)
 (7.812479051240662E-003,3.646412517750969E-003)
 (2.785825167567617E-002,1.763961153186241E-002)
 (1.160050236913551E-005,4.893820315072703E-004)
 (1.384330019050884E-004,1.372208105008647E-004)
 (-2.457474784509328E-003,-1.038965591493579E-002)
 (7.189566244725205E-004,-5.293324042168183E-004)
 (3.230823327017286E-003,1.205233805887374E-002)
 (4.581193107810622E-004,-1.066704195020574E-003)
 (-8.971552623633126E-004,-6.933039345308156E-004)
 (-2.934691168325594E-003,4.901963340284641E-003)
 (4.147050830976292E-004,1.124030409542450E-003)
 (-9.321780104505058E-004,1.565462359197073E-003)
 (5.000848689556841E-004,1.636345924893355E-003)
 (-7.651474286806208E-004,1.361843967905159E-003)
 (-5.545761996623277E-004,1.028098744819328E-003)
 (-5.400486014599450E-004,1.025165552914804E-003)
 (-1.267565641085582E-003,2.678710121530356E-004)
 (5.531634141005027E-004,1.793197702247185E-003)
 (-8.407599592114400E-004,1.469149884637241E-003)
 (1.104739302933132E-004,2.530115177824810E-005)
 (8.684545730140650E-005,6.343300059710158E-005)
 (-2.713193794165053E-004,6.176737244114039E-005)
 (2.894324551292541E-004,7.964956632960630E-004)
 (-2.677084182065075E-005,8.264364006664289E-005)
 (-4.209264456357948E-004,-3.141447900145101E-004)
 (-4.620761968754131E-004,9.666349432002654E-005)
 (-2.905515960768290E-004,-1.156125967239737E-003)
 (-2.204615807945760E-004,-1.197649856229965E-003)
 (1.834009262411640E-004,8.594207139462644E-005)
 (-2.529640487628488E-004,4.511158680722135E-004)
 (-4.746605005293325E-004,1.295320121685821E-004)
 (-4.744836307411206E-004,1.264430520973091E-004)
 (-4.181603178555514E-004,-3.018587818788426E-004)
 (-6.490834259126846E-004,-4.152193212238675E-004)
 (-6.415377403481719E-004,-4.053410097702757E-004)
 (1.291175318472860E-004,-1.824518980113642E-004)
 (-4.024255821609337E-004,9.547289306565429E-005)
 (4.122481551248535E-004,2.346842941554551E-004)
 (1.048026042674245E-004,3.689538895949158E-004)
 (-9.777789568910720E-005,1.877443413217996E-004)
 (2.206032715011566E-006,-3.929916122610614E-006)
 (-2.894102915385651E-004,6.728396680232343E-005)
 (2.236311578020607E-004,1.198213237992799E-004)
 (-1.086002408253042E-003,-1.871167721958535E-004)
 (-0.100845615429176,-0.659531442174035)
 (-3.963385321905637E-003,2.472668646659971E-004)
 (-8.361698366117242E-004,5.216045716458506E-004)
 (4.838882730529599E-003,3.397838712774084E-002)
 (2.701731243855340E-002,-3.536108750125401E-002)
 (6.734973607068114E-004,-3.060330949409114E-004)
 (2.383028043867474E-003,1.748201669087393E-002)
 (-4.499183737987797E-003,5.963781711353992E-003)
 (2.701210598449090E-004,5.716706151933146E-005)
 (2.202830111815886E-003,1.621696555228425E-002)
 (5.364908683159761E-004,-5.679136381400081E-006)
 (5.438153889467758E-003,3.833947641218513E-003)
 (-3.453797082431154E-003,4.742106200723476E-003)
 (2.512394711676055E-003,2.026315356564624E-003)
 (3.750335682475173E-005,8.653697552000204E-005)
 (1.403983637295545E-003,1.111718183494143E-003)
 (7.274570672247566E-005,9.468428460604543E-005)
 (-1.059770089895314E-004,-4.545014314519654E-006)
 (-4.031303625644620E-004,-2.367547541040229E-004)
 (3.979901617688844E-004,3.466730930640960E-004)
 (-7.774244309517588E-005,-4.910771377634491E-004)
 (8.135630632627745E-005,7.561824803200694E-005)
 (2.755461795114941E-004,2.433820244558901E-004)
 (4.080833898891397E-005,3.365396781335745E-005)
 (3.196529049712643E-005,1.983074102330735E-005)
 (-1.278557905273768E-004,-7.891108816505349E-004)
 (5.204674006692428E-005,4.121596187853769E-005)
 (-9.074517916516106E-006,2.193175544168382E-005)
 (4.214968299632633E-006,1.581333386349133E-005)
 (5.041019763114402E-005,3.180777243671661E-004)
 (8.785084777337716E-006,-2.412091629491005E-005)
 (-2.519952133119477E-005,2.078509524308955E-005)
 (3.739280722403680E-004,-5.022577067549638E-004)
 (8.425963240320091E-004,6.246433482229876E-004)
 (-1.625560539076677E-004,-1.107064171144915E-003)
 (1.843031386934360E-004,1.136704904109835E-003)
 (6.397241444669845E-004,-8.340001072505251E-004)
 (2.372562727523911E-004,-3.828428964364732E-004)
 (-2.679320614678638E-004,3.383282809029005E-004)
 (-1.301801106963718E-005,1.604964945412103E-005)
 (1.077703115078819E-004,7.428989354099409E-004)
 (-1.421984043015241E-004,1.900617013348205E-004)
 (8.192395116524740E-006,1.138017921302482E-005)
 (-2.491965679145242E-004,-1.670411624701925E-004)
 (1.052221414290899E-005,1.539333704956470E-004)
 (4.033691377363972E-005,2.818905013783107E-004)
 (2.429221434110571E-004,-3.260380745119779E-004)
 AAAAAA
 (0.880072010805131,0.334890773441718)
 (3.805295044197914E-002,8.018963013870062E-002)
 (6.314574199381687E-002,-2.884776171502020E-002)
 (-4.062953924175451E-003,-9.101761072955209E-003)
 (1.090617521720927E-003,-2.179746666467819E-003)
 (-1.233129975854695E-004,4.707360744891876E-005)
 (-3.205806557186323E-003,-7.877026516178056E-003)
 (-3.905606856324430E-004,1.365294262673487E-003)
 (-3.037026637486276E-004,5.386894999977467E-004)
 (-1.504955417051376E-002,-6.301263777814450E-003)
 (-4.000487121069477E-003,-9.405044818343863E-003)
 (-9.452413163979932E-003,4.149550160863751E-003)
 (5.735439093928433E-005,1.398793319124598E-004)
 (-1.135387451104815E-002,-4.512008659241808E-003)
 (-7.127631516097792E-003,3.054383371823612E-003)
 (-9.291509894416267E-003,-3.746016297469555E-003)
 (-5.863430041723054E-003,2.707900726042889E-003)
 (-4.962254821806938E-003,2.228932307118950E-003)
 (-4.158339943728091E-003,1.935845064193402E-003)
 (-1.446501289506497E-003,-3.475733115136599E-003)
 (-5.083771305722054E-003,-1.823261244379012E-003)
 (-3.613056796040701E-003,1.509951538534192E-003)
 (-4.027125181952089E-003,-1.560385291808786E-003)
 (-2.639458352122443E-003,1.184059794931972E-003)
 (-3.566017561158704E-003,-1.318660466676394E-003)
 (-9.584937617949578E-004,-2.308143461425092E-003)
 (-2.231120957369745E-003,1.052754398645557E-003)
 (-2.710070621100889E-003,-9.778856035748339E-004)
 (-2.600558293363158E-003,-1.019789034574079E-003)
 (-5.696016684616330E-004,-1.355268157938352E-003)
 (-1.342342672629391E-003,6.088011201147644E-004)
 (1.217369402199914E-005,2.166269858858573E-006)
 (-2.056023115419158E-005,6.514453621599871E-005)
 (-4.332442326122521E-004,-9.346445379994118E-004)
 (-1.714792780872299E-005,1.089996827244700E-005)
 (-4.841187832108681E-005,6.462896211417462E-005)
 (-3.277076480177588E-004,-6.929731622169669E-004)
 (-7.396297921568582E-004,3.717888094779538E-004)
 (-1.214344576299601E-005,4.466117012750919E-005)
 (8.401580858239440E-006,2.748617870274463E-005)
 (-4.996196011210251E-006,3.087888553453829E-005)
 (-2.424930902031551E-004,-4.978909509665893E-004)
 (-7.727395759786360E-004,-3.091400366093814E-004)
 (-8.093990008213846E-004,-2.923456256033303E-004)
 (0.000000000000000E+000,0.000000000000000E+000)
 (0.000000000000000E+000,0.000000000000000E+000)
 (0.000000000000000E+000,0.000000000000000E+000)
 (0.000000000000000E+000,0.000000000000000E+000)
 (-7.983917817089747E-002,0.132350960227291)
 (-2.316148269024255E-002,5.780035828543095E-003)
 (1.500216896755315E-002,5.520923950486047E-002)
 (-1.175629956921421E-002,1.535930153839911E-003)
 (-2.665089828321707E-002,-1.624878431198329E-002)
 (1.140237053268003E-002,6.999375664977969E-003)
 (7.133169461135558E-003,-1.519421320315498E-003)
 (1.791020344997094E-002,1.095029648951382E-002)
 (1.740399366413884E-002,1.097543957542930E-002)
 (-5.586160798253127E-004,1.200564944441513E-003)
 (3.345157712007774E-003,-4.860931190385869E-004)
 (6.888026808167290E-004,4.153177629537265E-003)
 (6.440311696810056E-003,3.641762888379273E-003)
 (-3.088452638167023E-003,5.281676976978229E-003)
 (2.838931442254909E-003,1.003901091193344E-002)
 (-1.219392415505106E-003,2.383289065381356E-003)
 (1.843467437035281E-003,6.548606094738573E-003)
 (1.607377338151659E-003,6.471552539611928E-003)
 (1.621249527314766E-003,5.588988748999864E-003)
 (2.929892132767250E-003,-8.638588155013752E-004)
 (-9.674593908670676E-004,1.629342941515304E-003)
 (9.252046000069394E-004,3.871144987681944E-003)
 (-4.148364801628004E-004,7.159764494521630E-004)
 (9.779500895804470E-004,3.869783534748511E-003)
 (-5.658577097299637E-004,7.718146107044469E-004)
 (2.014710203340574E-003,-5.259270686603396E-004)
 (6.898951975155953E-004,2.875224571168073E-003)
 (-4.823897480374786E-004,9.146704977621596E-004)
 (-1.246153466229723E-004,2.377580425446280E-004)
 (8.989402439516027E-004,-2.457500750161458E-004)
 (1.780246060278486E-004,5.686175174314315E-004)
 (1.513869307857715E-003,9.087766390451260E-004)
 (1.524866032161855E-003,8.920583447539655E-004)
 (6.582272791334746E-004,-1.252666733051722E-004)
 (1.189355330192459E-003,7.107659474662575E-004)
 (1.465933415258145E-003,8.609516259089672E-004)
 (9.533417971925617E-004,-2.067168146703060E-004)
 (1.856722122020347E-004,6.715657829887801E-004)
 (1.382194820521666E-003,8.235111550138947E-004)
 (6.982276976748092E-004,4.303313975142930E-004)
 (7.397009217356921E-004,4.577131002476315E-004)
 (4.744806973495508E-004,-1.015307431849007E-004)
 (-1.562720391162118E-004,2.706237102277453E-004)
 (-1.637652768964982E-004,2.850041554309013E-004)
 (0.000000000000000E+000,0.000000000000000E+000)
 (0.000000000000000E+000,0.000000000000000E+000)
 (0.000000000000000E+000,0.000000000000000E+000)
 (0.000000000000000E+000,0.000000000000000E+000)
 (-0.109887186485131,-0.119007448649963)
 (6.743005107578689E-003,-0.163506026657745)
 (-8.731743686854848E-002,-1.160059843097198E-003)
 (5.693614547545738E-004,2.108343432655829E-002)
 (1.485279596208304E-002,-1.364444761773142E-002)
 (1.596523440293534E-002,-1.559297460477166E-002)
 (3.330131331164775E-004,8.525685329013934E-003)
 (-3.705086489846192E-003,3.446252122301091E-003)
 (-2.986923833593324E-003,3.106709526409893E-003)
 (7.521046711774781E-004,1.543433574241653E-004)
 (5.271951777706362E-004,4.361275410507336E-003)
 (4.269727414072935E-003,3.554332975696444E-004)
 (1.010789033551826E-003,-7.143105769151200E-004)
 (-3.101125089450622E-003,-3.638002104983542E-003)
 (-7.417442512650239E-004,-3.074956328322961E-004)
 (-2.047747847710976E-003,-2.585285692340380E-003)
 (-1.949064156748925E-004,-7.633784674560339E-005)
 (-3.315231702072343E-004,5.434530862542540E-006)
 (-5.128323393717823E-004,-4.574453172015054E-005)
 (1.799574595464198E-004,-4.359685174449070E-003)
 (-1.996754513079480E-003,-2.056863414536220E-003)
 (4.808794123853325E-004,-5.267856145259817E-005)
 (-1.956179344417738E-003,-2.115109038410714E-003)
 (8.872131141326398E-005,-6.203108375604130E-006)
 (-1.300888859908138E-003,-1.287050886469320E-003)
 (1.451168416581844E-004,-3.113012304839195E-003)
 (1.526529273597058E-004,7.210602036840013E-005)
 (-1.197486299844275E-003,-1.268741169277586E-003)
 (-7.878232854509069E-004,-8.891350163950788E-004)
 (1.006393663140303E-004,-1.413212244384295E-003)
 (6.281716008461764E-004,1.391396691381708E-005)
 (1.020304214332135E-003,-9.455944778830349E-004)
 (9.594426048726444E-004,-9.384185215811308E-004)
 (2.022962285897043E-005,2.040541587519868E-007)
 (1.380094951756746E-003,-1.291395630297571E-003)
 (-3.597509820272802E-004,3.001316621685145E-004)
 (4.018450107269147E-005,-1.670303668138550E-003)
 (2.584737939044627E-004,2.473817508520596E-005)
 (6.048521919137511E-004,-5.786026628603713E-004)
 (7.280749157783716E-004,-6.469165599181108E-004)
 (7.125958044780573E-004,-6.345459877165522E-004)
 (1.494005967417622E-005,-3.622848403656658E-004)
 (-1.909865518329228E-004,-2.360619747917583E-004)
 (-2.140412671371239E-004,-2.281053672898481E-004)
 (0.000000000000000E+000,0.000000000000000E+000)
 (0.000000000000000E+000,0.000000000000000E+000)
 (0.000000000000000E+000,0.000000000000000E+000)
 (0.000000000000000E+000,0.000000000000000E+000)
 (-2.272184300482212E-003,-1.338486427953001E-003)
 (0.285939023799028,-0.246166874070008) (-0.139565563792441,-0.163257045247274)
 (-3.599370116996334E-002,2.978458521015989E-002)
 (-3.809580073695371E-004,7.528476731007388E-005)
 (3.500935933313526E-002,1.596439475134958E-003)
 (9.700343170115073E-003,-8.916731754279702E-003)
 (2.679606784144086E-002,1.335042459275330E-003)
 (-2.709170052433789E-002,-2.226673724765820E-003)
 (-2.036404663527617E-004,3.272791577973466E-003)
 (1.625113738336246E-004,-1.216109207599666E-004)
 (2.527360546404775E-003,2.764030919251137E-003)
 (6.175728524090214E-003,-6.219391056600269E-005)
 (-9.464782100026170E-005,-2.633621916324045E-004)
 (1.546555555890952E-003,1.758217910006605E-003)
 (-5.267980844176560E-005,4.332157067624424E-005)
 (4.375659067666537E-004,6.288767225187991E-004)
 (-3.390036049847090E-004,-3.831916022572688E-004)
 (-5.639095051537873E-004,-6.149740496791163E-004)
 (1.085243358262591E-003,-1.207063361171982E-003)
 (-5.704292090704245E-005,1.165579431060151E-004)
 (2.301798897642906E-004,2.475923777222999E-004)
 (-3.392747344394301E-005,1.314261406923493E-004)
 (3.338605209839022E-004,3.672448364400996E-004)
 (-2.500687523353804E-005,1.842739384742110E-004)
 (-6.555815781383657E-004,5.020956394564597E-004)
 (-1.628589589440958E-004,-1.998509569567434E-004)
 (-1.285549058494451E-005,9.796560531827748E-005)
 (-5.674762854044046E-005,6.936958625774281E-005)
 (-1.051988580741320E-003,8.689404785858673E-004)
 (-2.407534205394822E-004,-2.775389615255138E-004)
 (-1.951721508450912E-003,-1.381574170923881E-004)
 (1.942773970091438E-003,8.034069052721182E-005)
 (8.334937408859054E-004,-7.858134842487722E-004)
 (9.751113329966366E-006,-4.415807656058626E-005)
 (8.024119115283641E-004,5.891156911859628E-005)
 (-1.503622290378459E-005,-5.307655021403856E-005)
 (-3.225031719771227E-004,-3.834289250264067E-004)
 (-2.740156258334043E-004,-5.061710607075029E-006)
 (-4.092460400029883E-004,-3.872827362565272E-005)
 (4.191656874481787E-004,2.336869851228071E-006)
 (-3.282323460217318E-004,2.720713265320271E-004)
 (-1.337593109733160E-005,9.042613660456438E-005)
 (-1.522414684584320E-005,-1.177327578891264E-004)
 (0.000000000000000E+000,0.000000000000000E+000)
 (0.000000000000000E+000,0.000000000000000E+000)
 (0.000000000000000E+000,0.000000000000000E+000)
 (0.000000000000000E+000,0.000000000000000E+000)
 AAAAAA
 (0.895312608081222,0.141969119634401)
 (5.883524020690900E-002,8.263516790566226E-002)
 (4.250441657872452E-002,-3.080122765838404E-002)
 (-6.670266668131138E-003,-1.013927848232912E-002)
 (1.154575470059541E-003,-6.367751138279351E-003)
 (7.738040046344034E-006,-4.602874762966863E-004)
 (-4.466170849264852E-003,-6.313555268639992E-003)
 (-4.439382960498457E-004,2.922052082272704E-003)
 (-1.600288085093056E-002,-2.569576358160447E-003)
 (-7.056881041796140E-003,-9.387136673465692E-003)
 (-2.835842616814585E-004,2.368449330771366E-003)
 (-2.964747263877561E-004,3.331809377275056E-004)
 (-9.698786260721589E-003,6.930629026977615E-003)
 (-1.249606309181538E-002,-2.000176523378966E-003)
 (-7.871990984795907E-003,5.509963520181535E-003)
 (-1.131767971079996E-002,-1.912800407238422E-003)
 (-6.980083602418464E-003,4.911840952513916E-003)
 (-4.709567447683742E-003,3.148236839043579E-003)
 (-4.561839161564603E-003,3.080875429603770E-003)
 (-6.415045874510670E-003,-1.075501324509457E-003)
 (-5.419016059629337E-003,-8.571985235292583E-004)
 (-3.168548317488374E-003,2.170758050056048E-003)
 (-2.226873203257749E-003,-2.746835838246416E-003)
 (-4.533058345998942E-003,-7.679277662226144E-004)
 (-1.638297173338175E-003,-2.418264676317925E-003)
 (-2.630482387211208E-003,1.851987391792419E-003)
 (-2.546162414435493E-003,1.703251453679712E-003)
 (-3.682413091991542E-003,-5.199087722746120E-004)
 (-2.823735824169741E-003,-5.727706445885914E-004)
 (-9.721420137453524E-004,-1.334376754387397E-003)
 (1.049597579296500E-005,7.806836506378501E-005)
 (-1.190195674965322E-003,8.217767063294114E-004)
 (-5.166191700216096E-004,-6.994577138124765E-004)
 (1.514474368996652E-006,4.176113090994596E-005)
 (-3.194174142752990E-005,1.356851486123008E-004)
 (-2.252189562529448E-005,1.034865979700626E-004)
 (-8.051471343918800E-004,5.629470021206373E-004)
 (-5.062138070105070E-004,-6.547173811772499E-004)
 (-4.464823094372096E-005,1.667594409451083E-004)
 (-4.033176819545733E-004,-5.564885687261629E-004)
 (4.009931177520422E-006,-2.845159288184602E-006)
 (-1.044624816764047E-003,-1.582117903916693E-004)
 (-3.692933324192499E-005,1.459535572500409E-005)
 (-2.270904640327672E-006,8.653363840477915E-006)
 (0.000000000000000E+000,0.000000000000000E+000)
 (0.000000000000000E+000,0.000000000000000E+000)
 (0.000000000000000E+000,0.000000000000000E+000)
 (0.000000000000000E+000,0.000000000000000E+000)
 (-8.651521471099083E-002,0.185479304689533)
 (-6.874583283856762E-002,2.600072140267056E-002)
 (1.447730457488865E-002,4.397743232795096E-002)
 (1.442919950157694E-003,-4.144286420325841E-004)
 (-2.406191657326566E-002,-1.170186019293667E-002)
 (1.146494914995317E-002,5.115257586540901E-003)
 (5.678156337807268E-003,-2.423703314404106E-003)
 (1.608718366378674E-002,7.522394620645467E-003)
 (8.341292304765964E-004,-1.234860778989679E-003)
 (6.419090669455383E-003,-2.627525033624219E-003)
 (1.817329354278519E-002,8.509883803794308E-003)
 (6.833589221335016E-003,3.022882223484349E-003)
 (6.677330531026455E-004,2.352322932821456E-003)
 (-1.322685436988378E-003,2.788694834983937E-003)
 (3.243624455672513E-003,9.443302671014561E-003)
 (-2.927576133798125E-004,6.983043273975985E-004)
 (2.704331415563094E-003,6.583605884726447E-003)
 (2.069047325420513E-003,5.296699127668747E-003)
 (1.941686404713641E-003,5.126191302242939E-003)
 (-3.681846228335136E-004,6.669849302340001E-004)
 (6.795897317475250E-005,3.349197739442545E-005)
 (1.003253660754518E-003,3.102998376419179E-003)
 (3.097185647107356E-003,-1.051747327866826E-003)
 (4.554956432443720E-005,2.391414520013970E-004)
 (3.115930102608025E-003,-1.377957986824483E-003)
 (1.184696326909677E-003,3.152000306188180E-003)
 (9.689418482745613E-004,2.696892946262214E-003)
 (-1.449334035136770E-004,3.191013658743776E-004)
 (1.113342643556383E-004,-2.445186548961331E-004)
 (1.498513867520482E-003,-5.401156004486191E-004)
 (2.334868056310499E-003,1.077792437709239E-003)
 (1.941013035140741E-004,5.385734840379305E-004)
 (1.347435416040081E-003,-4.710968949347533E-004)
 (1.439924989061546E-003,7.031101139168427E-004)
 (2.066387750709491E-003,9.287553619511103E-004)
 (1.303168958449052E-003,6.094245398593867E-004)
 (2.094414140768836E-004,6.876672940957828E-004)
 (6.417364433051108E-004,-2.557994447705366E-004)
 (1.244165049454005E-003,5.343993337828903E-004)
 (7.344169532141285E-004,-2.945650657906870E-004)
 (9.838233396711211E-004,4.305656120558819E-004)
 (-9.239269085553050E-005,1.603553227839394E-004)
 (7.364283045801709E-004,3.212428161044493E-004)
 (7.643049169565910E-004,3.662841372064456E-004)
 (0.000000000000000E+000,0.000000000000000E+000)
 (0.000000000000000E+000,0.000000000000000E+000)
 (0.000000000000000E+000,0.000000000000000E+000)
 (0.000000000000000E+000,0.000000000000000E+000)
 (-0.254781146318386,4.670370807927027E-002)
 (-0.101241486152611,-6.784482361809513E-002)
 (-1.576423912998210E-002,2.304818280514664E-002)
 (9.781805225926607E-003,6.568366314905840E-003)
 (-6.021317050470407E-003,-2.848835950935124E-002)
 (-2.238220890539058E-003,-1.589867493418940E-002)
 (4.532055408379753E-003,2.838859699878835E-003)
 (2.323642830788770E-003,9.653126493983337E-003)
 (1.951322093804114E-003,-2.734890719237057E-004)
 (4.414058770963109E-003,2.732791416334352E-003)
 (-7.586828493486020E-006,-2.973421147283495E-003)
 (1.497040551393953E-004,6.684693872712272E-005)
 (3.577602692903144E-003,-5.115978050087077E-003)
 (-4.995652361844892E-003,9.767836036942094E-004)
 (-1.004645689051520E-003,1.595361918550408E-003)
 (-3.030080190951086E-003,5.084222294549330E-004)
 (-2.272992283405080E-005,-1.530295692089845E-004)
 (-1.041650878185755E-004,1.019269757796096E-005)
 (-7.242269936232407E-005,3.478709076697861E-005)
 (-2.792240308565651E-003,5.507770838469853E-004)
 (-2.803135950479723E-003,5.106601818256049E-004)
 (3.450994065699656E-004,-4.675302792091386E-004)
 (-2.755184402373289E-003,-1.881381583804177E-003)
 (-1.669395214349619E-003,2.584306104168069E-004)
 (-3.021565468337921E-003,-2.044514088287278E-003)
 (-3.466656895356221E-005,5.895931879739005E-005)
 (1.441397781476614E-004,-2.598689626277814E-004)
 (-1.861272811053605E-003,3.830800721954964E-004)
 (-8.266026462459290E-004,1.184273310422374E-004)
 (-1.189851695661556E-003,-8.270856604498807E-004)
 (-3.057997206504636E-004,-1.864563375466171E-003)
 (4.926302171757104E-004,-7.175211974474519E-004)
 (-1.649954619372172E-003,-1.138986221631305E-003)
 (-2.940448124524466E-004,-1.735882002607673E-003)
 (-2.188557763932486E-004,-1.122415134249570E-003)
 (-9.644802404901149E-005,-7.156341200144103E-004)
 (3.426305367684294E-004,-4.733998395265614E-004)
 (-1.201049922283661E-004,-8.731084888880013E-005)
 (2.839262159774595E-005,2.325429048232989E-004)
 (-4.231090557529107E-004,-2.887820516776173E-004)
 (-1.949885317402429E-004,-1.070309699761612E-003)
 (-2.721592873752468E-004,6.903896370312137E-005)
 (-1.491746110575133E-004,-6.782465011547828E-004)
 (-9.176383003180037E-005,-5.632268929541104E-004)
 (0.000000000000000E+000,0.000000000000000E+000)
 (0.000000000000000E+000,0.000000000000000E+000)
 (0.000000000000000E+000,0.000000000000000E+000)
 (0.000000000000000E+000,0.000000000000000E+000)
 (-8.911079713270764E-004,5.343289662855938E-004)
 (0.168711044471998,-0.415899392965070)
 (-8.942527537596644E-002,-4.077880088511938E-002)
 (-1.715995919081221E-002,4.025870414387364E-002)
 (-4.033802458238108E-003,2.618205881269357E-003)
 (3.042266856294699E-002,-1.268812133644855E-002)
 (-1.314710553857197E-003,3.632456178786367E-003)
 (1.696866134159418E-002,-7.616741994020699E-003)
 (1.633476443015885E-003,3.737269092602274E-003)
 (-3.594681066200489E-003,8.311207823160775E-003)
 (-1.978358912072260E-002,8.513489427293644E-003)
 (1.892574373431031E-003,-7.644268035407331E-004)
 (-4.541311786109932E-004,3.292630931414773E-004)
 (1.106728848834383E-003,2.575413149451981E-003)
 (1.623671222835526E-003,6.663858089534018E-004)
 (3.781590363912249E-004,1.112386454156422E-003)
 (-5.681999205754926E-004,-4.361121799178449E-005)
 (-9.462612135429098E-004,-3.177069452856118E-004)
 (-1.006306680680491E-003,-3.582980115219280E-004)
 (1.554324109576521E-004,3.691860474363395E-004)
 (-2.743914047504408E-004,-5.229385438545220E-004)
 (-6.856951029935560E-004,-2.591273724998340E-004)
 (2.908898398360259E-004,-8.102213405976203E-004)
 (4.421995753725155E-005,2.306758537424052E-004)
 (-4.260318265584917E-004,1.129428319297253E-003)
 (-2.476681418525916E-004,-6.473793779638874E-005)
 (-8.939767435648769E-004,-3.216939742021682E-004)
 (7.375108209583683E-005,2.149751033342599E-004)
 (-1.071572803738251E-004,-2.018981130514046E-004)
 (-4.769042321680785E-004,1.021238620732254E-003)
 (-1.895963200392605E-003,7.722104010354581E-004)
 (-7.735508259191225E-004,-2.777730017197591E-004)
 (8.016617259229051E-005,-1.572170815984992E-004)
 (9.618797322900075E-006,2.439596114715918E-005)
 (-4.407454966657701E-004,2.041662625538539E-004)
 (1.020005712295329E-003,-4.276200642804682E-004)
 (-8.442180262057315E-004,-3.121513787958755E-004)
 (5.743338176500759E-005,-3.112129106692149E-005)
 (7.985962133939954E-005,-4.526452126051645E-005)
 (-3.131686517230716E-004,8.162530220258705E-004)
 (-4.350916880607665E-004,2.025730861439299E-004)
 (1.063450437479447E-004,2.656350339911292E-004)
 (1.827115785724230E-004,-7.148399867050201E-005)
 (-6.770835495591874E-004,2.865360412967225E-004)
 (0.000000000000000E+000,0.000000000000000E+000)
 (0.000000000000000E+000,0.000000000000000E+000)
 (0.000000000000000E+000,0.000000000000000E+000)
 (0.000000000000000E+000,0.000000000000000E+000)
 AAAAAA
 (0.657581561242796,0.445941684921038)
 (1.587582684897814E-002,8.418541675786734E-002)
 (3.680957087269832E-002,-6.570975395270696E-003)
 (9.680501012126754E-003,-1.322551112929170E-002)
 (-2.329429951523024E-003,-1.012590491101897E-002)
 (-4.676067487261245E-004,-1.269422457968791E-005)
 (-4.676874411330842E-003,6.177411459757727E-003)
 (-8.742538822470123E-004,-5.063914248380576E-003)
 (-1.182508676864809E-003,2.172724684826745E-003)
 (-2.086949087647881E-003,-1.181353595531506E-002)
 (-1.351004922490413E-002,2.307999940521203E-003)
 (-1.259461548242630E-002,-8.200842470897833E-003)
 (-3.569279165227532E-003,4.572474583232086E-003)
 (-1.295233311747711E-002,1.895605398266191E-003)
 (-1.081435527700400E-002,-7.474570166427670E-003)
 (-1.203166939975909E-002,2.045264091502494E-003)
 (-1.060704474702394E-002,-7.224838204985748E-003)
 (-7.519925763979350E-003,1.293238556477622E-003)
 (-6.468802966127936E-003,-4.717133517602019E-003)
 (-6.409567274278804E-003,1.095907513655226E-003)
 (-5.290824635163739E-003,-3.704842923475591E-003)
 (-7.652001786260949E-004,-2.793578738283677E-003)
 (-4.649970474696316E-003,-3.137030585036602E-003)
 (-4.144068195176595E-003,-2.699492318141009E-003)
 (-4.476252456115474E-003,7.759169819698783E-004)
 (-3.931606383580607E-003,6.364330851034194E-004)
 (-4.026346133597918E-003,6.743059062059780E-004)
 (-6.791592873633193E-004,-2.453977181592123E-003)
 (-4.629293736219662E-004,5.762828821773188E-004)
 (-2.378735186621607E-003,-1.606002885104628E-003)
 (-2.403635015022431E-004,-1.389934678858933E-003)
 (-4.803482231883394E-004,5.953262418458694E-004)
 (-1.991165572112119E-004,-8.247671457619072E-004)
 (-1.452837640924414E-003,2.428633980618740E-004)
 (-1.606616601966029E-004,2.156893073351786E-004)
 (-1.229854021269806E-003,2.329022602411450E-004)
 (-9.594763578247980E-005,-5.612735166877990E-004)
 (-1.068253516550900E-003,-7.635207116758343E-004)
 (-1.132689280410876E-004,1.080020098114912E-004)
 (-2.020906679862686E-004,2.355216357680026E-004)
 (-9.901471027930647E-004,1.957632026103079E-004)
 (-2.562266113446065E-004,3.281147802040904E-004)
 (-1.026420118950529E-004,-6.216011798337259E-004)
 (-8.571636798992575E-004,-5.893263031554693E-004)
 (-8.042360080097229E-004,-5.247994508547228E-004)
 (-8.632510477796851E-004,-5.799264094906473E-004)
 (-1.543828787048522E-004,1.893602089630690E-004)
 (-1.160446534251890E-004,-4.494158294614948E-004)
 (0.170277801473436,-0.270076646495298)
 (0.131446632548721,-2.600537734674410E-002)
 (-9.162507889236733E-003,-4.111044498821335E-002)
 (1.125909743331965E-002,7.538760846126522E-003)
 (-1.277831359583270E-002,2.054754764804462E-003)
 (-1.050441335902503E-002,-6.392676791253124E-003)
 (-1.155967153909249E-002,-7.266446810507912E-003)
 (-7.320895397348951E-003,1.794532542673621E-003)
 (-6.696215756309310E-003,-4.622058388860721E-003)
 (-1.057839580569260E-002,2.167626960466137E-003)
 (-8.581909811860525E-005,-1.260608307938147E-003)
 (-3.023412410778951E-003,4.462717995639012E-003)
 (-1.542405624101588E-002,-1.033098447186961E-002)
 (-1.308202407937225E-003,-7.262533802852388E-003)
 (-5.299680564265371E-004,1.480589417411268E-003)
 (-1.028697914179002E-003,-5.476703660344017E-003)
 (-1.302917742314243E-003,2.342930410465209E-003)
 (-9.193946263825963E-004,-4.667482173864160E-003)
 (-1.009008809139155E-003,1.529518644153343E-003)
 (-7.700180595261619E-004,-3.987442563557301E-003)
 (-9.165730695617294E-004,1.678233214559850E-003)
 (-5.653273978894763E-003,1.163460838871267E-003)
 (-6.165159594641986E-004,1.123097332050960E-003)
 (-3.518314468312626E-004,8.355790279518040E-004)
 (-5.051208175679258E-004,-2.351863067633783E-003)
 (-4.652176474142666E-004,-2.642302900064922E-003)
 (-3.920590475221560E-004,-2.558061620458403E-003)
 (-3.803421522990114E-003,8.901497115708128E-004)
 (-2.850873291366584E-003,-1.834382875692056E-003)
 (-5.584783880418630E-004,8.599391473394331E-004)
 (-2.304746727224617E-003,4.452313887122824E-004)
 (-2.396562144521310E-003,-1.547284375258898E-003)
 (-2.096151688911890E-003,4.889445207899652E-004)
 (-1.746709357516043E-004,-5.471370847337435E-004)
 (-1.685896589992506E-003,-1.089745377936379E-003)
 (-1.861440283243229E-004,-8.016677562205422E-004)
 (-1.328283441318469E-003,3.358459471558183E-004)
 (-8.411866870308056E-005,1.742336451744836E-004)
 (-1.155341568139775E-003,-7.562872961798515E-004)
 (-9.957586042148412E-004,-6.584568449612528E-004)
 (-1.814066207134351E-004,-9.450046731872418E-004)
 (-9.073142844023842E-004,-5.919023074121226E-004)
 (-7.966178918044993E-004,1.316908076193034E-004)
 (-1.407270768085601E-004,3.037136726836963E-004)
 (-1.118353978719101E-004,2.508962473306540E-004)
 (-1.221338648308339E-004,1.539485261234689E-004)
 (-9.030721889177427E-004,-5.897088410673037E-004)
 (-9.723886334803676E-004,2.081955873981437E-004)
 (-0.131013919487523,0.364473798587122)
 (-1.933432490476822E-002,1.082391871880194E-002)
 (5.586944724937652E-003,1.101064292122148E-002)
 (-3.412986202164595E-002,-1.345437841564030E-002)
 (1.403390227740945E-003,1.265930330994994E-004)
 (4.347618111349234E-004,4.195370708341734E-004)
 (1.665922056958839E-002,5.757074930082057E-003)
 (1.110406267981645E-003,-1.245427323233781E-003)
 (2.392613171290739E-003,6.461707064811077E-004)
 (5.263765007532090E-003,-2.921808079553057E-003)
 (-4.316553261863724E-003,-9.208987498466582E-003)
 (1.148267124421603E-003,-3.509801803665611E-003)
 (-4.542794889913248E-003,-1.643281768729903E-003)
 (1.715896166940782E-003,3.699393051920158E-003)
 (-1.247270796686678E-003,3.781790758749199E-003)
 (-3.206108941110956E-004,-7.429055707174580E-004)
 (-2.294860536215307E-004,9.155100207407650E-004)
 (-5.049966948025046E-005,-4.659754030255086E-005)
 (-4.907257396028006E-004,1.231670140327916E-003)
 (6.456506098732586E-005,1.514195343511186E-004)
 (-3.955351199407279E-004,1.133765731430776E-003)
 (-2.165039147601084E-003,1.036397142583050E-003)
 (-2.045826942325171E-004,6.586531051123968E-004)
 (-4.649121135250914E-004,1.410266941323045E-003)
 (-3.072457779426868E-004,-6.270556030464324E-004)
 (-2.770455303449068E-004,-5.953024526618365E-004)
 (7.708562678736616E-005,1.178382910580110E-004)
 (-8.497911778463911E-004,4.562726285577514E-004)
 (-1.290474038420407E-003,-4.506845016342777E-004)
 (6.498677055762921E-005,-1.784653043870575E-004)
 (-6.486333324380376E-004,2.601634780699339E-004)
 (-6.618781801648421E-004,-2.175401508959872E-004)
 (-1.195121984700877E-003,5.902818316163674E-004)
 (-4.793647541633508E-004,-1.040404744625280E-003)
 (-1.042085822980312E-003,-3.635516376383615E-004)
 (-4.532918462561428E-004,-9.263653888534278E-004)
 (-5.459195184673007E-004,2.524873978412641E-004)
 (-7.289725031188983E-005,2.049155957316419E-004)
 (-7.965738853836865E-004,-2.820271640582810E-004)
 (-8.319535856062281E-006,1.499653746460665E-005)
 (7.689481230467582E-005,1.394813123797296E-004)
 (2.614192217931470E-004,9.677040527395076E-005)
 (-2.475412554823987E-005,9.558071304755265E-008)
 (-1.080501193219451E-006,1.240513369211286E-005)
 (-1.040277872062774E-004,3.149912305161331E-004)
 (-1.668855094440468E-004,4.616831670411065E-004)
 (-4.800995716200257E-004,-1.707290287509536E-004)
 (-3.471422350466297E-004,1.656762306894850E-004)
 (-0.128278621877470,-6.027123645967501E-002)
 (-0.146074122635148,-0.404738291296994)
 (-5.045787113180675E-002,1.833492371838294E-002)
 (2.232517655780597E-003,-5.636650612745339E-003)
 (1.640390940355663E-002,3.829454109522508E-002)
 (1.529697672413457E-002,-3.286547290323172E-002)
 (4.127744022061220E-003,-9.670077438199694E-003)
 (3.063561417547992E-003,8.227556631465512E-003)
 (2.515254579765766E-004,-1.694762632225748E-003)
 (4.311274416932338E-003,1.318606285962898E-002)
 (1.471840704296712E-003,-7.264854874667024E-004)
 (4.008160593283691E-003,1.705096370362439E-003)
 (-4.346520851968409E-003,8.589437401010277E-003)
 (1.578427177695524E-003,-5.716963279798890E-004)
 (5.797917013971527E-004,3.021941630897505E-004)
 (5.820925200075669E-004,-2.998357161090205E-004)
 (4.323021539608716E-004,1.742872124577492E-004)
 (-4.140311586616767E-004,1.196655339296618E-004)
 (-1.139025931992866E-003,-5.630528427651231E-004)
 (-2.786900075124921E-004,9.470004827606992E-005)
 (-1.507347278473922E-003,-6.926864014078320E-004)
 (-3.754697585464561E-004,-9.402446561501080E-004)
 (-4.579970819071562E-004,-1.965756189323424E-004)
 (-6.140453616651138E-004,-2.623037892587324E-004)
 (-2.523068120940683E-004,1.208846555461472E-004)
 (-5.985144439833995E-004,1.926318537882566E-004)
 (-2.045180743829722E-004,7.586814103972740E-005)
 (-6.403364631177279E-004,-1.574345975979153E-003)
 (-1.711982625939123E-004,3.402749867791716E-004)
 (-5.037477353480311E-004,-2.253837971354232E-004)
 (6.893357055655853E-005,1.181400789825650E-004)
 (7.976296922385970E-005,-2.123034168080208E-004)
 (-4.537251501584806E-004,-1.191204031777258E-003)
 (-2.128904050394816E-004,7.967880576184225E-005)
 (3.881210900647250E-004,-7.996503907132475E-004)
 (-5.063064885800292E-004,1.579155079834358E-004)
 (2.757692341650223E-004,7.716121565780884E-004)
 (3.098816507292189E-004,1.437163581287387E-004)
 (5.803971030601860E-005,-1.666452001736543E-004)
 (3.479884946156112E-004,-7.719531980210935E-004)
 (-2.697370690021566E-004,9.079821829001296E-005)
 (-7.098766549348579E-006,-2.181328051415046E-005)
 (-2.231243835323508E-005,-5.258270233516472E-005)
 (-2.502081068333653E-004,-1.129354055130399E-004)
 (-4.922893101946974E-004,-2.301459217622444E-004)
 (-4.931425080080754E-004,-2.220173847844333E-004)
 (-1.222878838875177E-004,2.442604366346168E-004)
 (1.023210469820735E-004,3.029498041783760E-004)
 AAAAAA
 (0.779130136692780,-0.191776479302866)
 (5.860903802676816E-002,3.465901600060878E-002)
 (2.624112743664090E-002,-4.448246161579100E-002)
 (-1.293665871802702E-002,-7.686091182664947E-003)
 (-4.257213066897013E-003,-1.563067567716932E-002)
 (-1.860824067181246E-002,4.457853305115766E-003)
 (2.255990219969571E-004,1.245320717981593E-003)
 (-5.417441136684189E-003,-3.161232245668080E-003)
 (-1.046776923418899E-002,-6.421026670252286E-003)
 (1.227405764906039E-003,5.147955835271981E-003)
 (1.285806872867903E-003,5.045970323082833E-003)
 (4.061978532742885E-004,2.206560813986194E-003)
 (-6.313851221741166E-003,1.052958187458545E-002)
 (-1.292197143747856E-002,3.296548809298775E-003)
 (-1.377914351394300E-002,3.540260441293564E-003)
 (-4.871459654208123E-003,8.212016585736530E-003)
 (-4.788304844863997E-003,8.317933492490322E-003)
 (-3.971523986785647E-003,6.511049217397406E-003)
 (-6.568555947921663E-003,1.862643679513127E-003)
 (-2.919353830748780E-003,4.837385454479022E-003)
 (-3.031196259753620E-003,-1.691330658801303E-003)
 (-5.486365888279646E-003,1.300311977842468E-003)
 (-2.229130751237921E-003,3.985671126533924E-003)
 (-2.407153762527933E-003,3.781227289134838E-003)
 (-2.178570369800732E-003,-1.317425522955146E-003)
 (-1.851013072457529E-003,2.935354572999572E-003)
 (-3.884822360421339E-003,1.018543187253545E-003)
 (-3.832912149656234E-003,1.020165082696389E-003)
 (-2.407955555770902E-003,6.852570613208490E-004)
 (-7.976983714884019E-004,-4.837378718731278E-004)
 (1.801287520571419E-005,3.405528821573452E-004)
 (8.179434741554018E-005,3.292708137803612E-004)
 (7.180306327261561E-005,5.163229867025871E-004)
 (9.725697055264779E-007,1.567807934111020E-004)
 (-1.035112245375351E-003,-6.404204370590581E-004)
 (-6.702659359198543E-004,1.109351120669410E-003)
 (-7.041003796375056E-004,-4.367137911965298E-004)
 (1.178848411448384E-004,4.284003177774744E-004)
 (-1.081180629214214E-003,2.594258616028377E-004)
 (-4.914184663734381E-004,7.864225302884892E-004)
 (-4.686900916033805E-004,-2.925311511648795E-004)
 (8.120981048689629E-006,7.993922358594865E-005)
 (2.564352335676585E-005,1.050441209379635E-004)
 (1.657040972626543E-005,1.574778191780867E-004)
 (-4.032100444766718E-004,6.582871223625170E-004)
 (0.000000000000000E+000,0.000000000000000E+000)
 (0.000000000000000E+000,0.000000000000000E+000)
 (0.000000000000000E+000,0.000000000000000E+000)
 (-1.919908698814998E-002,-0.347081902360988)
 (2.056938538129133E-002,-2.214619197552569E-002)
 (-2.796534228262842E-002,-2.822580054651483E-002)
 (2.878116047323031E-003,-9.067724618477520E-004)
 (2.162706260756603E-002,-3.320800586350658E-004)
 (3.083350464235385E-004,5.503333384409207E-003)
 (-1.676187260434126E-002,4.854979012914873E-004)
 (-5.063180132117308E-003,5.215928384885926E-003)
 (-6.117148007825108E-003,6.315343007753281E-003)
 (-1.683105553988318E-002,7.066700200732958E-004)
 (-1.746037378655894E-002,8.773102949112526E-004)
 (-9.435261829675202E-003,4.399514278080347E-004)
 (-1.515284866606185E-003,-1.098747693037301E-003)
 (-2.580877864264341E-004,-4.404090022231742E-004)
 (1.145983010019851E-004,1.782573362585088E-003)
 (-5.166768136756650E-003,-4.712066943645339E-003)
 (-4.141251762523966E-003,-3.769634430131262E-003)
 (-3.772458308442113E-003,-3.230582955190241E-003)
 (8.724206327073735E-005,6.365869610388037E-004)
 (-2.908391184223730E-003,-2.634809873761313E-003)
 (-3.244000305720030E-003,3.486300767247918E-003)
 (1.826392788930745E-004,1.114878281574447E-003)
 (-1.995958004206258E-003,-1.835538943704168E-003)
 (-2.467500532884300E-003,-2.247522254087098E-003)
 (-2.527223893811657E-003,2.781488434563070E-003)
 (-1.724882631921005E-003,-1.555661361246932E-003)
 (-7.937746483291180E-005,5.886123250069986E-004)
 (1.264889518673678E-004,2.872062549407771E-004)
 (5.957766159403271E-005,9.423373093973359E-004)
 (-1.228105967444880E-003,1.398354984586905E-003)
 (-2.077755102223220E-003,1.175758798148808E-004)
 (-2.040057379635393E-003,2.124785611371129E-005)
 (-2.418894711187229E-003,1.424261077056370E-004)
 (-1.843906928957390E-003,4.220713530074234E-005)
 (-9.966195794978486E-004,1.089820344639638E-003)
 (-2.327290422474913E-004,-2.634530953111144E-004)
 (-6.563257083726378E-004,6.931313574858640E-004)
 (-1.349565962285486E-003,4.447585199815441E-005)
 (1.376010994445217E-005,9.841333667975501E-005)
 (-3.604394388224388E-004,-3.462902545233651E-004)
 (-5.444472326009883E-004,5.534818385318782E-004)
 (-9.544935048014408E-004,5.967260635545145E-005)
 (-9.620196676582681E-004,5.073352679836173E-005)
 (-1.051641244192211E-003,6.053154725142599E-005)
 (-5.610122849567578E-004,-5.295117654548530E-004)
 (0.000000000000000E+000,0.000000000000000E+000)
 (0.000000000000000E+000,0.000000000000000E+000)
 (0.000000000000000E+000,0.000000000000000E+000)
 (-0.393884494278964,0.113849452203769)
 (-0.107090768819258,-6.002768087330243E-002)
 (-4.178743558150051E-002,7.154204131782965E-002)
 (2.456790738835371E-002,1.352208474939227E-002)
 (-8.520069859352181E-003,-3.083721095168449E-002)
 (4.486656257760541E-003,-1.729006626631963E-003)
 (-4.494043316031069E-003,-1.526241660686984E-002)
 (2.277454541873477E-003,1.047352476319239E-003)
 (8.939680521627559E-003,4.760744059315059E-003)
 (4.432029717194655E-004,1.072660732069382E-003)
 (8.013078181206418E-004,1.142085945653865E-003)
 (-3.794814652709651E-004,-1.675324184996383E-003)
 (3.676263674166806E-003,-7.131723314427296E-003)
 (-3.292098551935153E-003,7.612239319266443E-004)
 (-6.934638533198420E-004,1.514429642163286E-004)
 (1.520737439134440E-004,-2.253337989719471E-004)
 (6.504375725140527E-004,-1.104081301257423E-003)
 (1.580178348361205E-004,-4.670425668434665E-004)
 (-2.022520895125010E-003,5.676357998293045E-004)
 (7.806029642863535E-005,-1.755933108089359E-004)
 (-2.726432143469227E-003,-1.574080843301476E-003)
 (-2.200308281961120E-003,5.979652019461073E-004)
 (4.542603367293231E-004,-7.714967627357131E-004)
 (1.121090502745085E-004,-2.842544894757784E-004)
 (-2.373700908533504E-003,-1.373108140819766E-003)
 (1.724245572886216E-004,-3.818569937561814E-004)
 (-1.051079054035392E-003,2.113569786680642E-004)
 (-1.377498515406562E-003,4.067818066628954E-004)
 (-3.152837936722776E-004,9.462830333677340E-005)
 (-1.811213234598902E-003,-1.030647158488934E-003)
 (-3.370292310816590E-004,-1.163491982394614E-003)
 (-2.706921180764575E-004,-1.156189443676988E-003)
 (-2.887634842842957E-004,-1.006078653753527E-003)
 (-4.539357117079743E-004,-1.668559876955977E-003)
 (-6.636366334346570E-004,-4.046576258952385E-004)
 (3.266291559862164E-004,-5.981492992065391E-004)
 (1.256798709037168E-005,-4.872283430417854E-005)
 (6.337378946750724E-005,1.691826615547522E-004)
 (-8.313201942075413E-004,2.329108368943620E-004)
 (1.456469182879079E-004,-2.583262012715867E-004)
 (-2.677543936548228E-004,-1.843908345946524E-004)
 (-1.947910835923971E-004,-6.943995611680997E-004)
 (-2.015450546009608E-004,-6.959656584084757E-004)
 (-1.892915971291882E-004,-6.452952947981403E-004)
 (-5.938865614040282E-005,1.024942972700336E-004)
 (0.000000000000000E+000,0.000000000000000E+000)
 (0.000000000000000E+000,0.000000000000000E+000)
 (0.000000000000000E+000,0.000000000000000E+000)
 (1.548729950821638E-003,1.630127748941235E-003)
 (3.803079473811562E-002,-0.233573225983495)
 (-0.166259397226441,-2.686800926321811E-002)
 (-9.474513762338599E-003,6.099306171011658E-002)
 (-1.379109742748210E-003,5.833389519821150E-005)
 (7.591509211107676E-004,7.513060801645813E-004)
 (2.202457068618419E-002,-1.626446528967496E-002)
 (1.216365580167695E-003,-9.493054549970755E-003)
 (4.992302300516321E-004,2.274623330194459E-004)
 (1.719899837694806E-002,-1.308926567962504E-002)
 (-1.737145190071248E-002,1.282396997358087E-002)
 (8.621224457305177E-003,-6.341441321012833E-003)
 (6.095785601863773E-003,2.136385842464157E-004)
 (1.327587523816653E-004,4.229301323446567E-005)
 (1.403012823819912E-004,1.066883209862643E-004)
 (2.187614684974090E-003,1.748016933351937E-004)
 (1.457709784456438E-003,2.006149262040502E-004)
 (-1.030445709311647E-003,-2.341252587232284E-004)
 (1.082503753354354E-004,5.524438429517386E-005)
 (-8.542678057232592E-004,-1.924156637084663E-004)
 (2.116735873688973E-004,-1.302213382066045E-003)
 (5.488748355161037E-005,6.738999226764677E-005)
 (4.411930792650006E-004,1.371192579333002E-005)
 (8.397110750506893E-004,1.040072132785743E-004)
 (-1.180940575440148E-004,9.447499275265511E-004)
 (-2.059056725717834E-004,-5.375752288910646E-005)
 (8.053936476603099E-005,7.292368042867187E-005)
 (7.923632854755082E-005,4.564828701432212E-005)
 (7.717878253974412E-005,6.472313577296557E-005)
 (2.062240184975515E-005,3.501033117737422E-005)
 (-1.599078244112680E-003,1.151287611296992E-003)
 (1.582639179197885E-003,-1.174072268522623E-003)
 (-3.988734980544240E-004,2.910946859718524E-004)
 (8.680209589620011E-006,-2.879502454800001E-006)
 (-1.395400650440577E-004,9.774269914589403E-004)
 (-2.851822861786483E-004,-6.505226606492401E-005)
 (9.407568904164123E-005,-8.371051834275957E-004)
 (5.201722476487047E-004,-3.993400669724566E-004)
 (3.262593908886179E-006,9.682005801993707E-006)
 (-4.213851462247620E-004,-7.503048978724958E-005)
 (-7.605105848657661E-005,4.398543570229266E-004)
 (-2.801034143847224E-004,2.053477809058945E-004)
 (2.695074330554595E-004,-2.098195499304522E-004)
 (4.070705913754321E-004,-3.238799416310104E-004)
 (-2.099295490396923E-004,-3.435979601716140E-005)
 (0.000000000000000E+000,0.000000000000000E+000)
 (0.000000000000000E+000,0.000000000000000E+000)
 (0.000000000000000E+000,0.000000000000000E+000)
 AAAAAA
 (0.796020517833457,0.439356089056179)
 (2.996252277811117E-002,0.107804796192297)
 (5.285334981501715E-002,-1.556818389986916E-002)
 (-4.327988914563333E-003,-1.197831234524840E-002)
 (3.249771286864235E-003,-5.951292793595441E-003)
 (-4.641903260089826E-004,9.190384266008103E-004)
 (-1.444504396478721E-002,-8.096445554328240E-003)
 (-2.617198639735981E-003,-7.869713229481375E-003)
 (-8.694588082682440E-004,2.256356137700766E-003)
 (-7.299259351356818E-004,2.510654225386892E-003)
 (-1.176269431818886E-002,3.657448030330310E-003)
 (-2.559275653217577E-003,-9.681842695391310E-003)
 (-2.939630585364452E-004,6.647672097271754E-004)
 (-9.971175092290684E-003,-5.573202794472472E-003)
 (-8.152168480437653E-003,2.522922706187682E-003)
 (-8.792444544561819E-003,-4.912470281302145E-003)
 (-6.823355327823221E-003,2.194255443013486E-003)
 (-5.584012219283252E-003,1.463871738197168E-003)
 (-5.712593814134145E-003,1.461890291179835E-003)
 (-5.735684863081261E-003,-3.346144384642059E-003)
 (-9.287609935146394E-004,-3.117424635061517E-003)
 (-3.297277220070653E-003,1.054772421313284E-003)
 (-3.439457513715234E-003,-1.833066118039109E-003)
 (-3.476909597648078E-003,-1.943464558406782E-003)
 (-2.777496238450031E-003,9.349015258212977E-004)
 (-2.923647398105067E-003,-1.546152848430787E-003)
 (-5.787862831748043E-004,-2.024090594051848E-003)
 (-2.146794372693472E-003,6.292070155308540E-004)
 (-2.204607971607438E-003,-1.180859195956310E-003)
 (-3.779174845684441E-004,-1.195628406119362E-003)
 (-1.397699813234719E-004,2.266819154062149E-004)
 (-3.861902618996229E-004,-1.318681519986716E-003)
 (-1.223866649216637E-003,3.824985300132480E-004)
 (-6.655731227401434E-005,1.524989440725232E-004)
 (-3.799405857019672E-005,1.280886543516346E-004)
 (-1.703934756463850E-004,-6.808082203282486E-004)
 (-1.844760762599648E-004,-6.714318805940168E-004)
 (-5.523123891300791E-005,1.541664334326034E-004)
 (-9.837277499122844E-004,-5.452504675563898E-004)
 (-9.715653649627097E-004,-5.289185377441200E-004)
 (-3.695282783057230E-005,8.498965932134204E-005)
 (-7.897589441604455E-004,2.234357513300691E-004)
 (-7.050489591812050E-004,2.277606157852510E-004)
 (0.000000000000000E+000,0.000000000000000E+000)
 (0.000000000000000E+000,0.000000000000000E+000)
 (0.000000000000000E+000,0.000000000000000E+000)
 (0.000000000000000E+000,0.000000000000000E+000)
 (0.000000000000000E+000,0.000000000000000E+000)
 (-0.140707060744819,0.272598172225159)
 (-7.909956605038261E-002,2.576364953204430E-002)
 (1.212577767379355E-002,3.997717367283318E-002)
 (-3.174435526224247E-003,8.068344958130558E-004)
 (-3.101606157357033E-002,-1.608443563465525E-002)
 (8.518922786609463E-003,5.329663232083210E-003)
 (5.715156846825900E-004,-8.977200643596412E-004)
 (8.131346954163151E-003,-2.591708039614893E-003)
 (1.597608613173702E-002,8.151461849770478E-003)
 (1.583852711468207E-002,7.774396409958483E-003)
 (7.220511837975998E-004,1.518522257686670E-003)
 (6.088431559141277E-003,-2.114857026152842E-003)
 (7.878020030084677E-003,4.430129806308243E-003)
 (-1.370523212220059E-003,2.931794354954465E-003)
 (2.692897557954431E-003,8.053509788711149E-003)
 (-7.258350705867571E-004,1.244826514661144E-003)
 (1.889768068850274E-003,5.943439496422536E-003)
 (1.636255793687266E-003,5.194624307905576E-003)
 (1.659324310292739E-003,5.450374677126181E-003)
 (-8.286672278018357E-004,1.418341659593680E-003)
 (2.383140637966134E-003,-6.611216866528024E-004)
 (8.483737860175958E-004,2.672777377553391E-003)
 (-3.076076844789174E-004,5.623720823763196E-004)
 (-3.095546245541186E-004,5.316810937557485E-004)
 (8.956425859392369E-004,2.755562828189447E-003)
 (-2.864244341414788E-004,8.356677849714536E-004)
 (1.539014108363023E-003,-4.942639185057949E-004)
 (5.372991384764833E-004,1.815405232940650E-003)
 (4.728405380312415E-005,-5.324458668314557E-005)
 (9.669850103062053E-004,-2.368735773467536E-004)
 (1.872023759176742E-003,9.817491145394561E-004)
 (7.707149652881131E-004,-2.757085162981419E-004)
 (1.435330563107634E-004,3.992126004413781E-004)
 (1.103830724045416E-003,5.999781758475491E-004)
 (1.116844668849803E-003,5.884959196124736E-004)
 (5.978330219896629E-004,-1.907306999353405E-004)
 (5.930315519007716E-004,-2.041782378417785E-004)
 (1.130441763315075E-003,5.908429012638990E-004)
 (-1.356049353522662E-004,2.274517129909091E-004)
 (-1.429978448999842E-004,2.496194396748815E-004)
 (7.260090119872691E-004,3.815155303294114E-004)
 (2.959560200305861E-004,9.142782171795491E-004)
 (1.413756273576024E-004,4.835537213258196E-004)
 (0.000000000000000E+000,0.000000000000000E+000)
 (0.000000000000000E+000,0.000000000000000E+000)
 (0.000000000000000E+000,0.000000000000000E+000)
 (0.000000000000000E+000,0.000000000000000E+000)
 (0.000000000000000E+000,0.000000000000000E+000)
 (1.103666459844124E-004,2.138816197488944E-003)
 (7.231216813519083E-002,-0.393443393615102)
 (-7.256926787750642E-002,-1.494901917556959E-002)
 (-7.490244274979367E-003,4.506275547071891E-002)
 (-3.523494353732004E-004,6.172241504688813E-004)
 (2.517318297625640E-002,-1.725663507179754E-002)
 (3.575134336061325E-003,6.045728818405608E-003)
 (1.219726561913040E-002,-9.153862887787969E-003)
 (1.953979177750510E-002,-2.240042815515771E-003)
 (-1.184916471488767E-002,7.928668931559782E-003)
 (2.775176870353484E-003,6.647082326892569E-004)
 (5.831215235198419E-003,-6.967665512733969E-004)
 (7.699823909243209E-003,1.283040742416166E-003)
 (3.055266597239138E-004,-4.176697695809268E-004)
 (1.097293390828552E-003,6.550048200029523E-004)
 (2.895636238403975E-004,-1.005555590334693E-005)
 (4.579022400028950E-004,4.434964786282743E-004)
 (-3.342474279066707E-005,3.561491236252378E-005)
 (-4.196985763346898E-005,3.442914442566013E-005)
 (5.665129360787443E-005,2.037631865973687E-004)
 (2.012467417031294E-004,-1.297023886648275E-003)
 (1.142884806943225E-004,-1.608843257308825E-004)
 (-1.073193162396975E-004,4.335807157616220E-004)
 (1.451409964945350E-004,5.179888465566507E-004)
 (1.544667383904301E-004,-6.651194080596932E-005)
 (3.461506527920906E-005,3.330130152400013E-004)
 (-8.051779003717093E-004,7.781631284869461E-004)
 (-1.653042437392510E-004,-3.188395345254281E-004)
 (5.168460379419604E-005,4.686680978787915E-004)
 (1.292754851276396E-003,-1.278893473064902E-003)
 (1.511648576342055E-003,2.206212251758634E-004)
 (-7.552320002155194E-004,1.197745647676616E-003)
 (-1.563387308146042E-004,-1.804513950239001E-004)
 (-1.536376607579146E-003,1.464668389195178E-004)
 (9.044056904174325E-004,-6.278737019039411E-004)
 (-3.942728199763717E-004,5.451544156835386E-005)
 (-1.187565105656085E-004,5.481632892492845E-004)
 (-4.396297354617539E-004,-1.163351497241713E-004)
 (1.491057572597088E-004,2.184663946739124E-004)
 (-3.834596118605052E-005,-3.444400782399446E-004)
 (-3.132506911250834E-004,-2.321748309785389E-004)
 (6.559868714415487E-005,1.722437593539073E-004)
 (-1.694517237247086E-004,-1.514062022636982E-004)
 (0.000000000000000E+000,0.000000000000000E+000)
 (0.000000000000000E+000,0.000000000000000E+000)
 (0.000000000000000E+000,0.000000000000000E+000)
 (0.000000000000000E+000,0.000000000000000E+000)
 (0.000000000000000E+000,0.000000000000000E+000)
 (1.434193052266039E-003,-3.839935538239858E-003)
 (-7.932675924835714E-002,0.444183937728750)
 (8.339124622877808E-002,1.815509343889560E-002)
 (8.437323358829567E-003,-5.141420812998444E-002)
 (-1.107465426422880E-003,1.825733059492839E-003)
 (-2.865371377453609E-002,1.990496622318393E-002)
 (-4.294855439876096E-003,-6.713545451125048E-003)
 (1.101370889026573E-002,-8.372309297366655E-003)
 (5.633001300308262E-003,6.688087721841086E-003)
 (1.295254548886616E-002,-9.268390123407586E-003)
 (-3.219449600845835E-003,-5.194941615764768E-004)
 (7.093975554715640E-003,-9.520806503228200E-003)
 (6.947937636706360E-003,1.003589302608203E-003)
 (-1.348861740074526E-004,-1.160075284687378E-003)
 (-3.907291017469235E-004,3.624778216568852E-004)
 (-3.065526923758125E-004,-9.694545950825129E-004)
 (-2.382696289297775E-005,2.701466866429462E-004)
 (-9.739720906711218E-006,4.584421947308493E-006)
 (-2.309377056959716E-006,5.482713822746502E-006)
 (-1.710775266088176E-004,-1.842529364340989E-004)
 (-3.073933519520607E-004,1.455773791924721E-003)
 (-4.744675086635092E-004,-2.806148324489295E-004)
 (-9.350847024258366E-005,4.041861483962433E-004)
 (-2.578137305438930E-004,-1.034361098434358E-004)
 (-4.107177718473661E-004,-1.711876546156979E-004)
 (-1.480398739546559E-004,-1.091973596112832E-005)
 (-6.235610598748553E-004,2.022659141855601E-004)
 (-3.630176790694657E-004,-3.233771245425412E-004)
 (-1.614226495848644E-004,1.135310569405784E-004)
 (9.916425423506627E-004,-3.633938804708337E-004)
 (1.397532218600357E-003,1.991734292257954E-004)
 (-4.179984333839923E-004,-4.775636585585357E-004)
 (-1.881967925157449E-004,-2.225194064913694E-004)
 (-4.342516954944591E-004,-5.104188177441692E-004)
 (-1.010478959515496E-003,7.289378468086493E-004)
 (-4.563232328643714E-004,5.898566089606622E-004)
 (1.146645177167635E-004,-6.067637214234730E-004)
 (-5.285809952899866E-004,-5.336468245197327E-006)
 (-1.605784966828871E-004,-2.507022710676113E-004)
 (1.286253224255959E-004,-9.851988243605796E-005)
 (-7.340915064784809E-004,1.230431416793179E-004)
 (1.794081333791669E-004,1.655958186180850E-004)
 (-4.577415886439270E-005,-9.505726627113294E-005)
 (0.000000000000000E+000,0.000000000000000E+000)
 (0.000000000000000E+000,0.000000000000000E+000)
 (0.000000000000000E+000,0.000000000000000E+000)
 (0.000000000000000E+000,0.000000000000000E+000)
 (0.000000000000000E+000,0.000000000000000E+000)
 AAAAAA
 (0.619096883305780,0.510008230861910)
 (1.128047870324122E-002,0.110314552095727)
 (3.887717023201862E-002,-4.163788990466244E-003)
 (1.091620909696375E-002,-1.267131789577387E-002)
 (-1.079554672274585E-003,-1.348815414559078E-002)
 (-2.496269644752055E-003,2.639035168082983E-003)
 (-1.397912550967434E-002,1.573256015417488E-003)
 (-4.320606361148604E-003,5.105282886514208E-003)
 (-6.612216496179616E-004,-6.087946701865255E-003)
 (-1.213120388838789E-002,-9.668085172881138E-003)
 (-1.513743259200246E-003,1.981734996931143E-003)
 (-1.250442935144094E-003,-9.621409576735528E-003)
 (-3.651525994140863E-003,3.649901894800943E-003)
 (-1.078718414588415E-002,9.321321890013844E-004)
 (-8.469181527526699E-003,-6.920999207464208E-003)
 (-9.992360037995534E-003,1.259918089872291E-003)
 (-8.186671460087220E-003,-6.871321589445338E-003)
 (-7.630328980848951E-003,6.161272151299973E-004)
 (-5.999024869010701E-003,-4.981600358470686E-003)
 (-6.222672921624849E-003,6.860024911086089E-004)
 (-3.560383133189900E-003,-2.836241311319559E-003)
 (-3.660135785278028E-003,-2.967981705805544E-003)
 (-2.914002923294164E-004,-2.463293741783933E-003)
 (-3.245855950105259E-003,-2.595910329241193E-003)
 (-3.771018752635399E-003,3.646536025926929E-004)
 (-2.073516654831209E-004,-2.048217476082521E-003)
 (-3.558392007981164E-003,3.401421181586571E-004)
 (-2.957046754146904E-003,2.798703579767837E-004)
 (-1.779327925107120E-003,-1.477522080994661E-003)
 (-3.365637518454856E-004,3.837314582942180E-004)
 (-1.338775723651639E-004,-1.178217220261925E-003)
 (-3.958305162976086E-004,4.558480463203953E-004)
 (-9.476854947504604E-005,-7.880602145802233E-004)
 (-4.084813805247279E-004,5.086720520374708E-004)
 (-5.243015005332642E-005,-5.832624895921501E-004)
 (-6.718521059038327E-005,-5.666033298024550E-004)
 (-1.255202323932009E-003,6.241747443869796E-005)
 (-1.010694545232685E-003,-8.442541617290477E-004)
 (-2.304284730410275E-004,2.803628708112492E-004)
 (-1.616467392510720E-004,1.815542168991374E-004)
 (-8.949386413952807E-004,5.876635522107890E-005)
 (-8.832407054220079E-004,8.143240862644406E-005)
 (0.000000000000000E+000,0.000000000000000E+000)
 (0.000000000000000E+000,0.000000000000000E+000)
 (0.000000000000000E+000,0.000000000000000E+000)
 (0.000000000000000E+000,0.000000000000000E+000)
 (0.000000000000000E+000,0.000000000000000E+000)
 (0.000000000000000E+000,0.000000000000000E+000)
 (0.249067251270176,-0.437553562114887)
 (0.151642505732904,-3.947870143273079E-002)
 (-1.192082748928004E-002,-3.932850493220478E-002)
 (2.544792761037343E-002,1.371080196892471E-002)
 (-1.024940020017438E-002,2.588832686110656E-003)
 (-7.926889954363841E-003,-4.078738767044118E-003)
 (4.594546371877108E-004,2.024618622239994E-003)
 (-1.332316789083804E-002,-7.458452731104438E-003)
 (-8.045587946543191E-003,2.374900859533520E-003)
 (-2.732404742622640E-003,4.650966116935175E-003)
 (-7.217711183625785E-003,-3.941939026527899E-003)
 (-1.070997856378626E-002,2.725475103191562E-003)
 (-1.319944438392037E-002,-7.772619567783639E-003)
 (-1.656552739425469E-003,-6.024311868927369E-003)
 (-2.146153473904185E-005,5.851015312792933E-004)
 (-1.246799977780683E-003,-4.346774852230385E-003)
 (-5.968663967740695E-004,1.524210877271603E-003)
 (-9.156684284956757E-004,-3.907934742655418E-003)
 (-5.132302189309114E-004,8.956357948995176E-004)
 (-8.490355720335239E-004,-3.451070211542339E-003)
 (-4.386357928299819E-004,6.905120058755610E-004)
 (-3.001025866395988E-004,6.521164336182627E-004)
 (-2.776410193182365E-003,6.923256144120385E-004)
 (-8.846616200364568E-005,1.718223342794568E-004)
 (-5.495546217729692E-004,-1.788456613193205E-003)
 (-2.696516068035365E-003,7.650539805071461E-004)
 (-6.023582796621827E-004,-1.927358818430773E-003)
 (-3.697498357119800E-004,-1.483897751104421E-003)
 (-4.402018183508588E-004,8.159665896131741E-004)
 (-1.526298376851504E-003,-8.764823512665560E-004)
 (-1.444486321319647E-003,3.838747799749742E-004)
 (-1.382496823197605E-003,-7.990285476927655E-004)
 (-9.398950890842845E-004,2.815212003074505E-004)
 (-1.478926312126024E-003,-8.266299320679321E-004)
 (-9.465490436496124E-004,2.748462479675728E-004)
 (-9.553120040312880E-004,2.802782560018362E-004)
 (-1.213111312956618E-007,-1.767458850810462E-004)
 (-5.764204539598808E-006,6.245902568629614E-005)
 (-9.132203611992303E-004,-5.374612999428992E-004)
 (-7.770044610175176E-004,-4.544326494994379E-004)
 (-8.079303928870103E-005,-3.430255491362908E-004)
 (-1.669034681465391E-004,-5.682560936729837E-004)
 (0.000000000000000E+000,0.000000000000000E+000)
 (0.000000000000000E+000,0.000000000000000E+000)
 (0.000000000000000E+000,0.000000000000000E+000)
 (0.000000000000000E+000,0.000000000000000E+000)
 (0.000000000000000E+000,0.000000000000000E+000)
 (0.000000000000000E+000,0.000000000000000E+000)
 (-7.142228786803358E-002,-0.136312139571193)
 (-9.200533616602398E-002,0.291835169658478)
 (2.520278963604213E-002,3.258336251259866E-003)
 (1.460479284782189E-002,-8.455918750498613E-003)
 (6.753064722179309E-003,-2.383392805352326E-002)
 (-1.245246462398848E-002,6.138375300425275E-003)
 (5.620543329503445E-003,1.553459302374203E-003)
 (-1.060680768643173E-002,4.890411403970013E-003)
 (-1.750390897248145E-004,-8.883559975415498E-005)
 (-2.095283011615548E-003,-3.606099647594349E-003)
 (-1.511545291382859E-003,1.997420474344289E-004)
 (6.530278501623941E-004,-3.185113621050249E-003)
 (1.496629612353484E-002,-8.155841544319730E-003)
 (4.034286934452115E-004,-3.601121377382066E-005)
 (-1.737800571006064E-003,-2.988031142247907E-003)
 (1.948520151295470E-003,4.690255990387670E-004)
 (-1.412232725468258E-003,-2.362361333739091E-003)
 (1.692107318817256E-003,5.267873826344800E-004)
 (-8.955961106248017E-004,-1.862480363870025E-003)
 (1.469289872788476E-003,4.815714466729286E-004)
 (-6.937162899102539E-004,-1.445200434816845E-003)
 (-7.630101421688867E-004,-1.366784601829889E-003)
 (6.817561397240532E-004,-2.026974706931869E-003)
 (-6.851128255598224E-004,-1.382418970584551E-003)
 (1.396501014531474E-003,3.366727662832636E-004)
 (1.058520136163899E-003,-3.430150444562794E-003)
 (9.009696765771493E-004,1.612819913141775E-004)
 (1.235402878191797E-003,3.666832988323432E-004)
 (-2.403398876888113E-004,-3.810120644327806E-004)
 (2.831758207445207E-003,-1.463938610552696E-003)
 (6.192053869046551E-004,-1.972171778558077E-003)
 (-3.235108718121192E-004,1.597910003760520E-004)
 (-9.473476116846546E-005,2.088198858998595E-004)
 (1.509642206883145E-003,-8.031512791335490E-004)
 (4.547818533624442E-004,-1.484857471610358E-003)
 (4.296243890365470E-004,-1.504625148765136E-003)
 (8.732889694534525E-004,2.599702472962272E-004)
 (-2.821207208785653E-004,-4.683228470206091E-004)
 (2.460405023472434E-004,-1.043890593885626E-004)
 (9.992781192208293E-004,-5.184825840836133E-004)
 (6.629584787024284E-004,2.029204200606162E-004)
 (-5.812785744570174E-005,-4.794052405128811E-005)
 (0.000000000000000E+000,0.000000000000000E+000)
 (0.000000000000000E+000,0.000000000000000E+000)
 (0.000000000000000E+000,0.000000000000000E+000)
 (0.000000000000000E+000,0.000000000000000E+000)
 (0.000000000000000E+000,0.000000000000000E+000)
 (0.000000000000000E+000,0.000000000000000E+000)
 (-1.594484237706389E-003,-3.387039133564368E-003)
 (-0.225357447213248,-0.549885996450632)
 (-2.661290227842179E-002,8.897550853450904E-003)
 (2.714788294693436E-005,9.224605653733808E-004)
 (2.437909588605136E-002,5.824747029189513E-002)
 (1.649789830650180E-002,-4.046545301574106E-002)
 (2.139639839106020E-003,-4.611654839076508E-004)
 (3.894690634297736E-004,8.210281932140851E-005)
 (4.256598083381575E-003,9.247500361621043E-003)
 (1.066570854509967E-002,4.286157011792619E-003)
 (-2.584632217282137E-003,7.004503675340739E-003)
 (6.322239055611040E-003,1.527000701992379E-002)
 (-4.112562865803733E-003,1.107695850618948E-002)
 (2.908544291320169E-004,1.765279933830145E-004)
 (1.189235140085576E-003,6.433548987504644E-004)
 (2.844690341186073E-006,2.561872034463180E-004)
 (1.445334061777349E-003,7.081316688678301E-004)
 (1.964543098246343E-004,1.082227012264610E-004)
 (-2.522522009221113E-004,3.619822331423232E-006)
 (1.082529692917571E-004,1.282129738446769E-004)
 (-5.749119242604810E-004,-2.016787996611514E-004)
 (4.955316377124302E-004,2.580580959423868E-004)
 (-4.913537173025023E-004,-1.221326482095450E-003)
 (1.739735921846034E-004,1.401172153910850E-004)
 (2.116134616609495E-004,2.059871326307887E-005)
 (-1.147462162421126E-004,-3.410393373301182E-004)
 (2.431947009850161E-004,3.745984247377623E-007)
 (1.607532797858637E-004,-1.684590325313120E-006)
 (-2.548661406404109E-005,2.652666580039012E-005)
 (5.905203526793172E-005,3.660880515032918E-005)
 (2.067675896919464E-004,4.681845629527078E-004)
 (-2.830350552715621E-004,7.238857730767352E-004)
 (1.935267019381506E-004,4.344788815162131E-004)
 (2.887541953514897E-004,-6.195069473054272E-004)
 (-4.667179632352178E-004,-1.130586931896198E-003)
 (4.888819745987698E-004,1.095477082849198E-003)
 (7.845294445699440E-005,1.043798991748968E-005)
 (6.617796532428879E-004,2.874117981203568E-004)
 (3.602311870329898E-004,-8.482912034172967E-004)
 (2.762354254039724E-004,-6.511934538114008E-004)
 (4.705069036482469E-005,1.608501671862639E-005)
 (-8.676081092797793E-005,4.673125754206245E-005)
 (0.000000000000000E+000,0.000000000000000E+000)
 (0.000000000000000E+000,0.000000000000000E+000)
 (0.000000000000000E+000,0.000000000000000E+000)
 (0.000000000000000E+000,0.000000000000000E+000)
 (0.000000000000000E+000,0.000000000000000E+000)
 (0.000000000000000E+000,0.000000000000000E+000)
