           1
 (6.224937050345886E-003,0.000000000000000E+000)
 (-1.308578448682994E-003,0.000000000000000E+000)
 (4.510573639046372E-004,0.000000000000000E+000)
 (-3.202243892182265E-004,0.000000000000000E+000)
 (6.601790646694519E-004,0.000000000000000E+000)
 (6.334610605694805E-003,0.000000000000000E+000)
 (-1.346583321759186E-003,0.000000000000000E+000)
 (-6.206243439382128E-003,0.000000000000000E+000)
 (5.787290482993034E-004,0.000000000000000E+000)
           2
 (3.679411737971275E-003,0.000000000000000E+000)
 (3.684070708367573E-003,0.000000000000000E+000)
 (3.681741960117029E-003,0.000000000000000E+000)
 (-1.350792953798798E-003,0.000000000000000E+000)
 (5.028499390249559E-003,0.000000000000000E+000)
 (-3.681741960117037E-003,0.000000000000000E+000)
 (-5.030204691770092E-003,0.000000000000000E+000)
 (1.344428681882004E-003,0.000000000000000E+000)
 (3.681741960117018E-003,0.000000000000000E+000)
           3
 (3.707664101196398E-003,0.000000000000000E+000)
 (3.655636009571010E-003,0.000000000000000E+000)
 (3.681741960117026E-003,0.000000000000000E+000)
 (-1.312041600679469E-003,0.000000000000000E+000)
 (5.038749305121182E-003,0.000000000000000E+000)
 (-3.681741960117028E-003,0.000000000000000E+000)
 (-5.019705701875866E-003,0.000000000000000E+000)
 (1.383113295550174E-003,0.000000000000000E+000)
 (3.681741960117029E-003,0.000000000000000E+000)
           4
 (-4.557694973302709E-003,0.000000000000000E+000)
 (-2.517511519755965E-003,0.000000000000000E+000)
 (3.681741960117027E-003,0.000000000000000E+000)
 (-9.861855622271942E-005,0.000000000000000E+000)
 (-5.205835389458765E-003,0.000000000000000E+000)
 (-3.681741960117031E-003,0.000000000000000E+000)
 (4.459076417079988E-003,0.000000000000000E+000)
 (-2.688323869702804E-003,0.000000000000000E+000)
 (3.681741960117028E-003,0.000000000000000E+000)
           5
 (-3.452624570800478E-003,0.000000000000000E+000)
 (3.897413410824872E-003,0.000000000000000E+000)
 (3.681741960117027E-003,0.000000000000000E+000)
 (1.648946737424258E-003,0.000000000000000E+000)
 (4.938767293455993E-003,0.000000000000000E+000)
 (-3.681741960117028E-003,0.000000000000000E+000)
 (5.101571308224734E-003,0.000000000000000E+000)
 (1.041353882631122E-003,0.000000000000000E+000)
 (3.681741960117029E-003,0.000000000000000E+000)
           6
 (-4.621063685893817E-003,0.000000000000000E+000)
 (-2.399211981606919E-003,0.000000000000000E+000)
 (3.681741960117027E-003,0.000000000000000E+000)
 (-2.327533178113144E-004,0.000000000000000E+000)
 (-5.201564535293259E-003,0.000000000000000E+000)
 (-3.681741960117032E-003,0.000000000000000E+000)
 (4.388310368082502E-003,0.000000000000000E+000)
 (-2.802352553686343E-003,0.000000000000000E+000)
 (3.681741960117026E-003,0.000000000000000E+000)
           7
 (6.206510768545051E-003,0.000000000000000E+000)
 (1.464546230951234E-003,0.000000000000000E+000)
 (1.017728783965924E-018,0.000000000000000E+000)
 (-9.905253539370117E-019,0.000000000000000E+000)
 (-2.337336110205699E-019,0.000000000000000E+000)
 (6.376964135280920E-003,0.000000000000000E+000)
 (-1.464546230951234E-003,0.000000000000000E+000)
 (6.206510768545051E-003,0.000000000000000E+000)
 (0.000000000000000E+000,0.000000000000000E+000)
           8
 (4.509194583440568E-003,0.000000000000000E+000)
 (-4.034379087595412E-003,0.000000000000000E+000)
 (2.014105550586202E-003,0.000000000000000E+000)
 (1.597803834403660E-017,0.000000000000000E+000)
 (-2.848375385689936E-003,0.000000000000000E+000)
 (-5.705473621431865E-003,0.000000000000000E+000)
 (-4.509194583440523E-003,0.000000000000000E+000)
 (-4.034379087595465E-003,0.000000000000000E+000)
 (2.014105550586202E-003,0.000000000000000E+000)
           9
 (4.509194583440576E-003,0.000000000000000E+000)
 (-3.348505047826099E-003,0.000000000000000E+000)
 (3.019991678136291E-003,0.000000000000000E+000)
 (3.414155548162213E-017,0.000000000000000E+000)
 (-4.270913189474226E-003,0.000000000000000E+000)
 (-4.735501252310492E-003,0.000000000000000E+000)
 (-4.509194583440519E-003,0.000000000000000E+000)
 (-3.348505047826174E-003,0.000000000000000E+000)
 (3.019991678136291E-003,0.000000000000000E+000)
          10
 (4.509194583440552E-003,0.000000000000000E+000)
 (-2.901776050983370E-003,0.000000000000000E+000)
 (3.451453540360769E-003,0.000000000000000E+000)
 (8.019283431786641E-018,0.000000000000000E+000)
 (-4.881092406678833E-003,0.000000000000000E+000)
 (-4.103731046270136E-003,0.000000000000000E+000)
 (-4.509194583440541E-003,0.000000000000000E+000)
 (-2.901776050983385E-003,0.000000000000000E+000)
 (3.451453540360768E-003,0.000000000000000E+000)
          11
 (-4.509194583440543E-003,0.000000000000000E+000)
 (2.624270071892533E-003,0.000000000000000E+000)
 (3.666884560645284E-003,0.000000000000000E+000)
 (8.455155008328904E-018,0.000000000000000E+000)
 (5.185757877321069E-003,0.000000000000000E+000)
 (-3.711278327000226E-003,0.000000000000000E+000)
 (4.509194583440550E-003,0.000000000000000E+000)
 (2.624270071892518E-003,0.000000000000000E+000)
 (3.666884560645285E-003,0.000000000000000E+000)
          12
 (-4.509194583440543E-003,0.000000000000000E+000)
 (2.381410128775149E-003,0.000000000000000E+000)
 (3.829062756066650E-003,0.000000000000000E+000)
 (6.823259614715831E-018,0.000000000000000E+000)
 (5.415112480807157E-003,0.000000000000000E+000)
 (-3.367822501686466E-003,0.000000000000000E+000)
 (4.509194583440550E-003,0.000000000000000E+000)
 (2.381410128775137E-003,0.000000000000000E+000)
 (3.829062756066648E-003,0.000000000000000E+000)
          13
 (-4.509194583440544E-003,0.000000000000000E+000)
 (2.030394001228769E-003,0.000000000000000E+000)
 (4.026206153577313E-003,0.000000000000000E+000)
 (8.781713416809224E-018,0.000000000000000E+000)
 (5.693915347299050E-003,0.000000000000000E+000)
 (-2.871410733498688E-003,0.000000000000000E+000)
 (4.509194583440550E-003,0.000000000000000E+000)
 (2.030394001228755E-003,0.000000000000000E+000)
 (4.026206153577315E-003,0.000000000000000E+000)
          14
 (-4.509194583440546E-003,0.000000000000000E+000)
 (1.343907049044717E-003,0.000000000000000E+000)
 (4.304271092166185E-003,0.000000000000000E+000)
 (5.596816919975646E-018,0.000000000000000E+000)
 (6.087158554671876E-003,0.000000000000000E+000)
 (-1.900571575327837E-003,0.000000000000000E+000)
 (4.509194583440548E-003,0.000000000000000E+000)
 (1.343907049044709E-003,0.000000000000000E+000)
 (4.304271092166187E-003,0.000000000000000E+000)
          15
 (4.509194583440547E-003,0.000000000000000E+000)
 (2.831940964079092E-018,0.000000000000000E+000)
 (4.509194583440546E-003,0.000000000000000E+000)
 (2.002484659620295E-018,0.000000000000000E+000)
 (-6.376964135280920E-003,0.000000000000000E+000)
 (2.002484659620294E-018,0.000000000000000E+000)
 (-4.509194583440546E-003,0.000000000000000E+000)
 (0.000000000000000E+000,0.000000000000000E+000)
 (4.509194583440547E-003,0.000000000000000E+000)
          16
 (-6.376964135280919E-003,0.000000000000000E+000)
 (0.000000000000000E+000,0.000000000000000E+000)
 (-1.415970482039546E-018,0.000000000000000E+000)
 (7.079852410197729E-019,0.000000000000000E+000)
 (0.000000000000000E+000,0.000000000000000E+000)
 (-6.376964135280918E-003,0.000000000000000E+000)
 (0.000000000000000E+000,0.000000000000000E+000)
 (6.376964135280920E-003,0.000000000000000E+000)
 (0.000000000000000E+000,0.000000000000000E+000)
          17
 (4.509194583440535E-003,0.000000000000000E+000)
 (4.277733423790571E-003,0.000000000000000E+000)
 (1.426125010759818E-003,0.000000000000000E+000)
 (-6.403839990512080E-018,0.000000000000000E+000)
 (2.016845331856010E-003,0.000000000000000E+000)
 (-6.049628624141301E-003,0.000000000000000E+000)
 (-4.509194583440560E-003,0.000000000000000E+000)
 (4.277733423790545E-003,0.000000000000000E+000)
 (1.426125010759817E-003,0.000000000000000E+000)
          18
 (4.509194583440549E-003,0.000000000000000E+000)
 (-3.675471843802592E-003,0.000000000000000E+000)
 (2.612229415029226E-003,0.000000000000000E+000)
 (-5.461995511773638E-019,0.000000000000000E+000)
 (-3.694250266764269E-003,0.000000000000000E+000)
 (-5.197902129626070E-003,0.000000000000000E+000)
 (-4.509194583440544E-003,0.000000000000000E+000)
 (-3.675471843802592E-003,0.000000000000000E+000)
 (2.612229415029228E-003,0.000000000000000E+000)
          19
 (-4.509194583440546E-003,0.000000000000000E+000)
 (2.932834205313210E-003,0.000000000000000E+000)
 (3.425101358423483E-003,0.000000000000000E+000)
 (-1.769963102549432E-018,0.000000000000000E+000)
 (4.843824793584999E-003,0.000000000000000E+000)
 (-4.147653909345664E-003,0.000000000000000E+000)
 (4.509194583440546E-003,0.000000000000000E+000)
 (2.932834205313214E-003,0.000000000000000E+000)
 (3.425101358423481E-003,0.000000000000000E+000)
          20
 (-4.509194583440548E-003,0.000000000000000E+000)
 (2.193840010092354E-003,0.000000000000000E+000)
 (3.939530657508269E-003,0.000000000000000E+000)
 (3.318680817280185E-020,0.000000000000000E+000)
 (5.571337685232792E-003,0.000000000000000E+000)
 (-3.102558295949335E-003,0.000000000000000E+000)
 (4.509194583440545E-003,0.000000000000000E+000)
 (2.193840010092355E-003,0.000000000000000E+000)
 (3.939530657508272E-003,0.000000000000000E+000)
          21
 (-4.509194583440547E-003,0.000000000000000E+000)
 (1.283578573828919E-003,0.000000000000000E+000)
 (4.322645235979572E-003,0.000000000000000E+000)
 (-4.889523070792806E-018,0.000000000000000E+000)
 (6.113143518049756E-003,0.000000000000000E+000)
 (-1.815254227480379E-003,0.000000000000000E+000)
 (4.509194583440546E-003,0.000000000000000E+000)
 (1.283578573828927E-003,0.000000000000000E+000)
 (4.322645235979568E-003,0.000000000000000E+000)
          22
 (4.509194583440544E-003,0.000000000000000E+000)
 (-2.388327482520667E-018,0.000000000000000E+000)
 (4.509194583440549E-003,0.000000000000000E+000)
 (-6.080763724860650E-018,0.000000000000000E+000)
 (-6.376964135280920E-003,0.000000000000000E+000)
 (3.704400937501675E-018,0.000000000000000E+000)
 (-4.509194583440549E-003,0.000000000000000E+000)
 (6.919156287783374E-018,0.000000000000000E+000)
 (4.509194583440544E-003,0.000000000000000E+000)
          23
 (6.376964135280920E-003,0.000000000000000E+000)
 (0.000000000000000E+000,0.000000000000000E+000)
 (-1.415970482039546E-018,0.000000000000000E+000)
 (1.415970482039546E-018,0.000000000000000E+000)
 (0.000000000000000E+000,0.000000000000000E+000)
 (6.376964135280920E-003,0.000000000000000E+000)
 (0.000000000000000E+000,0.000000000000000E+000)
 (6.376964135280920E-003,0.000000000000000E+000)
 (0.000000000000000E+000,0.000000000000000E+000)
          24
 (4.509194583440551E-003,0.000000000000000E+000)
 (4.432987686181482E-003,0.000000000000000E+000)
 (8.255034618297478E-004,0.000000000000000E+000)
 (1.528424959204354E-019,0.000000000000000E+000)
 (1.167438191505571E-003,0.000000000000000E+000)
 (-6.269191307630781E-003,0.000000000000000E+000)
 (-4.509194583440544E-003,0.000000000000000E+000)
 (4.432987686181489E-003,0.000000000000000E+000)
 (8.255034618297489E-004,0.000000000000000E+000)
          25
 (4.509194583440548E-003,0.000000000000000E+000)
 (4.161680455530115E-003,0.000000000000000E+000)
 (1.735871993376299E-003,0.000000000000000E+000)
 (-9.624925583201697E-020,0.000000000000000E+000)
 (2.454893715576382E-003,0.000000000000000E+000)
 (-5.885504942473731E-003,0.000000000000000E+000)
 (-4.509194583440546E-003,0.000000000000000E+000)
 (4.161680455530116E-003,0.000000000000000E+000)
 (1.735871993376300E-003,0.000000000000000E+000)
          26
 (4.509194583440548E-003,0.000000000000000E+000)
 (2.764307127082876E-003,0.000000000000000E+000)
 (3.562505003293104E-003,0.000000000000000E+000)
 (1.892791158017604E-018,0.000000000000000E+000)
 (5.038142891679111E-003,0.000000000000000E+000)
 (-3.909320629685212E-003,0.000000000000000E+000)
 (-4.509194583440547E-003,0.000000000000000E+000)
 (2.764307127082877E-003,0.000000000000000E+000)
 (3.562505003293099E-003,0.000000000000000E+000)
          27
 (4.509194583440547E-003,0.000000000000000E+000)
 (0.000000000000000E+000,0.000000000000000E+000)
 (4.509194583440546E-003,0.000000000000000E+000)
 (0.000000000000000E+000,0.000000000000000E+000)
 (-6.376964135280920E-003,0.000000000000000E+000)
 (0.000000000000000E+000,0.000000000000000E+000)
 (-4.509194583440546E-003,0.000000000000000E+000)
 (0.000000000000000E+000,0.000000000000000E+000)
 (4.509194583440547E-003,0.000000000000000E+000)
          28
 (6.376964135280920E-003,0.000000000000000E+000)
 (0.000000000000000E+000,0.000000000000000E+000)
 (-3.539926205098864E-019,0.000000000000000E+000)
 (3.539926205098864E-019,0.000000000000000E+000)
 (0.000000000000000E+000,0.000000000000000E+000)
 (6.376964135280920E-003,0.000000000000000E+000)
 (0.000000000000000E+000,0.000000000000000E+000)
 (6.376964135280920E-003,0.000000000000000E+000)
 (0.000000000000000E+000,0.000000000000000E+000)
          29
 (4.509194583440550E-003,0.000000000000000E+000)
 (4.502449459569248E-003,0.000000000000000E+000)
 (2.465454427770611E-004,0.000000000000000E+000)
 (1.359093202178221E-018,0.000000000000000E+000)
 (3.486679089165984E-004,0.000000000000000E+000)
 (-6.367425089622246E-003,0.000000000000000E+000)
 (-4.509194583440544E-003,0.000000000000000E+000)
 (4.502449459569251E-003,0.000000000000000E+000)
 (2.465454427770594E-004,0.000000000000000E+000)
          30
 (-4.509194583440546E-003,0.000000000000000E+000)
 (4.509194583440546E-003,0.000000000000000E+000)
 (0.000000000000000E+000,0.000000000000000E+000)
 (0.000000000000000E+000,0.000000000000000E+000)
 (0.000000000000000E+000,0.000000000000000E+000)
 (6.376964135280920E-003,0.000000000000000E+000)
 (4.509194583440546E-003,0.000000000000000E+000)
 (4.509194583440546E-003,0.000000000000000E+000)
 (0.000000000000000E+000,0.000000000000000E+000)
          31
 (-6.376964135280920E-003,0.000000000000000E+000)
 (0.000000000000000E+000,0.000000000000000E+000)
 (-1.415970482039546E-018,0.000000000000000E+000)
 (0.000000000000000E+000,0.000000000000000E+000)
 (0.000000000000000E+000,0.000000000000000E+000)
 (-6.376964135280920E-003,0.000000000000000E+000)
 (0.000000000000000E+000,0.000000000000000E+000)
 (6.376964135280920E-003,0.000000000000000E+000)
 (0.000000000000000E+000,0.000000000000000E+000)
          32
 (5.587379758215051E-003,0.000000000000000E+000)
 (-2.542550702578039E-018,0.000000000000000E+000)
 (-3.073574306918227E-003,0.000000000000000E+000)
 (3.073574306918228E-003,0.000000000000000E+000)
 (-2.984677333369637E-019,0.000000000000000E+000)
 (5.587379758215051E-003,0.000000000000000E+000)
 (-2.371592307188407E-018,0.000000000000000E+000)
 (-6.376964135280920E-003,0.000000000000000E+000)
 (9.639486456799188E-019,0.000000000000000E+000)
          33
 (5.254824989189753E-003,0.000000000000000E+000)
 (-1.310650361453227E-004,0.000000000000000E+000)
 (3.610444276255526E-003,0.000000000000000E+000)
 (3.459030369738940E-003,0.000000000000000E+000)
 (2.022082444033642E-003,0.000000000000000E+000)
 (-4.961044554669288E-003,0.000000000000000E+000)
 (-1.042878140949242E-003,0.000000000000000E+000)
 (6.046459801279614E-003,0.000000000000000E+000)
 (1.737354493849512E-003,0.000000000000000E+000)
          34
 (5.125566797549829E-003,0.000000000000000E+000)
 (-2.965014980697529E-004,0.000000000000000E+000)
 (3.782370083447191E-003,0.000000000000000E+000)
 (3.329821356747970E-003,0.000000000000000E+000)
 (3.398581635511511E-003,0.000000000000000E+000)
 (-4.245892624827924E-003,0.000000000000000E+000)
 (-1.818385635298251E-003,0.000000000000000E+000)
 (5.387708354306626E-003,0.000000000000000E+000)
 (2.886476044060417E-003,0.000000000000000E+000)
          35
 (5.109459281101675E-003,0.000000000000000E+000)
 (4.350237437984776E-018,0.000000000000000E+000)
 (3.815638536001947E-003,0.000000000000000E+000)
 (2.698063883363683E-003,0.000000000000000E+000)
 (4.509194583440550E-003,0.000000000000000E+000)
 (-3.612933305863537E-003,0.000000000000000E+000)
 (-2.698063883363691E-003,0.000000000000000E+000)
 (4.509194583440545E-003,0.000000000000000E+000)
 (3.612933305863537E-003,0.000000000000000E+000)
          36
 (5.985905116045196E-003,0.000000000000000E+000)
 (0.000000000000000E+000,0.000000000000000E+000)
 (-2.198775005398025E-003,0.000000000000000E+000)
 (2.198775005398025E-003,0.000000000000000E+000)
 (0.000000000000000E+000,0.000000000000000E+000)
 (5.985905116045196E-003,0.000000000000000E+000)
 (0.000000000000000E+000,0.000000000000000E+000)
 (6.376964135280920E-003,0.000000000000000E+000)
 (0.000000000000000E+000,0.000000000000000E+000)
          37
 (-5.394262286756212E-003,0.000000000000000E+000)
 (1.840278170145584E-003,0.000000000000000E+000)
 (2.860241636789514E-003,0.000000000000000E+000)
 (-2.059706919140476E-003,0.000000000000000E+000)
 (2.500023044961124E-003,0.000000000000000E+000)
 (-5.493010446428013E-003,0.000000000000000E+000)
 (2.706513139000730E-003,0.000000000000000E+000)
 (5.570361982295948E-003,0.000000000000000E+000)
 (1.520370217173268E-003,0.000000000000000E+000)
          38
 (5.083750174359639E-003,0.000000000000000E+000)
 (1.580592981839295E-003,0.000000000000000E+000)
 (3.510396213124360E-003,0.000000000000000E+000)
 (1.523362112122838E-003,0.000000000000000E+000)
 (4.514237923337988E-003,0.000000000000000E+000)
 (-4.238713888611132E-003,0.000000000000000E+000)
 (-3.535607956590513E-003,0.000000000000000E+000)
 (4.217707123534853E-003,0.000000000000000E+000)
 (3.221194588974156E-003,0.000000000000000E+000)
          39
 (-4.979744285820191E-003,0.000000000000000E+000)
 (7.467282612637255E-004,0.000000000000000E+000)
 (3.912827025863818E-003,0.000000000000000E+000)
 (-8.335934062056716E-004,0.000000000000000E+000)
 (5.929881303127804E-003,0.000000000000000E+000)
 (-2.192555893610198E-003,0.000000000000000E+000)
 (3.895245879739898E-003,0.000000000000000E+000)
 (2.223640307537270E-003,0.000000000000000E+000)
 (4.533007269101164E-003,0.000000000000000E+000)
          40
 (5.028916258900703E-003,0.000000000000000E+000)
 (-1.865152139662341E-018,0.000000000000000E+000)
 (3.921182582286025E-003,0.000000000000000E+000)
 (-3.517959693890056E-018,0.000000000000000E+000)
 (-6.376964135280920E-003,0.000000000000000E+000)
 (1.478512229316266E-018,0.000000000000000E+000)
 (-3.921182582286025E-003,0.000000000000000E+000)
 (3.329150990265501E-018,0.000000000000000E+000)
 (5.028916258900703E-003,0.000000000000000E+000)
          41
 (-6.286504206521821E-003,0.000000000000000E+000)
 (0.000000000000000E+000,0.000000000000000E+000)
 (1.070297362438390E-003,0.000000000000000E+000)
 (-1.070297362438389E-003,0.000000000000000E+000)
 (0.000000000000000E+000,0.000000000000000E+000)
 (-6.286504206521821E-003,0.000000000000000E+000)
 (0.000000000000000E+000,0.000000000000000E+000)
 (6.376964135280920E-003,0.000000000000000E+000)
 (0.000000000000000E+000,0.000000000000000E+000)
          42
 (-5.260439246784242E-003,0.000000000000000E+000)
 (3.399179825172789E-003,0.000000000000000E+000)
 (1.199594527200537E-003,0.000000000000000E+000)
 (-6.073079762958614E-004,0.000000000000000E+000)
 (1.256104826037288E-003,0.000000000000000E+000)
 (-6.222463279971399E-003,0.000000000000000E+000)
 (3.553115187476847E-003,0.000000000000000E+000)
 (5.247232486254374E-003,0.000000000000000E+000)
 (7.124572144187060E-004,0.000000000000000E+000)
          43
 (-5.000473526990033E-003,0.000000000000000E+000)
 (0.000000000000000E+000,0.000000000000000E+000)
 (3.957390060195101E-003,0.000000000000000E+000)
 (0.000000000000000E+000,0.000000000000000E+000)
 (6.376964135280920E-003,0.000000000000000E+000)
 (0.000000000000000E+000,0.000000000000000E+000)
 (3.957390060195101E-003,0.000000000000000E+000)
 (0.000000000000000E+000,0.000000000000000E+000)
 (5.000473526990033E-003,0.000000000000000E+000)
          44
 (6.376964135280920E-003,0.000000000000000E+000)
 (0.000000000000000E+000,0.000000000000000E+000)
 (2.831940964079092E-018,0.000000000000000E+000)
 (-2.123955723059319E-018,0.000000000000000E+000)
 (0.000000000000000E+000,0.000000000000000E+000)
 (6.376964135280922E-003,0.000000000000000E+000)
 (0.000000000000000E+000,0.000000000000000E+000)
 (6.376964135280920E-003,0.000000000000000E+000)
 (0.000000000000000E+000,0.000000000000000E+000)
          45
 (5.709707219672873E-003,0.000000000000000E+000)
 (-3.910851156764700E-019,0.000000000000000E+000)
 (-2.839879407347183E-003,0.000000000000000E+000)
 (2.839879407347182E-003,0.000000000000000E+000)
 (-2.297578651319590E-018,0.000000000000000E+000)
 (5.709707219672875E-003,0.000000000000000E+000)
 (-1.373353781100065E-018,0.000000000000000E+000)
 (-6.376964135280920E-003,0.000000000000000E+000)
 (-1.883006802600930E-018,0.000000000000000E+000)
          46
 (-5.657390483390358E-003,0.000000000000000E+000)
 (-2.903845715120162E-018,0.000000000000000E+000)
 (-2.942720595147167E-003,0.000000000000000E+000)
 (-2.080817687965875E-003,0.000000000000000E+000)
 (4.509194583440552E-003,0.000000000000000E+000)
 (4.000379174625556E-003,0.000000000000000E+000)
 (2.080817687965877E-003,0.000000000000000E+000)
 (4.509194583440537E-003,0.000000000000000E+000)
 (-4.000379174625570E-003,0.000000000000000E+000)
          47
 (-6.376964135280920E-003,0.000000000000000E+000)
 (0.000000000000000E+000,0.000000000000000E+000)
 (-1.769963102549432E-018,0.000000000000000E+000)
 (1.061977861529659E-018,0.000000000000000E+000)
 (0.000000000000000E+000,0.000000000000000E+000)
 (-6.376964135280920E-003,0.000000000000000E+000)
 (0.000000000000000E+000,0.000000000000000E+000)
 (6.376964135280920E-003,0.000000000000000E+000)
 (0.000000000000000E+000,0.000000000000000E+000)
