  3.000000000000000E-002  0.610863812641773        2.39604124232374     
   4   4   4
   1   1   1   1
   1   1   1   7.05247235938E-02
   2   1   1  -1.22332354688E-02
   3   1   1   1.00980421875E-03
   4   1   1  -1.22332354688E-02
   1   2   1   8.34118984375E-03
   2   2   1  -1.10550234375E-03
   3   2   1  -4.65785156250E-04
   4   2   1  -1.22332354687E-02
   1   3   1  -4.38369015625E-03
   2   3   1  -1.10550234375E-03
   3   3   1   1.00980421875E-03
   4   3   1  -1.10550234375E-03
   1   4   1   8.34118984375E-03
   2   4   1  -1.22332354687E-02
   3   4   1  -4.65785156250E-04
   4   4   1  -1.10550234375E-03
   1   1   2  -1.22332354687E-02
   2   1   2  -4.65785156250E-04
   3   1   2  -1.10550234375E-03
   4   1   2   8.34118984375E-03
   1   2   2  -1.10550234375E-03
   2   2   2   7.95831546875E-03
   3   2   2  -1.10550234375E-03
   4   2   2   7.13918593750E-04
   1   3   2  -1.10550234375E-03
   2   3   2  -4.65785156250E-04
   3   3   2   3.19946578125E-03
   4   3   2  -2.61894640625E-03
   1   4   2  -1.22332354687E-02
   2   4   2  -6.72739203125E-03
   3   4   2   3.19946578125E-03
   4   4   2   7.13918593750E-04
   1   1   3   1.00980421875E-03
   2   1   3  -1.10550234375E-03
   3   1   3  -4.38369015625E-03
   4   1   3  -1.10550234375E-03
   1   2   3  -4.65785156250E-04
   2   2   3  -1.10550234375E-03
   3   2   3  -2.61894640625E-03
   4   2   3   3.19946578125E-03
   1   3   3   1.00980421875E-03
   2   3   3   3.19946578125E-03
   3   3   3   5.05591093750E-04
   4   3   3   3.19946578125E-03
   1   4   3  -4.65785156250E-04
   2   4   3   3.19946578125E-03
   3   4   3  -2.61894640625E-03
   4   4   3  -1.10550234375E-03
   1   1   4  -1.22332354687E-02
   2   1   4   8.34118984375E-03
   3   1   4  -1.10550234375E-03
   4   1   4  -4.65785156250E-04
   1   2   4  -1.22332354687E-02
   2   2   4   7.13918593750E-04
   3   2   4   3.19946578125E-03
   4   2   4  -6.72739203125E-03
   1   3   4  -1.10550234375E-03
   2   3   4  -2.61894640625E-03
   3   3   4   3.19946578125E-03
   4   3   4  -4.65785156250E-04
   1   4   4  -1.10550234375E-03
   2   4   4   7.13918593750E-04
   3   4   4  -1.10550234375E-03
   4   4   4   7.95831546875E-03
   1   2   1   1
   1   1   1   4.33680868994E-19
   2   1   1   0.00000000000E+00
   3   1   1   0.00000000000E+00
   4   1   1   0.00000000000E+00
   1   2   1   2.16840434497E-19
   2   2   1   3.59753937500E-03
   3   2   1  -2.89579375000E-04
   4   2   1  -1.65900412500E-02
   1   3   1  -4.33680868994E-19
   2   3   1  -2.89579375000E-04
   3   3   1   3.79015625000E-03
   4   3   1  -2.89579375000E-04
   1   4   1   2.16840434497E-19
   2   4   1  -1.65900412500E-02
   3   4   1  -2.89579375000E-04
   4   4   1   3.59753937500E-03
   1   1   2   1.65900412500E-02
   2   1   2   2.89579375000E-04
   3   1   2  -3.59753937500E-03
   4   1   2   0.00000000000E+00
   1   2   2   2.89579375000E-04
   2   2   2   0.00000000000E+00
   3   2   2  -2.89579375000E-04
   4   2   2   0.00000000000E+00
   1   3   2  -3.59753937500E-03
   2   3   2  -2.89579375000E-04
   3   3   2   1.33914750000E-03
   4   3   2   0.00000000000E+00
   1   4   2   2.16840434497E-19
   2   4   2   0.00000000000E+00
   3   4   2   0.00000000000E+00
   4   4   2   0.00000000000E+00
   1   1   3  -3.79015625000E-03
   2   1   3   2.89579375000E-04
   3   1   3   0.00000000000E+00
   4   1   3   2.89579375000E-04
   1   2   3   2.89579375000E-04
   2   2   3   3.59753937500E-03
   3   2   3   0.00000000000E+00
   4   2   3  -1.33914750000E-03
   1   3   3  -4.33680868994E-19
   2   3   3   0.00000000000E+00
   3   3   3   0.00000000000E+00
   4   3   3   0.00000000000E+00
   1   4   3   2.89579375000E-04
   2   4   3  -1.33914750000E-03
   3   4   3   0.00000000000E+00
   4   4   3   3.59753937500E-03
   1   1   4   1.65900412500E-02
   2   1   4   0.00000000000E+00
   3   1   4  -3.59753937500E-03
   4   1   4   2.89579375000E-04
   1   2   4   2.16840434497E-19
   2   2   4   0.00000000000E+00
   3   2   4   0.00000000000E+00
   4   2   4   0.00000000000E+00
   1   3   4  -3.59753937500E-03
   2   3   4   0.00000000000E+00
   3   3   4   1.33914750000E-03
   4   3   4  -2.89579375000E-04
   1   4   4   2.89579375000E-04
   2   4   4   0.00000000000E+00
   3   4   4  -2.89579375000E-04
   4   4   4   0.00000000000E+00
   1   3   1   1
   1   1   1   0.00000000000E+00
   2   1   1   1.65900412500E-02
   3   1   1  -3.79015625000E-03
   4   1   1   1.65900412500E-02
   1   2   1  -2.16840434497E-19
   2   2   1   2.89579375000E-04
   3   2   1   2.89579375000E-04
   4   2   1   0.00000000000E+00
   1   3   1   4.33680868994E-19
   2   3   1  -3.59753937500E-03
   3   3   1   0.00000000000E+00
   4   3   1  -3.59753937500E-03
   1   4   1  -2.16840434497E-19
   2   4   1   0.00000000000E+00
   3   4   1   2.89579375000E-04
   4   4   1   2.89579375000E-04
   1   1   2  -2.16840434497E-19
   2   1   2   2.89579375000E-04
   3   1   2   2.89579375000E-04
   4   1   2   2.16840434497E-19
   1   2   2   3.59753937500E-03
   2   2   2   0.00000000000E+00
   3   2   2   3.59753937500E-03
   4   2   2   0.00000000000E+00
   1   3   2  -2.89579375000E-04
   2   3   2  -2.89579375000E-04
   3   3   2   0.00000000000E+00
   4   3   2   0.00000000000E+00
   1   4   2  -1.65900412500E-02
   2   4   2   0.00000000000E+00
   3   4   2  -1.33914750000E-03
   4   4   2   0.00000000000E+00
   1   1   3   4.33680868994E-19
   2   1   3  -3.59753937500E-03
   3   1   3   0.00000000000E+00
   4   1   3  -3.59753937500E-03
   1   2   3  -2.89579375000E-04
   2   2   3  -2.89579375000E-04
   3   2   3   0.00000000000E+00
   4   2   3   0.00000000000E+00
   1   3   3   3.79015625000E-03
   2   3   3   1.33914750000E-03
   3   3   3   0.00000000000E+00
   4   3   3   1.33914750000E-03
   1   4   3  -2.89579375000E-04
   2   4   3   0.00000000000E+00
   3   4   3   0.00000000000E+00
   4   4   3  -2.89579375000E-04
   1   1   4  -2.16840434497E-19
   2   1   4   2.16840434497E-19
   3   1   4   2.89579375000E-04
   4   1   4   2.89579375000E-04
   1   2   4  -1.65900412500E-02
   2   2   4   0.00000000000E+00
   3   2   4  -1.33914750000E-03
   4   2   4   0.00000000000E+00
   1   3   4  -2.89579375000E-04
   2   3   4   0.00000000000E+00
   3   3   4   0.00000000000E+00
   4   3   4  -2.89579375000E-04
   1   4   4   3.59753937500E-03
   2   4   4   0.00000000000E+00
   3   4   4   3.59753937500E-03
   4   4   4   0.00000000000E+00
   2   1   1   1
   1   1   1   4.33680868994E-19
   2   1   1   0.00000000000E+00
   3   1   1   0.00000000000E+00
   4   1   1   0.00000000000E+00
   1   2   1   2.16840434497E-19
   2   2   1   3.59753937500E-03
   3   2   1  -2.89579375000E-04
   4   2   1  -1.65900412500E-02
   1   3   1  -4.33680868994E-19
   2   3   1  -2.89579375000E-04
   3   3   1   3.79015625000E-03
   4   3   1  -2.89579375000E-04
   1   4   1   2.16840434497E-19
   2   4   1  -1.65900412500E-02
   3   4   1  -2.89579375000E-04
   4   4   1   3.59753937500E-03
   1   1   2   1.65900412500E-02
   2   1   2   2.89579375000E-04
   3   1   2  -3.59753937500E-03
   4   1   2   0.00000000000E+00
   1   2   2   2.89579375000E-04
   2   2   2   0.00000000000E+00
   3   2   2  -2.89579375000E-04
   4   2   2   0.00000000000E+00
   1   3   2  -3.59753937500E-03
   2   3   2  -2.89579375000E-04
   3   3   2   1.33914750000E-03
   4   3   2   0.00000000000E+00
   1   4   2   2.16840434497E-19
   2   4   2   0.00000000000E+00
   3   4   2   0.00000000000E+00
   4   4   2   0.00000000000E+00
   1   1   3  -3.79015625000E-03
   2   1   3   2.89579375000E-04
   3   1   3   0.00000000000E+00
   4   1   3   2.89579375000E-04
   1   2   3   2.89579375000E-04
   2   2   3   3.59753937500E-03
   3   2   3   0.00000000000E+00
   4   2   3  -1.33914750000E-03
   1   3   3  -4.33680868994E-19
   2   3   3   0.00000000000E+00
   3   3   3   0.00000000000E+00
   4   3   3   0.00000000000E+00
   1   4   3   2.89579375000E-04
   2   4   3  -1.33914750000E-03
   3   4   3   0.00000000000E+00
   4   4   3   3.59753937500E-03
   1   1   4   1.65900412500E-02
   2   1   4   0.00000000000E+00
   3   1   4  -3.59753937500E-03
   4   1   4   2.89579375000E-04
   1   2   4   2.16840434497E-19
   2   2   4   0.00000000000E+00
   3   2   4   0.00000000000E+00
   4   2   4   0.00000000000E+00
   1   3   4  -3.59753937500E-03
   2   3   4   0.00000000000E+00
   3   3   4   1.33914750000E-03
   4   3   4  -2.89579375000E-04
   1   4   4   2.89579375000E-04
   2   4   4   0.00000000000E+00
   3   4   4  -2.89579375000E-04
   4   4   4   0.00000000000E+00
   2   2   1   1
   1   1   1   7.05247235938E-02
   2   1   1   8.34118984375E-03
   3   1   1  -4.38369015625E-03
   4   1   1   8.34118984375E-03
   1   2   1  -1.22332354687E-02
   2   2   1  -1.10550234375E-03
   3   2   1  -1.10550234375E-03
   4   2   1  -1.22332354687E-02
   1   3   1   1.00980421875E-03
   2   3   1  -4.65785156250E-04
   3   3   1   1.00980421875E-03
   4   3   1  -4.65785156250E-04
   1   4   1  -1.22332354687E-02
   2   4   1  -1.22332354687E-02
   3   4   1  -1.10550234375E-03
   4   4   1  -1.10550234375E-03
   1   1   2  -1.22332354687E-02
   2   1   2  -1.10550234375E-03
   3   1   2  -1.10550234375E-03
   4   1   2  -1.22332354688E-02
   1   2   2  -4.65785156250E-04
   2   2   2   7.95831546875E-03
   3   2   2  -4.65785156250E-04
   4   2   2  -6.72739203125E-03
   1   3   2  -1.10550234375E-03
   2   3   2  -1.10550234375E-03
   3   3   2   3.19946578125E-03
   4   3   2   3.19946578125E-03
   1   4   2   8.34118984375E-03
   2   4   2   7.13918593750E-04
   3   4   2  -2.61894640625E-03
   4   4   2   7.13918593750E-04
   1   1   3   1.00980421875E-03
   2   1   3  -4.65785156250E-04
   3   1   3   1.00980421875E-03
   4   1   3  -4.65785156250E-04
   1   2   3  -1.10550234375E-03
   2   2   3  -1.10550234375E-03
   3   2   3   3.19946578125E-03
   4   2   3   3.19946578125E-03
   1   3   3  -4.38369015625E-03
   2   3   3  -2.61894640625E-03
   3   3   3   5.05591093750E-04
   4   3   3  -2.61894640625E-03
   1   4   3  -1.10550234375E-03
   2   4   3   3.19946578125E-03
   3   4   3   3.19946578125E-03
   4   4   3  -1.10550234375E-03
   1   1   4  -1.22332354687E-02
   2   1   4  -1.22332354688E-02
   3   1   4  -1.10550234375E-03
   4   1   4  -1.10550234375E-03
   1   2   4   8.34118984375E-03
   2   2   4   7.13918593750E-04
   3   2   4  -2.61894640625E-03
   4   2   4   7.13918593750E-04
   1   3   4  -1.10550234375E-03
   2   3   4   3.19946578125E-03
   3   3   4   3.19946578125E-03
   4   3   4  -1.10550234375E-03
   1   4   4  -4.65785156250E-04
   2   4   4  -6.72739203125E-03
   3   4   4  -4.65785156250E-04
   4   4   4   7.95831546875E-03
   2   3   1   1
   1   1   1   0.00000000000E+00
   2   1   1   2.16840434497E-19
   3   1   1   0.00000000000E+00
   4   1   1   2.16840434497E-19
   1   2   1  -1.65900412500E-02
   2   2   1  -2.89579375000E-04
   3   2   1   3.59753937500E-03
   4   2   1   0.00000000000E+00
   1   3   1   3.79015625000E-03
   2   3   1  -2.89579375000E-04
   3   3   1   0.00000000000E+00
   4   3   1  -2.89579375000E-04
   1   4   1  -1.65900412500E-02
   2   4   1   0.00000000000E+00
   3   4   1   3.59753937500E-03
   4   4   1  -2.89579375000E-04
   1   1   2  -2.16840434497E-19
   2   1   2  -3.59753937500E-03
   3   1   2   2.89579375000E-04
   4   1   2   1.65900412500E-02
   1   2   2  -2.89579375000E-04
   2   2   2   0.00000000000E+00
   3   2   2   2.89579375000E-04
   4   2   2   0.00000000000E+00
   1   3   2  -2.89579375000E-04
   2   3   2  -3.59753937500E-03
   3   3   2   0.00000000000E+00
   4   3   2   1.33914750000E-03
   1   4   2  -2.16840434497E-19
   2   4   2   0.00000000000E+00
   3   4   2   0.00000000000E+00
   4   4   2   0.00000000000E+00
   1   1   3   4.33680868994E-19
   2   1   3   2.89579375000E-04
   3   1   3  -3.79015625000E-03
   4   1   3   2.89579375000E-04
   1   2   3   3.59753937500E-03
   2   2   3   2.89579375000E-04
   3   2   3  -1.33914750000E-03
   4   2   3   0.00000000000E+00
   1   3   3   4.33680868994E-19
   2   3   3   0.00000000000E+00
   3   3   3   0.00000000000E+00
   4   3   3   0.00000000000E+00
   1   4   3   3.59753937500E-03
   2   4   3   0.00000000000E+00
   3   4   3  -1.33914750000E-03
   4   4   3   2.89579375000E-04
   1   1   4  -2.16840434497E-19
   2   1   4   1.65900412500E-02
   3   1   4   2.89579375000E-04
   4   1   4  -3.59753937500E-03
   1   2   4  -2.16840434497E-19
   2   2   4   0.00000000000E+00
   3   2   4   0.00000000000E+00
   4   2   4   0.00000000000E+00
   1   3   4  -2.89579375000E-04
   2   3   4   1.33914750000E-03
   3   3   4   0.00000000000E+00
   4   3   4  -3.59753937500E-03
   1   4   4  -2.89579375000E-04
   2   4   4   0.00000000000E+00
   3   4   4   2.89579375000E-04
   4   4   4   0.00000000000E+00
   3   1   1   1
   1   1   1   0.00000000000E+00
   2   1   1   1.65900412500E-02
   3   1   1  -3.79015625000E-03
   4   1   1   1.65900412500E-02
   1   2   1  -2.16840434497E-19
   2   2   1   2.89579375000E-04
   3   2   1   2.89579375000E-04
   4   2   1   0.00000000000E+00
   1   3   1   4.33680868994E-19
   2   3   1  -3.59753937500E-03
   3   3   1   0.00000000000E+00
   4   3   1  -3.59753937500E-03
   1   4   1  -2.16840434497E-19
   2   4   1   0.00000000000E+00
   3   4   1   2.89579375000E-04
   4   4   1   2.89579375000E-04
   1   1   2  -2.16840434497E-19
   2   1   2   2.89579375000E-04
   3   1   2   2.89579375000E-04
   4   1   2   2.16840434497E-19
   1   2   2   3.59753937500E-03
   2   2   2   0.00000000000E+00
   3   2   2   3.59753937500E-03
   4   2   2   0.00000000000E+00
   1   3   2  -2.89579375000E-04
   2   3   2  -2.89579375000E-04
   3   3   2   0.00000000000E+00
   4   3   2   0.00000000000E+00
   1   4   2  -1.65900412500E-02
   2   4   2   0.00000000000E+00
   3   4   2  -1.33914750000E-03
   4   4   2   0.00000000000E+00
   1   1   3   4.33680868994E-19
   2   1   3  -3.59753937500E-03
   3   1   3   0.00000000000E+00
   4   1   3  -3.59753937500E-03
   1   2   3  -2.89579375000E-04
   2   2   3  -2.89579375000E-04
   3   2   3   0.00000000000E+00
   4   2   3   0.00000000000E+00
   1   3   3   3.79015625000E-03
   2   3   3   1.33914750000E-03
   3   3   3   0.00000000000E+00
   4   3   3   1.33914750000E-03
   1   4   3  -2.89579375000E-04
   2   4   3   0.00000000000E+00
   3   4   3   0.00000000000E+00
   4   4   3  -2.89579375000E-04
   1   1   4  -2.16840434497E-19
   2   1   4   2.16840434497E-19
   3   1   4   2.89579375000E-04
   4   1   4   2.89579375000E-04
   1   2   4  -1.65900412500E-02
   2   2   4   0.00000000000E+00
   3   2   4  -1.33914750000E-03
   4   2   4   0.00000000000E+00
   1   3   4  -2.89579375000E-04
   2   3   4   0.00000000000E+00
   3   3   4   0.00000000000E+00
   4   3   4  -2.89579375000E-04
   1   4   4   3.59753937500E-03
   2   4   4   0.00000000000E+00
   3   4   4   3.59753937500E-03
   4   4   4   0.00000000000E+00
   3   2   1   1
   1   1   1   0.00000000000E+00
   2   1   1   2.16840434497E-19
   3   1   1   0.00000000000E+00
   4   1   1   2.16840434497E-19
   1   2   1  -1.65900412500E-02
   2   2   1  -2.89579375000E-04
   3   2   1   3.59753937500E-03
   4   2   1   0.00000000000E+00
   1   3   1   3.79015625000E-03
   2   3   1  -2.89579375000E-04
   3   3   1   0.00000000000E+00
   4   3   1  -2.89579375000E-04
   1   4   1  -1.65900412500E-02
   2   4   1   0.00000000000E+00
   3   4   1   3.59753937500E-03
   4   4   1  -2.89579375000E-04
   1   1   2  -2.16840434497E-19
   2   1   2  -3.59753937500E-03
   3   1   2   2.89579375000E-04
   4   1   2   1.65900412500E-02
   1   2   2  -2.89579375000E-04
   2   2   2   0.00000000000E+00
   3   2   2   2.89579375000E-04
   4   2   2   0.00000000000E+00
   1   3   2  -2.89579375000E-04
   2   3   2  -3.59753937500E-03
   3   3   2   0.00000000000E+00
   4   3   2   1.33914750000E-03
   1   4   2  -2.16840434497E-19
   2   4   2   0.00000000000E+00
   3   4   2   0.00000000000E+00
   4   4   2   0.00000000000E+00
   1   1   3   4.33680868994E-19
   2   1   3   2.89579375000E-04
   3   1   3  -3.79015625000E-03
   4   1   3   2.89579375000E-04
   1   2   3   3.59753937500E-03
   2   2   3   2.89579375000E-04
   3   2   3  -1.33914750000E-03
   4   2   3   0.00000000000E+00
   1   3   3   4.33680868994E-19
   2   3   3   0.00000000000E+00
   3   3   3   0.00000000000E+00
   4   3   3   0.00000000000E+00
   1   4   3   3.59753937500E-03
   2   4   3   0.00000000000E+00
   3   4   3  -1.33914750000E-03
   4   4   3   2.89579375000E-04
   1   1   4  -2.16840434497E-19
   2   1   4   1.65900412500E-02
   3   1   4   2.89579375000E-04
   4   1   4  -3.59753937500E-03
   1   2   4  -2.16840434497E-19
   2   2   4   0.00000000000E+00
   3   2   4   0.00000000000E+00
   4   2   4   0.00000000000E+00
   1   3   4  -2.89579375000E-04
   2   3   4   1.33914750000E-03
   3   3   4   0.00000000000E+00
   4   3   4  -3.59753937500E-03
   1   4   4  -2.89579375000E-04
   2   4   4   0.00000000000E+00
   3   4   4   2.89579375000E-04
   4   4   4   0.00000000000E+00
   3   3   1   1
   1   1   1   7.05247235938E-02
   2   1   1  -1.22332354687E-02
   3   1   1   1.00980421875E-03
   4   1   1  -1.22332354687E-02
   1   2   1  -1.22332354687E-02
   2   2   1  -4.65785156250E-04
   3   2   1  -1.10550234375E-03
   4   2   1   8.34118984375E-03
   1   3   1   1.00980421875E-03
   2   3   1  -1.10550234375E-03
   3   3   1  -4.38369015625E-03
   4   3   1  -1.10550234375E-03
   1   4   1  -1.22332354687E-02
   2   4   1   8.34118984375E-03
   3   4   1  -1.10550234375E-03
   4   4   1  -4.65785156250E-04
   1   1   2   8.34118984375E-03
   2   1   2  -1.10550234375E-03
   3   1   2  -4.65785156250E-04
   4   1   2  -1.22332354687E-02
   1   2   2  -1.10550234375E-03
   2   2   2   7.95831546875E-03
   3   2   2  -1.10550234375E-03
   4   2   2   7.13918593750E-04
   1   3   2  -4.65785156250E-04
   2   3   2  -1.10550234375E-03
   3   3   2  -2.61894640625E-03
   4   3   2   3.19946578125E-03
   1   4   2  -1.22332354687E-02
   2   4   2   7.13918593750E-04
   3   4   2   3.19946578125E-03
   4   4   2  -6.72739203125E-03
   1   1   3  -4.38369015625E-03
   2   1   3  -1.10550234375E-03
   3   1   3   1.00980421875E-03
   4   1   3  -1.10550234375E-03
   1   2   3  -1.10550234375E-03
   2   2   3  -4.65785156250E-04
   3   2   3   3.19946578125E-03
   4   2   3  -2.61894640625E-03
   1   3   3   1.00980421875E-03
   2   3   3   3.19946578125E-03
   3   3   3   5.05591093750E-04
   4   3   3   3.19946578125E-03
   1   4   3  -1.10550234375E-03
   2   4   3  -2.61894640625E-03
   3   4   3   3.19946578125E-03
   4   4   3  -4.65785156250E-04
   1   1   4   8.34118984375E-03
   2   1   4  -1.22332354687E-02
   3   1   4  -4.65785156250E-04
   4   1   4  -1.10550234375E-03
   1   2   4  -1.22332354687E-02
   2   2   4  -6.72739203125E-03
   3   2   4   3.19946578125E-03
   4   2   4   7.13918593750E-04
   1   3   4  -4.65785156250E-04
   2   3   4   3.19946578125E-03
   3   3   4  -2.61894640625E-03
   4   3   4  -1.10550234375E-03
   1   4   4  -1.10550234375E-03
   2   4   4   7.13918593750E-04
   3   4   4  -1.10550234375E-03
   4   4   4   7.95831546875E-03
