  3.500000000000000E-002  0.610420282661058        2.45523444826179     
   4   4   4
   1   1   1   1
   1   1   1   7.12112842188E-02
   2   1   1  -1.17498607812E-02
   3   1   1   3.19445468750E-04
   4   1   1  -1.17498607812E-02
   1   2   1   8.10028734375E-03
   2   2   1  -7.49622031250E-04
   3   2   1  -1.07361015625E-03
   4   2   1  -1.17498607812E-02
   1   3   1  -3.49596578125E-03
   2   3   1  -7.49622031250E-04
   3   3   1   3.19445468750E-04
   4   3   1  -7.49622031250E-04
   1   4   1   8.10028734375E-03
   2   4   1  -1.17498607812E-02
   3   4   1  -1.07361015625E-03
   4   4   1  -7.49622031250E-04
   1   1   2  -1.17498607812E-02
   2   1   2  -1.07361015625E-03
   3   1   2  -7.49622031250E-04
   4   1   2   8.10028734375E-03
   1   2   2  -7.49622031250E-04
   2   2   2   5.79349796875E-03
   3   2   2  -7.49622031250E-04
   4   2   2   6.78534218750E-04
   1   3   2  -7.49622031250E-04
   2   3   2  -1.07361015625E-03
   3   3   2   2.79807171875E-03
   4   3   2  -1.73381765625E-03
   1   4   2  -1.17498607812E-02
   2   4   2  -6.17735703125E-03
   3   4   2   2.79807171875E-03
   4   4   2   6.78534218750E-04
   1   1   3   3.19445468750E-04
   2   1   3  -7.49622031250E-04
   3   1   3  -3.49596578125E-03
   4   1   3  -7.49622031250E-04
   1   2   3  -1.07361015625E-03
   2   2   3  -7.49622031250E-04
   3   2   3  -1.73381765625E-03
   4   2   3   2.79807171875E-03
   1   3   3   3.19445468750E-04
   2   3   3   2.79807171875E-03
   3   3   3   5.42924218750E-04
   4   3   3   2.79807171875E-03
   1   4   3  -1.07361015625E-03
   2   4   3   2.79807171875E-03
   3   4   3  -1.73381765625E-03
   4   4   3  -7.49622031250E-04
   1   1   4  -1.17498607812E-02
   2   1   4   8.10028734375E-03
   3   1   4  -7.49622031250E-04
   4   1   4  -1.07361015625E-03
   1   2   4  -1.17498607812E-02
   2   2   4   6.78534218750E-04
   3   2   4   2.79807171875E-03
   4   2   4  -6.17735703125E-03
   1   3   4  -7.49622031250E-04
   2   3   4  -1.73381765625E-03
   3   3   4   2.79807171875E-03
   4   3   4  -1.07361015625E-03
   1   4   4  -7.49622031250E-04
   2   4   4   6.78534218750E-04
   3   4   4  -7.49622031250E-04
   4   4   4   5.79349796875E-03
   1   2   1   1
   1   1   1   2.16840434497E-19
   2   1   1   1.08420217249E-19
   3   1   1   0.00000000000E+00
   4   1   1   1.08420217249E-19
   1   2   1   1.08420217249E-19
   2   2   1   3.06198750000E-03
   3   2   1  -2.40217500000E-04
   4   2   1  -1.66210787500E-02
   1   3   1  -4.33680868994E-19
   2   3   1  -2.40217500000E-04
   3   3   1   3.58208750000E-03
   4   3   1  -2.40217500000E-04
   1   4   1   1.08420217249E-19
   2   4   1  -1.66210787500E-02
   3   4   1  -2.40217500000E-04
   4   4   1   3.06198750000E-03
   1   1   2   1.66210787500E-02
   2   1   2   2.40217500000E-04
   3   1   2  -3.06198750000E-03
   4   1   2   1.08420217249E-19
   1   2   2   2.40217500000E-04
   2   2   2   0.00000000000E+00
   3   2   2  -2.40217500000E-04
   4   2   2   0.00000000000E+00
   1   3   2  -3.06198750000E-03
   2   3   2  -2.40217500000E-04
   3   3   2   7.66191250000E-04
   4   3   2  -1.08420217249E-19
   1   4   2   1.08420217249E-19
   2   4   2   0.00000000000E+00
   3   4   2   0.00000000000E+00
   4   4   2   0.00000000000E+00
   1   1   3  -3.58208750000E-03
   2   1   3   2.40217500000E-04
   3   1   3   0.00000000000E+00
   4   1   3   2.40217500000E-04
   1   2   3   2.40217500000E-04
   2   2   3   3.06198750000E-03
   3   2   3   0.00000000000E+00
   4   2   3  -7.66191250000E-04
   1   3   3  -4.33680868994E-19
   2   3   3  -1.08420217249E-19
   3   3   3  -2.16840434497E-19
   4   3   3  -1.08420217249E-19
   1   4   3   2.40217500000E-04
   2   4   3  -7.66191250000E-04
   3   4   3   0.00000000000E+00
   4   4   3   3.06198750000E-03
   1   1   4   1.66210787500E-02
   2   1   4   1.08420217249E-19
   3   1   4  -3.06198750000E-03
   4   1   4   2.40217500000E-04
   1   2   4   1.08420217249E-19
   2   2   4   0.00000000000E+00
   3   2   4   0.00000000000E+00
   4   2   4   0.00000000000E+00
   1   3   4  -3.06198750000E-03
   2   3   4  -1.08420217249E-19
   3   3   4   7.66191250000E-04
   4   3   4  -2.40217500000E-04
   1   4   4   2.40217500000E-04
   2   4   4   0.00000000000E+00
   3   4   4  -2.40217500000E-04
   4   4   4   0.00000000000E+00
   1   3   1   1
   1   1   1  -4.33680868994E-19
   2   1   1   1.66210787500E-02
   3   1   1  -3.58208750000E-03
   4   1   1   1.66210787500E-02
   1   2   1  -3.25260651746E-19
   2   2   1   2.40217500000E-04
   3   2   1   2.40217500000E-04
   4   2   1  -1.08420217249E-19
   1   3   1   8.67361737988E-19
   2   3   1  -3.06198750000E-03
   3   3   1  -1.08420217249E-19
   4   3   1  -3.06198750000E-03
   1   4   1  -3.25260651746E-19
   2   4   1  -1.08420217249E-19
   3   4   1   2.40217500000E-04
   4   4   1   2.40217500000E-04
   1   1   2  -1.08420217249E-19
   2   1   2   2.40217500000E-04
   3   1   2   2.40217500000E-04
   4   1   2  -1.08420217249E-19
   1   2   2   3.06198750000E-03
   2   2   2   0.00000000000E+00
   3   2   2   3.06198750000E-03
   4   2   2   0.00000000000E+00
   1   3   2  -2.40217500000E-04
   2   3   2  -2.40217500000E-04
   3   3   2   0.00000000000E+00
   4   3   2   1.08420217249E-19
   1   4   2  -1.66210787500E-02
   2   4   2   0.00000000000E+00
   3   4   2  -7.66191250000E-04
   4   4   2   0.00000000000E+00
   1   1   3   6.50521303491E-19
   2   1   3  -3.06198750000E-03
   3   1   3  -2.16840434497E-19
   4   1   3  -3.06198750000E-03
   1   2   3  -2.40217500000E-04
   2   2   3  -2.40217500000E-04
   3   2   3   0.00000000000E+00
   4   2   3   1.08420217249E-19
   1   3   3   3.58208750000E-03
   2   3   3   7.66191250000E-04
   3   3   3   1.08420217249E-19
   4   3   3   7.66191250000E-04
   1   4   3  -2.40217500000E-04
   2   4   3   1.08420217249E-19
   3   4   3   0.00000000000E+00
   4   4   3  -2.40217500000E-04
   1   1   4  -1.08420217249E-19
   2   1   4  -1.08420217249E-19
   3   1   4   2.40217500000E-04
   4   1   4   2.40217500000E-04
   1   2   4  -1.66210787500E-02
   2   2   4   0.00000000000E+00
   3   2   4  -7.66191250000E-04
   4   2   4   0.00000000000E+00
   1   3   4  -2.40217500000E-04
   2   3   4   1.08420217249E-19
   3   3   4   0.00000000000E+00
   4   3   4  -2.40217500000E-04
   1   4   4   3.06198750000E-03
   2   4   4   0.00000000000E+00
   3   4   4   3.06198750000E-03
   4   4   4   0.00000000000E+00
   2   1   1   1
   1   1   1   2.16840434497E-19
   2   1   1   1.08420217249E-19
   3   1   1   0.00000000000E+00
   4   1   1   1.08420217249E-19
   1   2   1   1.08420217249E-19
   2   2   1   3.06198750000E-03
   3   2   1  -2.40217500000E-04
   4   2   1  -1.66210787500E-02
   1   3   1  -4.33680868994E-19
   2   3   1  -2.40217500000E-04
   3   3   1   3.58208750000E-03
   4   3   1  -2.40217500000E-04
   1   4   1   1.08420217249E-19
   2   4   1  -1.66210787500E-02
   3   4   1  -2.40217500000E-04
   4   4   1   3.06198750000E-03
   1   1   2   1.66210787500E-02
   2   1   2   2.40217500000E-04
   3   1   2  -3.06198750000E-03
   4   1   2   1.08420217249E-19
   1   2   2   2.40217500000E-04
   2   2   2   0.00000000000E+00
   3   2   2  -2.40217500000E-04
   4   2   2   0.00000000000E+00
   1   3   2  -3.06198750000E-03
   2   3   2  -2.40217500000E-04
   3   3   2   7.66191250000E-04
   4   3   2  -1.08420217249E-19
   1   4   2   1.08420217249E-19
   2   4   2   0.00000000000E+00
   3   4   2   0.00000000000E+00
   4   4   2   0.00000000000E+00
   1   1   3  -3.58208750000E-03
   2   1   3   2.40217500000E-04
   3   1   3   0.00000000000E+00
   4   1   3   2.40217500000E-04
   1   2   3   2.40217500000E-04
   2   2   3   3.06198750000E-03
   3   2   3   0.00000000000E+00
   4   2   3  -7.66191250000E-04
   1   3   3  -4.33680868994E-19
   2   3   3  -1.08420217249E-19
   3   3   3  -2.16840434497E-19
   4   3   3  -1.08420217249E-19
   1   4   3   2.40217500000E-04
   2   4   3  -7.66191250000E-04
   3   4   3   0.00000000000E+00
   4   4   3   3.06198750000E-03
   1   1   4   1.66210787500E-02
   2   1   4   1.08420217249E-19
   3   1   4  -3.06198750000E-03
   4   1   4   2.40217500000E-04
   1   2   4   1.08420217249E-19
   2   2   4   0.00000000000E+00
   3   2   4   0.00000000000E+00
   4   2   4   0.00000000000E+00
   1   3   4  -3.06198750000E-03
   2   3   4  -1.08420217249E-19
   3   3   4   7.66191250000E-04
   4   3   4  -2.40217500000E-04
   1   4   4   2.40217500000E-04
   2   4   4   0.00000000000E+00
   3   4   4  -2.40217500000E-04
   4   4   4   0.00000000000E+00
   2   2   1   1
   1   1   1   7.12112842188E-02
   2   1   1   8.10028734375E-03
   3   1   1  -3.49596578125E-03
   4   1   1   8.10028734375E-03
   1   2   1  -1.17498607812E-02
   2   2   1  -7.49622031250E-04
   3   2   1  -7.49622031250E-04
   4   2   1  -1.17498607812E-02
   1   3   1   3.19445468750E-04
   2   3   1  -1.07361015625E-03
   3   3   1   3.19445468750E-04
   4   3   1  -1.07361015625E-03
   1   4   1  -1.17498607812E-02
   2   4   1  -1.17498607812E-02
   3   4   1  -7.49622031250E-04
   4   4   1  -7.49622031250E-04
   1   1   2  -1.17498607812E-02
   2   1   2  -7.49622031250E-04
   3   1   2  -7.49622031250E-04
   4   1   2  -1.17498607812E-02
   1   2   2  -1.07361015625E-03
   2   2   2   5.79349796875E-03
   3   2   2  -1.07361015625E-03
   4   2   2  -6.17735703125E-03
   1   3   2  -7.49622031250E-04
   2   3   2  -7.49622031250E-04
   3   3   2   2.79807171875E-03
   4   3   2   2.79807171875E-03
   1   4   2   8.10028734375E-03
   2   4   2   6.78534218750E-04
   3   4   2  -1.73381765625E-03
   4   4   2   6.78534218750E-04
   1   1   3   3.19445468750E-04
   2   1   3  -1.07361015625E-03
   3   1   3   3.19445468750E-04
   4   1   3  -1.07361015625E-03
   1   2   3  -7.49622031250E-04
   2   2   3  -7.49622031250E-04
   3   2   3   2.79807171875E-03
   4   2   3   2.79807171875E-03
   1   3   3  -3.49596578125E-03
   2   3   3  -1.73381765625E-03
   3   3   3   5.42924218750E-04
   4   3   3  -1.73381765625E-03
   1   4   3  -7.49622031250E-04
   2   4   3   2.79807171875E-03
   3   4   3   2.79807171875E-03
   4   4   3  -7.49622031250E-04
   1   1   4  -1.17498607812E-02
   2   1   4  -1.17498607812E-02
   3   1   4  -7.49622031250E-04
   4   1   4  -7.49622031250E-04
   1   2   4   8.10028734375E-03
   2   2   4   6.78534218750E-04
   3   2   4  -1.73381765625E-03
   4   2   4   6.78534218750E-04
   1   3   4  -7.49622031250E-04
   2   3   4   2.79807171875E-03
   3   3   4   2.79807171875E-03
   4   3   4  -7.49622031250E-04
   1   4   4  -1.07361015625E-03
   2   4   4  -6.17735703125E-03
   3   4   4  -1.07361015625E-03
   4   4   4   5.79349796875E-03
   2   3   1   1
   1   1   1  -4.33680868994E-19
   2   1   1  -1.08420217249E-19
   3   1   1  -2.16840434497E-19
   4   1   1  -1.08420217249E-19
   1   2   1  -1.66210787500E-02
   2   2   1  -2.40217500000E-04
   3   2   1   3.06198750000E-03
   4   2   1  -1.08420217249E-19
   1   3   1   3.58208750000E-03
   2   3   1  -2.40217500000E-04
   3   3   1  -1.08420217249E-19
   4   3   1  -2.40217500000E-04
   1   4   1  -1.66210787500E-02
   2   4   1  -1.08420217249E-19
   3   4   1   3.06198750000E-03
   4   4   1  -2.40217500000E-04
   1   1   2  -1.08420217249E-19
   2   1   2  -3.06198750000E-03
   3   1   2   2.40217500000E-04
   4   1   2   1.66210787500E-02
   1   2   2  -2.40217500000E-04
   2   2   2   0.00000000000E+00
   3   2   2   2.40217500000E-04
   4   2   2   0.00000000000E+00
   1   3   2  -2.40217500000E-04
   2   3   2  -3.06198750000E-03
   3   3   2   0.00000000000E+00
   4   3   2   7.66191250000E-04
   1   4   2  -3.25260651746E-19
   2   4   2   0.00000000000E+00
   3   4   2   0.00000000000E+00
   4   4   2   0.00000000000E+00
   1   1   3   6.50521303491E-19
   2   1   3   2.40217500000E-04
   3   1   3  -3.58208750000E-03
   4   1   3   2.40217500000E-04
   1   2   3   3.06198750000E-03
   2   2   3   2.40217500000E-04
   3   2   3  -7.66191250000E-04
   4   2   3   1.08420217249E-19
   1   3   3   8.67361737988E-19
   2   3   3   1.08420217249E-19
   3   3   3   1.08420217249E-19
   4   3   3   1.08420217249E-19
   1   4   3   3.06198750000E-03
   2   4   3   1.08420217249E-19
   3   4   3  -7.66191250000E-04
   4   4   3   2.40217500000E-04
   1   1   4  -1.08420217249E-19
   2   1   4   1.66210787500E-02
   3   1   4   2.40217500000E-04
   4   1   4  -3.06198750000E-03
   1   2   4  -3.25260651746E-19
   2   2   4   0.00000000000E+00
   3   2   4   0.00000000000E+00
   4   2   4   0.00000000000E+00
   1   3   4  -2.40217500000E-04
   2   3   4   7.66191250000E-04
   3   3   4   0.00000000000E+00
   4   3   4  -3.06198750000E-03
   1   4   4  -2.40217500000E-04
   2   4   4   0.00000000000E+00
   3   4   4   2.40217500000E-04
   4   4   4   0.00000000000E+00
   3   1   1   1
   1   1   1  -4.33680868994E-19
   2   1   1   1.66210787500E-02
   3   1   1  -3.58208750000E-03
   4   1   1   1.66210787500E-02
   1   2   1  -3.25260651746E-19
   2   2   1   2.40217500000E-04
   3   2   1   2.40217500000E-04
   4   2   1  -1.08420217249E-19
   1   3   1   8.67361737988E-19
   2   3   1  -3.06198750000E-03
   3   3   1  -1.08420217249E-19
   4   3   1  -3.06198750000E-03
   1   4   1  -3.25260651746E-19
   2   4   1  -1.08420217249E-19
   3   4   1   2.40217500000E-04
   4   4   1   2.40217500000E-04
   1   1   2  -1.08420217249E-19
   2   1   2   2.40217500000E-04
   3   1   2   2.40217500000E-04
   4   1   2  -1.08420217249E-19
   1   2   2   3.06198750000E-03
   2   2   2   0.00000000000E+00
   3   2   2   3.06198750000E-03
   4   2   2   0.00000000000E+00
   1   3   2  -2.40217500000E-04
   2   3   2  -2.40217500000E-04
   3   3   2   0.00000000000E+00
   4   3   2   1.08420217249E-19
   1   4   2  -1.66210787500E-02
   2   4   2   0.00000000000E+00
   3   4   2  -7.66191250000E-04
   4   4   2   0.00000000000E+00
   1   1   3   6.50521303491E-19
   2   1   3  -3.06198750000E-03
   3   1   3  -2.16840434497E-19
   4   1   3  -3.06198750000E-03
   1   2   3  -2.40217500000E-04
   2   2   3  -2.40217500000E-04
   3   2   3   0.00000000000E+00
   4   2   3   1.08420217249E-19
   1   3   3   3.58208750000E-03
   2   3   3   7.66191250000E-04
   3   3   3   1.08420217249E-19
   4   3   3   7.66191250000E-04
   1   4   3  -2.40217500000E-04
   2   4   3   1.08420217249E-19
   3   4   3   0.00000000000E+00
   4   4   3  -2.40217500000E-04
   1   1   4  -1.08420217249E-19
   2   1   4  -1.08420217249E-19
   3   1   4   2.40217500000E-04
   4   1   4   2.40217500000E-04
   1   2   4  -1.66210787500E-02
   2   2   4   0.00000000000E+00
   3   2   4  -7.66191250000E-04
   4   2   4   0.00000000000E+00
   1   3   4  -2.40217500000E-04
   2   3   4   1.08420217249E-19
   3   3   4   0.00000000000E+00
   4   3   4  -2.40217500000E-04
   1   4   4   3.06198750000E-03
   2   4   4   0.00000000000E+00
   3   4   4   3.06198750000E-03
   4   4   4   0.00000000000E+00
   3   2   1   1
   1   1   1  -4.33680868994E-19
   2   1   1  -1.08420217249E-19
   3   1   1  -2.16840434497E-19
   4   1   1  -1.08420217249E-19
   1   2   1  -1.66210787500E-02
   2   2   1  -2.40217500000E-04
   3   2   1   3.06198750000E-03
   4   2   1  -1.08420217249E-19
   1   3   1   3.58208750000E-03
   2   3   1  -2.40217500000E-04
   3   3   1  -1.08420217249E-19
   4   3   1  -2.40217500000E-04
   1   4   1  -1.66210787500E-02
   2   4   1  -1.08420217249E-19
   3   4   1   3.06198750000E-03
   4   4   1  -2.40217500000E-04
   1   1   2  -1.08420217249E-19
   2   1   2  -3.06198750000E-03
   3   1   2   2.40217500000E-04
   4   1   2   1.66210787500E-02
   1   2   2  -2.40217500000E-04
   2   2   2   0.00000000000E+00
   3   2   2   2.40217500000E-04
   4   2   2   0.00000000000E+00
   1   3   2  -2.40217500000E-04
   2   3   2  -3.06198750000E-03
   3   3   2   0.00000000000E+00
   4   3   2   7.66191250000E-04
   1   4   2  -3.25260651746E-19
   2   4   2   0.00000000000E+00
   3   4   2   0.00000000000E+00
   4   4   2   0.00000000000E+00
   1   1   3   6.50521303491E-19
   2   1   3   2.40217500000E-04
   3   1   3  -3.58208750000E-03
   4   1   3   2.40217500000E-04
   1   2   3   3.06198750000E-03
   2   2   3   2.40217500000E-04
   3   2   3  -7.66191250000E-04
   4   2   3   1.08420217249E-19
   1   3   3   8.67361737988E-19
   2   3   3   1.08420217249E-19
   3   3   3   1.08420217249E-19
   4   3   3   1.08420217249E-19
   1   4   3   3.06198750000E-03
   2   4   3   1.08420217249E-19
   3   4   3  -7.66191250000E-04
   4   4   3   2.40217500000E-04
   1   1   4  -1.08420217249E-19
   2   1   4   1.66210787500E-02
   3   1   4   2.40217500000E-04
   4   1   4  -3.06198750000E-03
   1   2   4  -3.25260651746E-19
   2   2   4   0.00000000000E+00
   3   2   4   0.00000000000E+00
   4   2   4   0.00000000000E+00
   1   3   4  -2.40217500000E-04
   2   3   4   7.66191250000E-04
   3   3   4   0.00000000000E+00
   4   3   4  -3.06198750000E-03
   1   4   4  -2.40217500000E-04
   2   4   4   0.00000000000E+00
   3   4   4   2.40217500000E-04
   4   4   4   0.00000000000E+00
   3   3   1   1
   1   1   1   7.12112842188E-02
   2   1   1  -1.17498607813E-02
   3   1   1   3.19445468750E-04
   4   1   1  -1.17498607813E-02
   1   2   1  -1.17498607812E-02
   2   2   1  -1.07361015625E-03
   3   2   1  -7.49622031250E-04
   4   2   1   8.10028734375E-03
   1   3   1   3.19445468750E-04
   2   3   1  -7.49622031250E-04
   3   3   1  -3.49596578125E-03
   4   3   1  -7.49622031250E-04
   1   4   1  -1.17498607812E-02
   2   4   1   8.10028734375E-03
   3   4   1  -7.49622031250E-04
   4   4   1  -1.07361015625E-03
   1   1   2   8.10028734375E-03
   2   1   2  -7.49622031250E-04
   3   1   2  -1.07361015625E-03
   4   1   2  -1.17498607813E-02
   1   2   2  -7.49622031250E-04
   2   2   2   5.79349796875E-03
   3   2   2  -7.49622031250E-04
   4   2   2   6.78534218750E-04
   1   3   2  -1.07361015625E-03
   2   3   2  -7.49622031250E-04
   3   3   2  -1.73381765625E-03
   4   3   2   2.79807171875E-03
   1   4   2  -1.17498607812E-02
   2   4   2   6.78534218750E-04
   3   4   2   2.79807171875E-03
   4   4   2  -6.17735703125E-03
   1   1   3  -3.49596578125E-03
   2   1   3  -7.49622031250E-04
   3   1   3   3.19445468750E-04
   4   1   3  -7.49622031250E-04
   1   2   3  -7.49622031250E-04
   2   2   3  -1.07361015625E-03
   3   2   3   2.79807171875E-03
   4   2   3  -1.73381765625E-03
   1   3   3   3.19445468750E-04
   2   3   3   2.79807171875E-03
   3   3   3   5.42924218750E-04
   4   3   3   2.79807171875E-03
   1   4   3  -7.49622031250E-04
   2   4   3  -1.73381765625E-03
   3   4   3   2.79807171875E-03
   4   4   3  -1.07361015625E-03
   1   1   4   8.10028734375E-03
   2   1   4  -1.17498607813E-02
   3   1   4  -1.07361015625E-03
   4   1   4  -7.49622031250E-04
   1   2   4  -1.17498607812E-02
   2   2   4  -6.17735703125E-03
   3   2   4   2.79807171875E-03
   4   2   4   6.78534218750E-04
   1   3   4  -1.07361015625E-03
   2   3   4   2.79807171875E-03
   3   3   4  -1.73381765625E-03
   4   3   4  -7.49622031250E-04
   1   4   4  -7.49622031250E-04
   2   4   4   6.78534218750E-04
   3   4   4  -7.49622031250E-04
   4   4   4   5.79349796875E-03
