  5.000000000000000E-003  0.611634550690563        1.33876113657714     
   4   4   4
   1   1   1   1
   1   1   1   4.06637387500E-02
   2   1   1  -9.65758125000E-04
   3   1   1  -7.56882500000E-04
   4   1   1  -9.65758125000E-04
   1   2   1   9.47980625000E-04
   2   2   1   1.72625000000E-06
   3   2   1  -1.84967500000E-04
   4   2   1  -9.65758125000E-04
   1   3   1  -3.56059925000E-02
   2   3   1   1.72625000000E-06
   3   3   1  -7.56882500000E-04
   4   3   1   1.72625000000E-06
   1   4   1   9.47980625000E-04
   2   4   1  -9.65758125000E-04
   3   4   1  -1.84967500000E-04
   4   4   1   1.72625000000E-06
   1   1   2  -9.65758125000E-04
   2   1   2  -1.84967500000E-04
   3   1   2   1.72625000000E-06
   4   1   2   9.47980625000E-04
   1   2   2   1.72625000000E-06
   2   2   2   3.77473737500E-02
   3   2   2   1.72625000000E-06
   4   2   2  -7.20123750000E-04
   1   3   2   1.72625000000E-06
   2   3   2  -1.84967500000E-04
   3   3   2   9.55893125000E-04
   4   3   2  -1.25235312500E-03
   1   4   2  -9.65758125000E-04
   2   4   2  -3.56221787500E-02
   3   4   2   9.55893125000E-04
   4   4   2  -7.20123750000E-04
   1   1   3  -7.56882500000E-04
   2   1   3   1.72625000000E-06
   3   1   3  -3.56059925000E-02
   4   1   3   1.72625000000E-06
   1   2   3  -1.84967500000E-04
   2   2   3   1.72625000000E-06
   3   2   3  -1.25235312500E-03
   4   2   3   9.55893125000E-04
   1   3   3  -7.56882500000E-04
   2   3   3   9.55893125000E-04
   3   3   3   3.49544112500E-02
   4   3   3   9.55893125000E-04
   1   4   3  -1.84967500000E-04
   2   4   3   9.55893125000E-04
   3   4   3  -1.25235312500E-03
   4   4   3   1.72625000000E-06
   1   1   4  -9.65758125000E-04
   2   1   4   9.47980625000E-04
   3   1   4   1.72625000000E-06
   4   1   4  -1.84967500000E-04
   1   2   4  -9.65758125000E-04
   2   2   4  -7.20123750000E-04
   3   2   4   9.55893125000E-04
   4   2   4  -3.56221787500E-02
   1   3   4   1.72625000000E-06
   2   3   4  -1.25235312500E-03
   3   3   4   9.55893125000E-04
   4   3   4  -1.84967500000E-04
   1   4   4   1.72625000000E-06
   2   4   4  -7.20123750000E-04
   3   4   4   1.72625000000E-06
   4   4   4   3.77473737500E-02
   1   2   1   1
   1   1   1  -1.54498809579E-18
   2   1   1   0.00000000000E+00
   3   1   1  -1.73472347598E-18
   4   1   1   0.00000000000E+00
   1   2   1   0.00000000000E+00
   2   2   1   1.81389068750E-02
   3   2   1  -1.53302500000E-04
   4   2   1  -1.84089968750E-02
   1   3   1   0.00000000000E+00
   2   3   1  -1.53302500000E-04
   3   3   1   2.55425000000E-05
   4   3   1  -1.53302500000E-04
   1   4   1   0.00000000000E+00
   2   4   1  -1.84089968750E-02
   3   4   1  -1.53302500000E-04
   4   4   1   1.81389068750E-02
   1   1   2   1.84089968750E-02
   2   1   2   1.53302500000E-04
   3   1   2  -1.81389068750E-02
   4   1   2   0.00000000000E+00
   1   2   2   1.53302500000E-04
   2   2   2   0.00000000000E+00
   3   2   2  -1.53302500000E-04
   4   2   2   0.00000000000E+00
   1   3   2  -1.81389068750E-02
   2   3   2  -1.53302500000E-04
   3   3   2   1.78702093750E-02
   4   3   2   0.00000000000E+00
   1   4   2   0.00000000000E+00
   2   4   2   0.00000000000E+00
   3   4   2   0.00000000000E+00
   4   4   2   0.00000000000E+00
   1   1   3  -2.55425000000E-05
   2   1   3   1.53302500000E-04
   3   1   3  -1.73472347598E-18
   4   1   3   1.53302500000E-04
   1   2   3   1.53302500000E-04
   2   2   3   1.81389068750E-02
   3   2   3   0.00000000000E+00
   4   2   3  -1.78702093750E-02
   1   3   3   0.00000000000E+00
   2   3   3   0.00000000000E+00
   3   3   3  -1.89735380185E-19
   4   3   3   0.00000000000E+00
   1   4   3   1.53302500000E-04
   2   4   3  -1.78702093750E-02
   3   4   3   0.00000000000E+00
   4   4   3   1.81389068750E-02
   1   1   4   1.84089968750E-02
   2   1   4   0.00000000000E+00
   3   1   4  -1.81389068750E-02
   4   1   4   1.53302500000E-04
   1   2   4   0.00000000000E+00
   2   2   4   0.00000000000E+00
   3   2   4   0.00000000000E+00
   4   2   4   0.00000000000E+00
   1   3   4  -1.81389068750E-02
   2   3   4   0.00000000000E+00
   3   3   4   1.78702093750E-02
   4   3   4  -1.53302500000E-04
   1   4   4   1.53302500000E-04
   2   4   4   0.00000000000E+00
   3   4   4  -1.53302500000E-04
   4   4   4   0.00000000000E+00
   1   3   1   1
   1   1   1   7.65717784318E-19
   2   1   1   1.84089968750E-02
   3   1   1  -2.55425000000E-05
   4   1   1   1.84089968750E-02
   1   2   1   0.00000000000E+00
   2   2   1   1.53302500000E-04
   3   2   1   1.53302500000E-04
   4   2   1   0.00000000000E+00
   1   3   1  -7.72494047896E-19
   2   3   1  -1.81389068750E-02
   3   3   1   7.72494047896E-19
   4   3   1  -1.81389068750E-02
   1   4   1   0.00000000000E+00
   2   4   1   0.00000000000E+00
   3   4   1   1.53302500000E-04
   4   4   1   1.53302500000E-04
   1   1   2   6.77626357803E-21
   2   1   2   1.53302500000E-04
   3   1   2   1.53302500000E-04
   4   1   2  -1.35525271561E-20
   1   2   2   1.81389068750E-02
   2   2   2   0.00000000000E+00
   3   2   2   1.81389068750E-02
   4   2   2   0.00000000000E+00
   1   3   2  -1.53302500000E-04
   2   3   2  -1.53302500000E-04
   3   3   2   0.00000000000E+00
   4   3   2   0.00000000000E+00
   1   4   2  -1.84089968750E-02
   2   4   2   0.00000000000E+00
   3   4   2  -1.78702093750E-02
   4   4   2   0.00000000000E+00
   1   1   3  -7.79270311474E-19
   2   1   3  -1.81389068750E-02
   3   1   3   7.72494047896E-19
   4   1   3  -1.81389068750E-02
   1   2   3  -1.53302500000E-04
   2   2   3  -1.53302500000E-04
   3   2   3   0.00000000000E+00
   4   2   3   0.00000000000E+00
   1   3   3   2.55425000000E-05
   2   3   3   1.78702093750E-02
   3   3   3  -7.72494047896E-19
   4   3   3   1.78702093750E-02
   1   4   3  -1.53302500000E-04
   2   4   3   0.00000000000E+00
   3   4   3   0.00000000000E+00
   4   4   3  -1.53302500000E-04
   1   1   4   6.77626357803E-21
   2   1   4  -1.35525271561E-20
   3   1   4   1.53302500000E-04
   4   1   4   1.53302500000E-04
   1   2   4  -1.84089968750E-02
   2   2   4   0.00000000000E+00
   3   2   4  -1.78702093750E-02
   4   2   4   0.00000000000E+00
   1   3   4  -1.53302500000E-04
   2   3   4   0.00000000000E+00
   3   3   4   0.00000000000E+00
   4   3   4  -1.53302500000E-04
   1   4   4   1.81389068750E-02
   2   4   4   0.00000000000E+00
   3   4   4   1.81389068750E-02
   4   4   4   0.00000000000E+00
   2   1   1   1
   1   1   1  -1.54498809579E-18
   2   1   1   0.00000000000E+00
   3   1   1  -1.73472347598E-18
   4   1   1   0.00000000000E+00
   1   2   1   0.00000000000E+00
   2   2   1   1.81389068750E-02
   3   2   1  -1.53302500000E-04
   4   2   1  -1.84089968750E-02
   1   3   1   0.00000000000E+00
   2   3   1  -1.53302500000E-04
   3   3   1   2.55425000000E-05
   4   3   1  -1.53302500000E-04
   1   4   1   0.00000000000E+00
   2   4   1  -1.84089968750E-02
   3   4   1  -1.53302500000E-04
   4   4   1   1.81389068750E-02
   1   1   2   1.84089968750E-02
   2   1   2   1.53302500000E-04
   3   1   2  -1.81389068750E-02
   4   1   2   0.00000000000E+00
   1   2   2   1.53302500000E-04
   2   2   2   0.00000000000E+00
   3   2   2  -1.53302500000E-04
   4   2   2   0.00000000000E+00
   1   3   2  -1.81389068750E-02
   2   3   2  -1.53302500000E-04
   3   3   2   1.78702093750E-02
   4   3   2   0.00000000000E+00
   1   4   2   0.00000000000E+00
   2   4   2   0.00000000000E+00
   3   4   2   0.00000000000E+00
   4   4   2   0.00000000000E+00
   1   1   3  -2.55425000000E-05
   2   1   3   1.53302500000E-04
   3   1   3  -1.73472347598E-18
   4   1   3   1.53302500000E-04
   1   2   3   1.53302500000E-04
   2   2   3   1.81389068750E-02
   3   2   3   0.00000000000E+00
   4   2   3  -1.78702093750E-02
   1   3   3   0.00000000000E+00
   2   3   3   0.00000000000E+00
   3   3   3  -1.89735380185E-19
   4   3   3   0.00000000000E+00
   1   4   3   1.53302500000E-04
   2   4   3  -1.78702093750E-02
   3   4   3   0.00000000000E+00
   4   4   3   1.81389068750E-02
   1   1   4   1.84089968750E-02
   2   1   4   0.00000000000E+00
   3   1   4  -1.81389068750E-02
   4   1   4   1.53302500000E-04
   1   2   4   0.00000000000E+00
   2   2   4   0.00000000000E+00
   3   2   4   0.00000000000E+00
   4   2   4   0.00000000000E+00
   1   3   4  -1.81389068750E-02
   2   3   4   0.00000000000E+00
   3   3   4   1.78702093750E-02
   4   3   4  -1.53302500000E-04
   1   4   4   1.53302500000E-04
   2   4   4   0.00000000000E+00
   3   4   4  -1.53302500000E-04
   4   4   4   0.00000000000E+00
   2   2   1   1
   1   1   1   4.06637387500E-02
   2   1   1   9.47980625000E-04
   3   1   1  -3.56059925000E-02
   4   1   1   9.47980625000E-04
   1   2   1  -9.65758125000E-04
   2   2   1   1.72625000000E-06
   3   2   1   1.72625000000E-06
   4   2   1  -9.65758125000E-04
   1   3   1  -7.56882500000E-04
   2   3   1  -1.84967500000E-04
   3   3   1  -7.56882500000E-04
   4   3   1  -1.84967500000E-04
   1   4   1  -9.65758125000E-04
   2   4   1  -9.65758125000E-04
   3   4   1   1.72625000000E-06
   4   4   1   1.72625000000E-06
   1   1   2  -9.65758125000E-04
   2   1   2   1.72625000000E-06
   3   1   2   1.72625000000E-06
   4   1   2  -9.65758125000E-04
   1   2   2  -1.84967500000E-04
   2   2   2   3.77473737500E-02
   3   2   2  -1.84967500000E-04
   4   2   2  -3.56221787500E-02
   1   3   2   1.72625000000E-06
   2   3   2   1.72625000000E-06
   3   3   2   9.55893125000E-04
   4   3   2   9.55893125000E-04
   1   4   2   9.47980625000E-04
   2   4   2  -7.20123750000E-04
   3   4   2  -1.25235312500E-03
   4   4   2  -7.20123750000E-04
   1   1   3  -7.56882500000E-04
   2   1   3  -1.84967500000E-04
   3   1   3  -7.56882500000E-04
   4   1   3  -1.84967500000E-04
   1   2   3   1.72625000000E-06
   2   2   3   1.72625000000E-06
   3   2   3   9.55893125000E-04
   4   2   3   9.55893125000E-04
   1   3   3  -3.56059925000E-02
   2   3   3  -1.25235312500E-03
   3   3   3   3.49544112500E-02
   4   3   3  -1.25235312500E-03
   1   4   3   1.72625000000E-06
   2   4   3   9.55893125000E-04
   3   4   3   9.55893125000E-04
   4   4   3   1.72625000000E-06
   1   1   4  -9.65758125000E-04
   2   1   4  -9.65758125000E-04
   3   1   4   1.72625000000E-06
   4   1   4   1.72625000000E-06
   1   2   4   9.47980625000E-04
   2   2   4  -7.20123750000E-04
   3   2   4  -1.25235312500E-03
   4   2   4  -7.20123750000E-04
   1   3   4   1.72625000000E-06
   2   3   4   9.55893125000E-04
   3   3   4   9.55893125000E-04
   4   3   4   1.72625000000E-06
   1   4   4  -1.84967500000E-04
   2   4   4  -3.56221787500E-02
   3   4   4  -1.84967500000E-04
   4   4   4   3.77473737500E-02
   2   3   1   1
   1   1   1   7.65717784318E-19
   2   1   1  -1.35525271561E-20
   3   1   1   7.72494047896E-19
   4   1   1  -1.35525271561E-20
   1   2   1  -1.84089968750E-02
   2   2   1  -1.53302500000E-04
   3   2   1   1.81389068750E-02
   4   2   1   0.00000000000E+00
   1   3   1   2.55425000000E-05
   2   3   1  -1.53302500000E-04
   3   3   1   7.72494047896E-19
   4   3   1  -1.53302500000E-04
   1   4   1  -1.84089968750E-02
   2   4   1   0.00000000000E+00
   3   4   1   1.81389068750E-02
   4   4   1  -1.53302500000E-04
   1   1   2   6.77626357803E-21
   2   1   2  -1.81389068750E-02
   3   1   2   1.53302500000E-04
   4   1   2   1.84089968750E-02
   1   2   2  -1.53302500000E-04
   2   2   2   0.00000000000E+00
   3   2   2   1.53302500000E-04
   4   2   2   0.00000000000E+00
   1   3   2  -1.53302500000E-04
   2   3   2  -1.81389068750E-02
   3   3   2   0.00000000000E+00
   4   3   2   1.78702093750E-02
   1   4   2   0.00000000000E+00
   2   4   2   0.00000000000E+00
   3   4   2   0.00000000000E+00
   4   4   2   0.00000000000E+00
   1   1   3  -7.79270311474E-19
   2   1   3   1.53302500000E-04
   3   1   3  -2.55425000000E-05
   4   1   3   1.53302500000E-04
   1   2   3   1.81389068750E-02
   2   2   3   1.53302500000E-04
   3   2   3  -1.78702093750E-02
   4   2   3   0.00000000000E+00
   1   3   3  -7.72494047896E-19
   2   3   3   0.00000000000E+00
   3   3   3  -7.72494047896E-19
   4   3   3   0.00000000000E+00
   1   4   3   1.81389068750E-02
   2   4   3   0.00000000000E+00
   3   4   3  -1.78702093750E-02
   4   4   3   1.53302500000E-04
   1   1   4   6.77626357803E-21
   2   1   4   1.84089968750E-02
   3   1   4   1.53302500000E-04
   4   1   4  -1.81389068750E-02
   1   2   4   0.00000000000E+00
   2   2   4   0.00000000000E+00
   3   2   4   0.00000000000E+00
   4   2   4   0.00000000000E+00
   1   3   4  -1.53302500000E-04
   2   3   4   1.78702093750E-02
   3   3   4   0.00000000000E+00
   4   3   4  -1.81389068750E-02
   1   4   4  -1.53302500000E-04
   2   4   4   0.00000000000E+00
   3   4   4   1.53302500000E-04
   4   4   4   0.00000000000E+00
   3   1   1   1
   1   1   1   7.65717784318E-19
   2   1   1   1.84089968750E-02
   3   1   1  -2.55425000000E-05
   4   1   1   1.84089968750E-02
   1   2   1   0.00000000000E+00
   2   2   1   1.53302500000E-04
   3   2   1   1.53302500000E-04
   4   2   1   0.00000000000E+00
   1   3   1  -7.72494047896E-19
   2   3   1  -1.81389068750E-02
   3   3   1   7.72494047896E-19
   4   3   1  -1.81389068750E-02
   1   4   1   0.00000000000E+00
   2   4   1   0.00000000000E+00
   3   4   1   1.53302500000E-04
   4   4   1   1.53302500000E-04
   1   1   2   6.77626357803E-21
   2   1   2   1.53302500000E-04
   3   1   2   1.53302500000E-04
   4   1   2  -1.35525271561E-20
   1   2   2   1.81389068750E-02
   2   2   2   0.00000000000E+00
   3   2   2   1.81389068750E-02
   4   2   2   0.00000000000E+00
   1   3   2  -1.53302500000E-04
   2   3   2  -1.53302500000E-04
   3   3   2   0.00000000000E+00
   4   3   2   0.00000000000E+00
   1   4   2  -1.84089968750E-02
   2   4   2   0.00000000000E+00
   3   4   2  -1.78702093750E-02
   4   4   2   0.00000000000E+00
   1   1   3  -7.79270311474E-19
   2   1   3  -1.81389068750E-02
   3   1   3   7.72494047896E-19
   4   1   3  -1.81389068750E-02
   1   2   3  -1.53302500000E-04
   2   2   3  -1.53302500000E-04
   3   2   3   0.00000000000E+00
   4   2   3   0.00000000000E+00
   1   3   3   2.55425000000E-05
   2   3   3   1.78702093750E-02
   3   3   3  -7.72494047896E-19
   4   3   3   1.78702093750E-02
   1   4   3  -1.53302500000E-04
   2   4   3   0.00000000000E+00
   3   4   3   0.00000000000E+00
   4   4   3  -1.53302500000E-04
   1   1   4   6.77626357803E-21
   2   1   4  -1.35525271561E-20
   3   1   4   1.53302500000E-04
   4   1   4   1.53302500000E-04
   1   2   4  -1.84089968750E-02
   2   2   4   0.00000000000E+00
   3   2   4  -1.78702093750E-02
   4   2   4   0.00000000000E+00
   1   3   4  -1.53302500000E-04
   2   3   4   0.00000000000E+00
   3   3   4   0.00000000000E+00
   4   3   4  -1.53302500000E-04
   1   4   4   1.81389068750E-02
   2   4   4   0.00000000000E+00
   3   4   4   1.81389068750E-02
   4   4   4   0.00000000000E+00
   3   2   1   1
   1   1   1   7.65717784318E-19
   2   1   1  -1.35525271561E-20
   3   1   1   7.72494047896E-19
   4   1   1  -1.35525271561E-20
   1   2   1  -1.84089968750E-02
   2   2   1  -1.53302500000E-04
   3   2   1   1.81389068750E-02
   4   2   1   0.00000000000E+00
   1   3   1   2.55425000000E-05
   2   3   1  -1.53302500000E-04
   3   3   1   7.72494047896E-19
   4   3   1  -1.53302500000E-04
   1   4   1  -1.84089968750E-02
   2   4   1   0.00000000000E+00
   3   4   1   1.81389068750E-02
   4   4   1  -1.53302500000E-04
   1   1   2   6.77626357803E-21
   2   1   2  -1.81389068750E-02
   3   1   2   1.53302500000E-04
   4   1   2   1.84089968750E-02
   1   2   2  -1.53302500000E-04
   2   2   2   0.00000000000E+00
   3   2   2   1.53302500000E-04
   4   2   2   0.00000000000E+00
   1   3   2  -1.53302500000E-04
   2   3   2  -1.81389068750E-02
   3   3   2   0.00000000000E+00
   4   3   2   1.78702093750E-02
   1   4   2   0.00000000000E+00
   2   4   2   0.00000000000E+00
   3   4   2   0.00000000000E+00
   4   4   2   0.00000000000E+00
   1   1   3  -7.79270311474E-19
   2   1   3   1.53302500000E-04
   3   1   3  -2.55425000000E-05
   4   1   3   1.53302500000E-04
   1   2   3   1.81389068750E-02
   2   2   3   1.53302500000E-04
   3   2   3  -1.78702093750E-02
   4   2   3   0.00000000000E+00
   1   3   3  -7.72494047896E-19
   2   3   3   0.00000000000E+00
   3   3   3  -7.72494047896E-19
   4   3   3   0.00000000000E+00
   1   4   3   1.81389068750E-02
   2   4   3   0.00000000000E+00
   3   4   3  -1.78702093750E-02
   4   4   3   1.53302500000E-04
   1   1   4   6.77626357803E-21
   2   1   4   1.84089968750E-02
   3   1   4   1.53302500000E-04
   4   1   4  -1.81389068750E-02
   1   2   4   0.00000000000E+00
   2   2   4   0.00000000000E+00
   3   2   4   0.00000000000E+00
   4   2   4   0.00000000000E+00
   1   3   4  -1.53302500000E-04
   2   3   4   1.78702093750E-02
   3   3   4   0.00000000000E+00
   4   3   4  -1.81389068750E-02
   1   4   4  -1.53302500000E-04
   2   4   4   0.00000000000E+00
   3   4   4   1.53302500000E-04
   4   4   4   0.00000000000E+00
   3   3   1   1
   1   1   1   4.06637387500E-02
   2   1   1  -9.65758125000E-04
   3   1   1  -7.56882500000E-04
   4   1   1  -9.65758125000E-04
   1   2   1  -9.65758125000E-04
   2   2   1  -1.84967500000E-04
   3   2   1   1.72625000000E-06
   4   2   1   9.47980625000E-04
   1   3   1  -7.56882500000E-04
   2   3   1   1.72625000000E-06
   3   3   1  -3.56059925000E-02
   4   3   1   1.72625000000E-06
   1   4   1  -9.65758125000E-04
   2   4   1   9.47980625000E-04
   3   4   1   1.72625000000E-06
   4   4   1  -1.84967500000E-04
   1   1   2   9.47980625000E-04
   2   1   2   1.72625000000E-06
   3   1   2  -1.84967500000E-04
   4   1   2  -9.65758125000E-04
   1   2   2   1.72625000000E-06
   2   2   2   3.77473737500E-02
   3   2   2   1.72625000000E-06
   4   2   2  -7.20123750000E-04
   1   3   2  -1.84967500000E-04
   2   3   2   1.72625000000E-06
   3   3   2  -1.25235312500E-03
   4   3   2   9.55893125000E-04
   1   4   2  -9.65758125000E-04
   2   4   2  -7.20123750000E-04
   3   4   2   9.55893125000E-04
   4   4   2  -3.56221787500E-02
   1   1   3  -3.56059925000E-02
   2   1   3   1.72625000000E-06
   3   1   3  -7.56882500000E-04
   4   1   3   1.72625000000E-06
   1   2   3   1.72625000000E-06
   2   2   3  -1.84967500000E-04
   3   2   3   9.55893125000E-04
   4   2   3  -1.25235312500E-03
   1   3   3  -7.56882500000E-04
   2   3   3   9.55893125000E-04
   3   3   3   3.49544112500E-02
   4   3   3   9.55893125000E-04
   1   4   3   1.72625000000E-06
   2   4   3  -1.25235312500E-03
   3   4   3   9.55893125000E-04
   4   4   3  -1.84967500000E-04
   1   1   4   9.47980625000E-04
   2   1   4  -9.65758125000E-04
   3   1   4  -1.84967500000E-04
   4   1   4   1.72625000000E-06
   1   2   4  -9.65758125000E-04
   2   2   4  -3.56221787500E-02
   3   2   4   9.55893125000E-04
   4   2   4  -7.20123750000E-04
   1   3   4  -1.84967500000E-04
   2   3   4   9.55893125000E-04
   3   3   4  -1.25235312500E-03
   4   3   4   1.72625000000E-06
   1   4   4   1.72625000000E-06
   2   4   4  -7.20123750000E-04
   3   4   4   1.72625000000E-06
   4   4   4   3.77473737500E-02
