  4.500000000000000E-002  0.609696205195422        2.55296959425764     
   4   4   4
   1   1   1   1
   1   1   1   7.49506832812E-02
   2   1   1  -1.17374029688E-02
   3   1   1  -3.73784218750E-04
   4   1   1  -1.17374029688E-02
   1   2   1   8.30019015625E-03
   2   2   1  -3.51076093750E-04
   3   2   1  -1.57032796875E-03
   4   2   1  -1.17374029688E-02
   1   3   1  -2.89389546875E-03
   2   3   1  -3.51076093750E-04
   3   3   1  -3.73784218750E-04
   4   3   1  -3.51076093750E-04
   1   4   1   8.30019015625E-03
   2   4   1  -1.17374029688E-02
   3   4   1  -1.57032796875E-03
   4   4   1  -3.51076093750E-04
   1   1   2  -1.17374029688E-02
   2   1   2  -1.57032796875E-03
   3   1   2  -3.51076093750E-04
   4   1   2   8.30019015625E-03
   1   2   2  -3.51076093750E-04
   2   2   2   3.21606890625E-03
   3   2   2  -3.51076093750E-04
   4   2   2   6.30393906250E-04
   1   3   2  -3.51076093750E-04
   2   3   2  -1.57032796875E-03
   3   3   2   2.13655453125E-03
   4   3   2  -7.54589843750E-04
   1   4   2  -1.17374029688E-02
   2   4   2  -5.12513734375E-03
   3   4   2   2.13655453125E-03
   4   4   2   6.30393906250E-04
   1   1   3  -3.73784218750E-04
   2   1   3  -3.51076093750E-04
   3   1   3  -2.89389546875E-03
   4   1   3  -3.51076093750E-04
   1   2   3  -1.57032796875E-03
   2   2   3  -3.51076093750E-04
   3   2   3  -7.54589843750E-04
   4   2   3   2.13655453125E-03
   1   3   3  -3.73784218750E-04
   2   3   3   2.13655453125E-03
   3   3   3   7.85913281250E-04
   4   3   3   2.13655453125E-03
   1   4   3  -1.57032796875E-03
   2   4   3   2.13655453125E-03
   3   4   3  -7.54589843750E-04
   4   4   3  -3.51076093750E-04
   1   1   4  -1.17374029688E-02
   2   1   4   8.30019015625E-03
   3   1   4  -3.51076093750E-04
   4   1   4  -1.57032796875E-03
   1   2   4  -1.17374029688E-02
   2   2   4   6.30393906250E-04
   3   2   4   2.13655453125E-03
   4   2   4  -5.12513734375E-03
   1   3   4  -3.51076093750E-04
   2   3   4  -7.54589843750E-04
   3   3   4   2.13655453125E-03
   4   3   4  -1.57032796875E-03
   1   4   4  -3.51076093750E-04
   2   4   4   6.30393906250E-04
   3   4   4  -3.51076093750E-04
   4   4   4   3.21606890625E-03
   1   2   1   1
   1   1   1  -4.33680868994E-19
   2   1   1   2.16840434497E-19
   3   1   1   0.00000000000E+00
   4   1   1   2.16840434497E-19
   1   2   1   0.00000000000E+00
   2   2   1   2.49348750000E-03
   3   2   1  -2.65015000000E-04
   4   2   1  -1.72089987500E-02
   1   3   1  -8.67361737988E-19
   2   3   1  -2.65015000000E-04
   3   3   1   3.35177250000E-03
   4   3   1  -2.65015000000E-04
   1   4   1   0.00000000000E+00
   2   4   1  -1.72089987500E-02
   3   4   1  -2.65015000000E-04
   4   4   1   2.49348750000E-03
   1   1   2   1.72089987500E-02
   2   1   2   2.65015000000E-04
   3   1   2  -2.49348750000E-03
   4   1   2   2.16840434497E-19
   1   2   2   2.65015000000E-04
   2   2   2   0.00000000000E+00
   3   2   2  -2.65015000000E-04
   4   2   2   0.00000000000E+00
   1   3   2  -2.49348750000E-03
   2   3   2  -2.65015000000E-04
   3   3   2   9.28112500000E-05
   4   3   2  -2.16840434497E-19
   1   4   2   0.00000000000E+00
   2   4   2   0.00000000000E+00
   3   4   2   0.00000000000E+00
   4   4   2   0.00000000000E+00
   1   1   3  -3.35177250000E-03
   2   1   3   2.65015000000E-04
   3   1   3   0.00000000000E+00
   4   1   3   2.65015000000E-04
   1   2   3   2.65015000000E-04
   2   2   3   2.49348750000E-03
   3   2   3   0.00000000000E+00
   4   2   3  -9.28112500000E-05
   1   3   3  -8.67361737988E-19
   2   3   3  -2.16840434497E-19
   3   3   3   0.00000000000E+00
   4   3   3  -2.16840434497E-19
   1   4   3   2.65015000000E-04
   2   4   3  -9.28112500000E-05
   3   4   3   0.00000000000E+00
   4   4   3   2.49348750000E-03
   1   1   4   1.72089987500E-02
   2   1   4   2.16840434497E-19
   3   1   4  -2.49348750000E-03
   4   1   4   2.65015000000E-04
   1   2   4   0.00000000000E+00
   2   2   4   0.00000000000E+00
   3   2   4   0.00000000000E+00
   4   2   4   0.00000000000E+00
   1   3   4  -2.49348750000E-03
   2   3   4  -2.16840434497E-19
   3   3   4   9.28112500000E-05
   4   3   4  -2.65015000000E-04
   1   4   4   2.65015000000E-04
   2   4   4   0.00000000000E+00
   3   4   4  -2.65015000000E-04
   4   4   4   0.00000000000E+00
   1   3   1   1
   1   1   1   2.16840434497E-19
   2   1   1   1.72089987500E-02
   3   1   1  -3.35177250000E-03
   4   1   1   1.72089987500E-02
   1   2   1  -2.16840434497E-19
   2   2   1   2.65015000000E-04
   3   2   1   2.65015000000E-04
   4   2   1  -2.16840434497E-19
   1   3   1   6.50521303491E-19
   2   3   1  -2.49348750000E-03
   3   3   1   0.00000000000E+00
   4   3   1  -2.49348750000E-03
   1   4   1  -2.16840434497E-19
   2   4   1  -2.16840434497E-19
   3   4   1   2.65015000000E-04
   4   4   1   2.65015000000E-04
   1   1   2   0.00000000000E+00
   2   1   2   2.65015000000E-04
   3   1   2   2.65015000000E-04
   4   1   2  -2.16840434497E-19
   1   2   2   2.49348750000E-03
   2   2   2   0.00000000000E+00
   3   2   2   2.49348750000E-03
   4   2   2   0.00000000000E+00
   1   3   2  -2.65015000000E-04
   2   3   2  -2.65015000000E-04
   3   3   2   0.00000000000E+00
   4   3   2   2.16840434497E-19
   1   4   2  -1.72089987500E-02
   2   4   2   0.00000000000E+00
   3   4   2  -9.28112500000E-05
   4   4   2   0.00000000000E+00
   1   1   3   6.50521303491E-19
   2   1   3  -2.49348750000E-03
   3   1   3   0.00000000000E+00
   4   1   3  -2.49348750000E-03
   1   2   3  -2.65015000000E-04
   2   2   3  -2.65015000000E-04
   3   2   3   0.00000000000E+00
   4   2   3   2.16840434497E-19
   1   3   3   3.35177250000E-03
   2   3   3   9.28112500000E-05
   3   3   3   0.00000000000E+00
   4   3   3   9.28112500000E-05
   1   4   3  -2.65015000000E-04
   2   4   3   2.16840434497E-19
   3   4   3   0.00000000000E+00
   4   4   3  -2.65015000000E-04
   1   1   4   0.00000000000E+00
   2   1   4  -2.16840434497E-19
   3   1   4   2.65015000000E-04
   4   1   4   2.65015000000E-04
   1   2   4  -1.72089987500E-02
   2   2   4   0.00000000000E+00
   3   2   4  -9.28112500000E-05
   4   2   4   0.00000000000E+00
   1   3   4  -2.65015000000E-04
   2   3   4   2.16840434497E-19
   3   3   4   0.00000000000E+00
   4   3   4  -2.65015000000E-04
   1   4   4   2.49348750000E-03
   2   4   4   0.00000000000E+00
   3   4   4   2.49348750000E-03
   4   4   4   0.00000000000E+00
   2   1   1   1
   1   1   1  -4.33680868994E-19
   2   1   1   2.16840434497E-19
   3   1   1   0.00000000000E+00
   4   1   1   2.16840434497E-19
   1   2   1   0.00000000000E+00
   2   2   1   2.49348750000E-03
   3   2   1  -2.65015000000E-04
   4   2   1  -1.72089987500E-02
   1   3   1  -8.67361737988E-19
   2   3   1  -2.65015000000E-04
   3   3   1   3.35177250000E-03
   4   3   1  -2.65015000000E-04
   1   4   1   0.00000000000E+00
   2   4   1  -1.72089987500E-02
   3   4   1  -2.65015000000E-04
   4   4   1   2.49348750000E-03
   1   1   2   1.72089987500E-02
   2   1   2   2.65015000000E-04
   3   1   2  -2.49348750000E-03
   4   1   2   2.16840434497E-19
   1   2   2   2.65015000000E-04
   2   2   2   0.00000000000E+00
   3   2   2  -2.65015000000E-04
   4   2   2   0.00000000000E+00
   1   3   2  -2.49348750000E-03
   2   3   2  -2.65015000000E-04
   3   3   2   9.28112500000E-05
   4   3   2  -2.16840434497E-19
   1   4   2   0.00000000000E+00
   2   4   2   0.00000000000E+00
   3   4   2   0.00000000000E+00
   4   4   2   0.00000000000E+00
   1   1   3  -3.35177250000E-03
   2   1   3   2.65015000000E-04
   3   1   3   0.00000000000E+00
   4   1   3   2.65015000000E-04
   1   2   3   2.65015000000E-04
   2   2   3   2.49348750000E-03
   3   2   3   0.00000000000E+00
   4   2   3  -9.28112500000E-05
   1   3   3  -8.67361737988E-19
   2   3   3  -2.16840434497E-19
   3   3   3   0.00000000000E+00
   4   3   3  -2.16840434497E-19
   1   4   3   2.65015000000E-04
   2   4   3  -9.28112500000E-05
   3   4   3   0.00000000000E+00
   4   4   3   2.49348750000E-03
   1   1   4   1.72089987500E-02
   2   1   4   2.16840434497E-19
   3   1   4  -2.49348750000E-03
   4   1   4   2.65015000000E-04
   1   2   4   0.00000000000E+00
   2   2   4   0.00000000000E+00
   3   2   4   0.00000000000E+00
   4   2   4   0.00000000000E+00
   1   3   4  -2.49348750000E-03
   2   3   4  -2.16840434497E-19
   3   3   4   9.28112500000E-05
   4   3   4  -2.65015000000E-04
   1   4   4   2.65015000000E-04
   2   4   4   0.00000000000E+00
   3   4   4  -2.65015000000E-04
   4   4   4   0.00000000000E+00
   2   2   1   1
   1   1   1   7.49506832812E-02
   2   1   1   8.30019015625E-03
   3   1   1  -2.89389546875E-03
   4   1   1   8.30019015625E-03
   1   2   1  -1.17374029688E-02
   2   2   1  -3.51076093750E-04
   3   2   1  -3.51076093750E-04
   4   2   1  -1.17374029688E-02
   1   3   1  -3.73784218750E-04
   2   3   1  -1.57032796875E-03
   3   3   1  -3.73784218750E-04
   4   3   1  -1.57032796875E-03
   1   4   1  -1.17374029688E-02
   2   4   1  -1.17374029688E-02
   3   4   1  -3.51076093750E-04
   4   4   1  -3.51076093750E-04
   1   1   2  -1.17374029688E-02
   2   1   2  -3.51076093750E-04
   3   1   2  -3.51076093750E-04
   4   1   2  -1.17374029688E-02
   1   2   2  -1.57032796875E-03
   2   2   2   3.21606890625E-03
   3   2   2  -1.57032796875E-03
   4   2   2  -5.12513734375E-03
   1   3   2  -3.51076093750E-04
   2   3   2  -3.51076093750E-04
   3   3   2   2.13655453125E-03
   4   3   2   2.13655453125E-03
   1   4   2   8.30019015625E-03
   2   4   2   6.30393906250E-04
   3   4   2  -7.54589843750E-04
   4   4   2   6.30393906250E-04
   1   1   3  -3.73784218750E-04
   2   1   3  -1.57032796875E-03
   3   1   3  -3.73784218750E-04
   4   1   3  -1.57032796875E-03
   1   2   3  -3.51076093750E-04
   2   2   3  -3.51076093750E-04
   3   2   3   2.13655453125E-03
   4   2   3   2.13655453125E-03
   1   3   3  -2.89389546875E-03
   2   3   3  -7.54589843750E-04
   3   3   3   7.85913281250E-04
   4   3   3  -7.54589843750E-04
   1   4   3  -3.51076093750E-04
   2   4   3   2.13655453125E-03
   3   4   3   2.13655453125E-03
   4   4   3  -3.51076093750E-04
   1   1   4  -1.17374029688E-02
   2   1   4  -1.17374029688E-02
   3   1   4  -3.51076093750E-04
   4   1   4  -3.51076093750E-04
   1   2   4   8.30019015625E-03
   2   2   4   6.30393906250E-04
   3   2   4  -7.54589843750E-04
   4   2   4   6.30393906250E-04
   1   3   4  -3.51076093750E-04
   2   3   4   2.13655453125E-03
   3   3   4   2.13655453125E-03
   4   3   4  -3.51076093750E-04
   1   4   4  -1.57032796875E-03
   2   4   4  -5.12513734375E-03
   3   4   4  -1.57032796875E-03
   4   4   4   3.21606890625E-03
   2   3   1   1
   1   1   1   2.16840434497E-19
   2   1   1  -2.16840434497E-19
   3   1   1   0.00000000000E+00
   4   1   1  -2.16840434497E-19
   1   2   1  -1.72089987500E-02
   2   2   1  -2.65015000000E-04
   3   2   1   2.49348750000E-03
   4   2   1  -2.16840434497E-19
   1   3   1   3.35177250000E-03
   2   3   1  -2.65015000000E-04
   3   3   1   0.00000000000E+00
   4   3   1  -2.65015000000E-04
   1   4   1  -1.72089987500E-02
   2   4   1  -2.16840434497E-19
   3   4   1   2.49348750000E-03
   4   4   1  -2.65015000000E-04
   1   1   2   0.00000000000E+00
   2   1   2  -2.49348750000E-03
   3   1   2   2.65015000000E-04
   4   1   2   1.72089987500E-02
   1   2   2  -2.65015000000E-04
   2   2   2   0.00000000000E+00
   3   2   2   2.65015000000E-04
   4   2   2   0.00000000000E+00
   1   3   2  -2.65015000000E-04
   2   3   2  -2.49348750000E-03
   3   3   2   0.00000000000E+00
   4   3   2   9.28112500000E-05
   1   4   2  -2.16840434497E-19
   2   4   2   0.00000000000E+00
   3   4   2   0.00000000000E+00
   4   4   2   0.00000000000E+00
   1   1   3   6.50521303491E-19
   2   1   3   2.65015000000E-04
   3   1   3  -3.35177250000E-03
   4   1   3   2.65015000000E-04
   1   2   3   2.49348750000E-03
   2   2   3   2.65015000000E-04
   3   2   3  -9.28112500000E-05
   4   2   3   2.16840434497E-19
   1   3   3   6.50521303491E-19
   2   3   3   2.16840434497E-19
   3   3   3   0.00000000000E+00
   4   3   3   2.16840434497E-19
   1   4   3   2.49348750000E-03
   2   4   3   2.16840434497E-19
   3   4   3  -9.28112500000E-05
   4   4   3   2.65015000000E-04
   1   1   4   0.00000000000E+00
   2   1   4   1.72089987500E-02
   3   1   4   2.65015000000E-04
   4   1   4  -2.49348750000E-03
   1   2   4  -2.16840434497E-19
   2   2   4   0.00000000000E+00
   3   2   4   0.00000000000E+00
   4   2   4   0.00000000000E+00
   1   3   4  -2.65015000000E-04
   2   3   4   9.28112500000E-05
   3   3   4   0.00000000000E+00
   4   3   4  -2.49348750000E-03
   1   4   4  -2.65015000000E-04
   2   4   4   0.00000000000E+00
   3   4   4   2.65015000000E-04
   4   4   4   0.00000000000E+00
   3   1   1   1
   1   1   1   2.16840434497E-19
   2   1   1   1.72089987500E-02
   3   1   1  -3.35177250000E-03
   4   1   1   1.72089987500E-02
   1   2   1  -2.16840434497E-19
   2   2   1   2.65015000000E-04
   3   2   1   2.65015000000E-04
   4   2   1  -2.16840434497E-19
   1   3   1   6.50521303491E-19
   2   3   1  -2.49348750000E-03
   3   3   1   0.00000000000E+00
   4   3   1  -2.49348750000E-03
   1   4   1  -2.16840434497E-19
   2   4   1  -2.16840434497E-19
   3   4   1   2.65015000000E-04
   4   4   1   2.65015000000E-04
   1   1   2   0.00000000000E+00
   2   1   2   2.65015000000E-04
   3   1   2   2.65015000000E-04
   4   1   2  -2.16840434497E-19
   1   2   2   2.49348750000E-03
   2   2   2   0.00000000000E+00
   3   2   2   2.49348750000E-03
   4   2   2   0.00000000000E+00
   1   3   2  -2.65015000000E-04
   2   3   2  -2.65015000000E-04
   3   3   2   0.00000000000E+00
   4   3   2   2.16840434497E-19
   1   4   2  -1.72089987500E-02
   2   4   2   0.00000000000E+00
   3   4   2  -9.28112500000E-05
   4   4   2   0.00000000000E+00
   1   1   3   6.50521303491E-19
   2   1   3  -2.49348750000E-03
   3   1   3   0.00000000000E+00
   4   1   3  -2.49348750000E-03
   1   2   3  -2.65015000000E-04
   2   2   3  -2.65015000000E-04
   3   2   3   0.00000000000E+00
   4   2   3   2.16840434497E-19
   1   3   3   3.35177250000E-03
   2   3   3   9.28112500000E-05
   3   3   3   0.00000000000E+00
   4   3   3   9.28112500000E-05
   1   4   3  -2.65015000000E-04
   2   4   3   2.16840434497E-19
   3   4   3   0.00000000000E+00
   4   4   3  -2.65015000000E-04
   1   1   4   0.00000000000E+00
   2   1   4  -2.16840434497E-19
   3   1   4   2.65015000000E-04
   4   1   4   2.65015000000E-04
   1   2   4  -1.72089987500E-02
   2   2   4   0.00000000000E+00
   3   2   4  -9.28112500000E-05
   4   2   4   0.00000000000E+00
   1   3   4  -2.65015000000E-04
   2   3   4   2.16840434497E-19
   3   3   4   0.00000000000E+00
   4   3   4  -2.65015000000E-04
   1   4   4   2.49348750000E-03
   2   4   4   0.00000000000E+00
   3   4   4   2.49348750000E-03
   4   4   4   0.00000000000E+00
   3   2   1   1
   1   1   1   2.16840434497E-19
   2   1   1  -2.16840434497E-19
   3   1   1   0.00000000000E+00
   4   1   1  -2.16840434497E-19
   1   2   1  -1.72089987500E-02
   2   2   1  -2.65015000000E-04
   3   2   1   2.49348750000E-03
   4   2   1  -2.16840434497E-19
   1   3   1   3.35177250000E-03
   2   3   1  -2.65015000000E-04
   3   3   1   0.00000000000E+00
   4   3   1  -2.65015000000E-04
   1   4   1  -1.72089987500E-02
   2   4   1  -2.16840434497E-19
   3   4   1   2.49348750000E-03
   4   4   1  -2.65015000000E-04
   1   1   2   0.00000000000E+00
   2   1   2  -2.49348750000E-03
   3   1   2   2.65015000000E-04
   4   1   2   1.72089987500E-02
   1   2   2  -2.65015000000E-04
   2   2   2   0.00000000000E+00
   3   2   2   2.65015000000E-04
   4   2   2   0.00000000000E+00
   1   3   2  -2.65015000000E-04
   2   3   2  -2.49348750000E-03
   3   3   2   0.00000000000E+00
   4   3   2   9.28112500000E-05
   1   4   2  -2.16840434497E-19
   2   4   2   0.00000000000E+00
   3   4   2   0.00000000000E+00
   4   4   2   0.00000000000E+00
   1   1   3   6.50521303491E-19
   2   1   3   2.65015000000E-04
   3   1   3  -3.35177250000E-03
   4   1   3   2.65015000000E-04
   1   2   3   2.49348750000E-03
   2   2   3   2.65015000000E-04
   3   2   3  -9.28112500000E-05
   4   2   3   2.16840434497E-19
   1   3   3   6.50521303491E-19
   2   3   3   2.16840434497E-19
   3   3   3   0.00000000000E+00
   4   3   3   2.16840434497E-19
   1   4   3   2.49348750000E-03
   2   4   3   2.16840434497E-19
   3   4   3  -9.28112500000E-05
   4   4   3   2.65015000000E-04
   1   1   4   0.00000000000E+00
   2   1   4   1.72089987500E-02
   3   1   4   2.65015000000E-04
   4   1   4  -2.49348750000E-03
   1   2   4  -2.16840434497E-19
   2   2   4   0.00000000000E+00
   3   2   4   0.00000000000E+00
   4   2   4   0.00000000000E+00
   1   3   4  -2.65015000000E-04
   2   3   4   9.28112500000E-05
   3   3   4   0.00000000000E+00
   4   3   4  -2.49348750000E-03
   1   4   4  -2.65015000000E-04
   2   4   4   0.00000000000E+00
   3   4   4   2.65015000000E-04
   4   4   4   0.00000000000E+00
   3   3   1   1
   1   1   1   7.49506832812E-02
   2   1   1  -1.17374029688E-02
   3   1   1  -3.73784218750E-04
   4   1   1  -1.17374029688E-02
   1   2   1  -1.17374029688E-02
   2   2   1  -1.57032796875E-03
   3   2   1  -3.51076093750E-04
   4   2   1   8.30019015625E-03
   1   3   1  -3.73784218750E-04
   2   3   1  -3.51076093750E-04
   3   3   1  -2.89389546875E-03
   4   3   1  -3.51076093750E-04
   1   4   1  -1.17374029688E-02
   2   4   1   8.30019015625E-03
   3   4   1  -3.51076093750E-04
   4   4   1  -1.57032796875E-03
   1   1   2   8.30019015625E-03
   2   1   2  -3.51076093750E-04
   3   1   2  -1.57032796875E-03
   4   1   2  -1.17374029688E-02
   1   2   2  -3.51076093750E-04
   2   2   2   3.21606890625E-03
   3   2   2  -3.51076093750E-04
   4   2   2   6.30393906250E-04
   1   3   2  -1.57032796875E-03
   2   3   2  -3.51076093750E-04
   3   3   2  -7.54589843750E-04
   4   3   2   2.13655453125E-03
   1   4   2  -1.17374029688E-02
   2   4   2   6.30393906250E-04
   3   4   2   2.13655453125E-03
   4   4   2  -5.12513734375E-03
   1   1   3  -2.89389546875E-03
   2   1   3  -3.51076093750E-04
   3   1   3  -3.73784218750E-04
   4   1   3  -3.51076093750E-04
   1   2   3  -3.51076093750E-04
   2   2   3  -1.57032796875E-03
   3   2   3   2.13655453125E-03
   4   2   3  -7.54589843750E-04
   1   3   3  -3.73784218750E-04
   2   3   3   2.13655453125E-03
   3   3   3   7.85913281250E-04
   4   3   3   2.13655453125E-03
   1   4   3  -3.51076093750E-04
   2   4   3  -7.54589843750E-04
   3   4   3   2.13655453125E-03
   4   4   3  -1.57032796875E-03
   1   1   4   8.30019015625E-03
   2   1   4  -1.17374029688E-02
   3   1   4  -1.57032796875E-03
   4   1   4  -3.51076093750E-04
   1   2   4  -1.17374029688E-02
   2   2   4  -5.12513734375E-03
   3   2   4   2.13655453125E-03
   4   2   4   6.30393906250E-04
   1   3   4  -1.57032796875E-03
   2   3   4   2.13655453125E-03
   3   3   4  -7.54589843750E-04
   4   3   4  -3.51076093750E-04
   1   4   4  -3.51076093750E-04
   2   4   4   6.30393906250E-04
   3   4   4  -3.51076093750E-04
   4   4   4   3.21606890625E-03
