  5.000000000000000E-002  0.609412669368522        2.58958404862547     
   4   4   4
   1   1   1   1
   1   1   1   7.69906385937E-02
   2   1   1  -1.18827729688E-02
   3   1   1  -6.41349531250E-04
   4   1   1  -1.18827729688E-02
   1   2   1   8.52661796875E-03
   2   2   1  -1.90272343750E-04
   3   2   1  -1.69889203125E-03
   4   2   1  -1.18827729688E-02
   1   3   1  -2.78655265625E-03
   2   3   1  -1.90272343750E-04
   3   3   1  -6.41349531250E-04
   4   3   1  -1.90272343750E-04
   1   4   1   8.52661796875E-03
   2   4   1  -1.18827729688E-02
   3   4   1  -1.69889203125E-03
   4   4   1  -1.90272343750E-04
   1   1   2  -1.18827729688E-02
   2   1   2  -1.69889203125E-03
   3   1   2  -1.90272343750E-04
   4   1   2   8.52661796875E-03
   1   2   2  -1.90272343750E-04
   2   2   2   2.29091796875E-03
   3   2   2  -1.90272343750E-04
   4   2   2   6.96634843750E-04
   1   3   2  -1.90272343750E-04
   2   3   2  -1.69889203125E-03
   3   3   2   1.87543828125E-03
   4   3   2  -5.17200781250E-04
   1   4   2  -1.18827729688E-02
   2   4   2  -4.68072953125E-03
   3   4   2   1.87543828125E-03
   4   4   2   6.96634843750E-04
   1   1   3  -6.41349531250E-04
   2   1   3  -1.90272343750E-04
   3   1   3  -2.78655265625E-03
   4   1   3  -1.90272343750E-04
   1   2   3  -1.69889203125E-03
   2   2   3  -1.90272343750E-04
   3   2   3  -5.17200781250E-04
   4   2   3   1.87543828125E-03
   1   3   3  -6.41349531250E-04
   2   3   3   1.87543828125E-03
   3   3   3   7.86841093750E-04
   4   3   3   1.87543828125E-03
   1   4   3  -1.69889203125E-03
   2   4   3   1.87543828125E-03
   3   4   3  -5.17200781250E-04
   4   4   3  -1.90272343750E-04
   1   1   4  -1.18827729688E-02
   2   1   4   8.52661796875E-03
   3   1   4  -1.90272343750E-04
   4   1   4  -1.69889203125E-03
   1   2   4  -1.18827729688E-02
   2   2   4   6.96634843750E-04
   3   2   4   1.87543828125E-03
   4   2   4  -4.68072953125E-03
   1   3   4  -1.90272343750E-04
   2   3   4  -5.17200781250E-04
   3   3   4   1.87543828125E-03
   4   3   4  -1.69889203125E-03
   1   4   4  -1.90272343750E-04
   2   4   4   6.96634843750E-04
   3   4   4  -1.90272343750E-04
   4   4   4   2.29091796875E-03
   1   2   1   1
   1   1   1   2.16840434497E-19
   2   1   1   1.08420217249E-19
   3   1   1   2.16840434497E-19
   4   1   1   1.08420217249E-19
   1   2   1   1.08420217249E-19
   2   2   1   2.33504875000E-03
   3   2   1  -3.12912500000E-04
   4   2   1  -1.75095987500E-02
   1   3   1   0.00000000000E+00
   2   3   1  -3.12912500000E-04
   3   3   1   3.17742000000E-03
   4   3   1  -3.12912500000E-04
   1   4   1   1.08420217249E-19
   2   4   1  -1.75095987500E-02
   3   4   1  -3.12912500000E-04
   4   4   1   2.33504875000E-03
   1   1   2   1.75095987500E-02
   2   1   2   3.12912500000E-04
   3   1   2  -2.33504875000E-03
   4   1   2   1.08420217249E-19
   1   2   2   3.12912500000E-04
   2   2   2   0.00000000000E+00
   3   2   2  -3.12912500000E-04
   4   2   2   0.00000000000E+00
   1   3   2  -2.33504875000E-03
   2   3   2  -3.12912500000E-04
   3   3   2  -1.81646250000E-04
   4   3   2  -1.08420217249E-19
   1   4   2   1.08420217249E-19
   2   4   2   0.00000000000E+00
   3   4   2   0.00000000000E+00
   4   4   2   0.00000000000E+00
   1   1   3  -3.17742000000E-03
   2   1   3   3.12912500000E-04
   3   1   3   2.16840434497E-19
   4   1   3   3.12912500000E-04
   1   2   3   3.12912500000E-04
   2   2   3   2.33504875000E-03
   3   2   3   0.00000000000E+00
   4   2   3   1.81646250000E-04
   1   3   3   0.00000000000E+00
   2   3   3  -1.08420217249E-19
   3   3   3  -2.16840434497E-19
   4   3   3  -1.08420217249E-19
   1   4   3   3.12912500000E-04
   2   4   3   1.81646250000E-04
   3   4   3   0.00000000000E+00
   4   4   3   2.33504875000E-03
   1   1   4   1.75095987500E-02
   2   1   4   1.08420217249E-19
   3   1   4  -2.33504875000E-03
   4   1   4   3.12912500000E-04
   1   2   4   1.08420217249E-19
   2   2   4   0.00000000000E+00
   3   2   4   0.00000000000E+00
   4   2   4   0.00000000000E+00
   1   3   4  -2.33504875000E-03
   2   3   4  -1.08420217249E-19
   3   3   4  -1.81646250000E-04
   4   3   4  -3.12912500000E-04
   1   4   4   3.12912500000E-04
   2   4   4   0.00000000000E+00
   3   4   4  -3.12912500000E-04
   4   4   4   0.00000000000E+00
   1   3   1   1
   1   1   1   0.00000000000E+00
   2   1   1   1.75095987500E-02
   3   1   1  -3.17742000000E-03
   4   1   1   1.75095987500E-02
   1   2   1  -3.25260651746E-19
   2   2   1   3.12912500000E-04
   3   2   1   3.12912500000E-04
   4   2   1  -1.08420217249E-19
   1   3   1   4.33680868994E-19
   2   3   1  -2.33504875000E-03
   3   3   1  -1.08420217249E-19
   4   3   1  -2.33504875000E-03
   1   4   1  -3.25260651746E-19
   2   4   1  -1.08420217249E-19
   3   4   1   3.12912500000E-04
   4   4   1   3.12912500000E-04
   1   1   2  -1.08420217249E-19
   2   1   2   3.12912500000E-04
   3   1   2   3.12912500000E-04
   4   1   2  -1.08420217249E-19
   1   2   2   2.33504875000E-03
   2   2   2   0.00000000000E+00
   3   2   2   2.33504875000E-03
   4   2   2   0.00000000000E+00
   1   3   2  -3.12912500000E-04
   2   3   2  -3.12912500000E-04
   3   3   2   0.00000000000E+00
   4   3   2   1.08420217249E-19
   1   4   2  -1.75095987500E-02
   2   4   2   0.00000000000E+00
   3   4   2   1.81646250000E-04
   4   4   2   0.00000000000E+00
   1   1   3   2.16840434497E-19
   2   1   3  -2.33504875000E-03
   3   1   3  -2.16840434497E-19
   4   1   3  -2.33504875000E-03
   1   2   3  -3.12912500000E-04
   2   2   3  -3.12912500000E-04
   3   2   3   0.00000000000E+00
   4   2   3   1.08420217249E-19
   1   3   3   3.17742000000E-03
   2   3   3  -1.81646250000E-04
   3   3   3   1.08420217249E-19
   4   3   3  -1.81646250000E-04
   1   4   3  -3.12912500000E-04
   2   4   3   1.08420217249E-19
   3   4   3   0.00000000000E+00
   4   4   3  -3.12912500000E-04
   1   1   4  -1.08420217249E-19
   2   1   4  -1.08420217249E-19
   3   1   4   3.12912500000E-04
   4   1   4   3.12912500000E-04
   1   2   4  -1.75095987500E-02
   2   2   4   0.00000000000E+00
   3   2   4   1.81646250000E-04
   4   2   4   0.00000000000E+00
   1   3   4  -3.12912500000E-04
   2   3   4   1.08420217249E-19
   3   3   4   0.00000000000E+00
   4   3   4  -3.12912500000E-04
   1   4   4   2.33504875000E-03
   2   4   4   0.00000000000E+00
   3   4   4   2.33504875000E-03
   4   4   4   0.00000000000E+00
   2   1   1   1
   1   1   1   2.16840434497E-19
   2   1   1   1.08420217249E-19
   3   1   1   2.16840434497E-19
   4   1   1   1.08420217249E-19
   1   2   1   1.08420217249E-19
   2   2   1   2.33504875000E-03
   3   2   1  -3.12912500000E-04
   4   2   1  -1.75095987500E-02
   1   3   1   0.00000000000E+00
   2   3   1  -3.12912500000E-04
   3   3   1   3.17742000000E-03
   4   3   1  -3.12912500000E-04
   1   4   1   1.08420217249E-19
   2   4   1  -1.75095987500E-02
   3   4   1  -3.12912500000E-04
   4   4   1   2.33504875000E-03
   1   1   2   1.75095987500E-02
   2   1   2   3.12912500000E-04
   3   1   2  -2.33504875000E-03
   4   1   2   1.08420217249E-19
   1   2   2   3.12912500000E-04
   2   2   2   0.00000000000E+00
   3   2   2  -3.12912500000E-04
   4   2   2   0.00000000000E+00
   1   3   2  -2.33504875000E-03
   2   3   2  -3.12912500000E-04
   3   3   2  -1.81646250000E-04
   4   3   2  -1.08420217249E-19
   1   4   2   1.08420217249E-19
   2   4   2   0.00000000000E+00
   3   4   2   0.00000000000E+00
   4   4   2   0.00000000000E+00
   1   1   3  -3.17742000000E-03
   2   1   3   3.12912500000E-04
   3   1   3   2.16840434497E-19
   4   1   3   3.12912500000E-04
   1   2   3   3.12912500000E-04
   2   2   3   2.33504875000E-03
   3   2   3   0.00000000000E+00
   4   2   3   1.81646250000E-04
   1   3   3   0.00000000000E+00
   2   3   3  -1.08420217249E-19
   3   3   3  -2.16840434497E-19
   4   3   3  -1.08420217249E-19
   1   4   3   3.12912500000E-04
   2   4   3   1.81646250000E-04
   3   4   3   0.00000000000E+00
   4   4   3   2.33504875000E-03
   1   1   4   1.75095987500E-02
   2   1   4   1.08420217249E-19
   3   1   4  -2.33504875000E-03
   4   1   4   3.12912500000E-04
   1   2   4   1.08420217249E-19
   2   2   4   0.00000000000E+00
   3   2   4   0.00000000000E+00
   4   2   4   0.00000000000E+00
   1   3   4  -2.33504875000E-03
   2   3   4  -1.08420217249E-19
   3   3   4  -1.81646250000E-04
   4   3   4  -3.12912500000E-04
   1   4   4   3.12912500000E-04
   2   4   4   0.00000000000E+00
   3   4   4  -3.12912500000E-04
   4   4   4   0.00000000000E+00
   2   2   1   1
   1   1   1   7.69906385937E-02
   2   1   1   8.52661796875E-03
   3   1   1  -2.78655265625E-03
   4   1   1   8.52661796875E-03
   1   2   1  -1.18827729688E-02
   2   2   1  -1.90272343750E-04
   3   2   1  -1.90272343750E-04
   4   2   1  -1.18827729688E-02
   1   3   1  -6.41349531250E-04
   2   3   1  -1.69889203125E-03
   3   3   1  -6.41349531250E-04
   4   3   1  -1.69889203125E-03
   1   4   1  -1.18827729688E-02
   2   4   1  -1.18827729688E-02
   3   4   1  -1.90272343750E-04
   4   4   1  -1.90272343750E-04
   1   1   2  -1.18827729688E-02
   2   1   2  -1.90272343750E-04
   3   1   2  -1.90272343750E-04
   4   1   2  -1.18827729688E-02
   1   2   2  -1.69889203125E-03
   2   2   2   2.29091796875E-03
   3   2   2  -1.69889203125E-03
   4   2   2  -4.68072953125E-03
   1   3   2  -1.90272343750E-04
   2   3   2  -1.90272343750E-04
   3   3   2   1.87543828125E-03
   4   3   2   1.87543828125E-03
   1   4   2   8.52661796875E-03
   2   4   2   6.96634843750E-04
   3   4   2  -5.17200781250E-04
   4   4   2   6.96634843750E-04
   1   1   3  -6.41349531250E-04
   2   1   3  -1.69889203125E-03
   3   1   3  -6.41349531250E-04
   4   1   3  -1.69889203125E-03
   1   2   3  -1.90272343750E-04
   2   2   3  -1.90272343750E-04
   3   2   3   1.87543828125E-03
   4   2   3   1.87543828125E-03
   1   3   3  -2.78655265625E-03
   2   3   3  -5.17200781250E-04
   3   3   3   7.86841093750E-04
   4   3   3  -5.17200781250E-04
   1   4   3  -1.90272343750E-04
   2   4   3   1.87543828125E-03
   3   4   3   1.87543828125E-03
   4   4   3  -1.90272343750E-04
   1   1   4  -1.18827729688E-02
   2   1   4  -1.18827729688E-02
   3   1   4  -1.90272343750E-04
   4   1   4  -1.90272343750E-04
   1   2   4   8.52661796875E-03
   2   2   4   6.96634843750E-04
   3   2   4  -5.17200781250E-04
   4   2   4   6.96634843750E-04
   1   3   4  -1.90272343750E-04
   2   3   4   1.87543828125E-03
   3   3   4   1.87543828125E-03
   4   3   4  -1.90272343750E-04
   1   4   4  -1.69889203125E-03
   2   4   4  -4.68072953125E-03
   3   4   4  -1.69889203125E-03
   4   4   4   2.29091796875E-03
   2   3   1   1
   1   1   1   0.00000000000E+00
   2   1   1  -1.08420217249E-19
   3   1   1  -2.16840434497E-19
   4   1   1  -1.08420217249E-19
   1   2   1  -1.75095987500E-02
   2   2   1  -3.12912500000E-04
   3   2   1   2.33504875000E-03
   4   2   1  -1.08420217249E-19
   1   3   1   3.17742000000E-03
   2   3   1  -3.12912500000E-04
   3   3   1  -1.08420217249E-19
   4   3   1  -3.12912500000E-04
   1   4   1  -1.75095987500E-02
   2   4   1  -1.08420217249E-19
   3   4   1   2.33504875000E-03
   4   4   1  -3.12912500000E-04
   1   1   2  -1.08420217249E-19
   2   1   2  -2.33504875000E-03
   3   1   2   3.12912500000E-04
   4   1   2   1.75095987500E-02
   1   2   2  -3.12912500000E-04
   2   2   2   0.00000000000E+00
   3   2   2   3.12912500000E-04
   4   2   2   0.00000000000E+00
   1   3   2  -3.12912500000E-04
   2   3   2  -2.33504875000E-03
   3   3   2   0.00000000000E+00
   4   3   2  -1.81646250000E-04
   1   4   2  -3.25260651746E-19
   2   4   2   0.00000000000E+00
   3   4   2   0.00000000000E+00
   4   4   2   0.00000000000E+00
   1   1   3   2.16840434497E-19
   2   1   3   3.12912500000E-04
   3   1   3  -3.17742000000E-03
   4   1   3   3.12912500000E-04
   1   2   3   2.33504875000E-03
   2   2   3   3.12912500000E-04
   3   2   3   1.81646250000E-04
   4   2   3   1.08420217249E-19
   1   3   3   4.33680868994E-19
   2   3   3   1.08420217249E-19
   3   3   3   1.08420217249E-19
   4   3   3   1.08420217249E-19
   1   4   3   2.33504875000E-03
   2   4   3   1.08420217249E-19
   3   4   3   1.81646250000E-04
   4   4   3   3.12912500000E-04
   1   1   4  -1.08420217249E-19
   2   1   4   1.75095987500E-02
   3   1   4   3.12912500000E-04
   4   1   4  -2.33504875000E-03
   1   2   4  -3.25260651746E-19
   2   2   4   0.00000000000E+00
   3   2   4   0.00000000000E+00
   4   2   4   0.00000000000E+00
   1   3   4  -3.12912500000E-04
   2   3   4  -1.81646250000E-04
   3   3   4   0.00000000000E+00
   4   3   4  -2.33504875000E-03
   1   4   4  -3.12912500000E-04
   2   4   4   0.00000000000E+00
   3   4   4   3.12912500000E-04
   4   4   4   0.00000000000E+00
   3   1   1   1
   1   1   1   0.00000000000E+00
   2   1   1   1.75095987500E-02
   3   1   1  -3.17742000000E-03
   4   1   1   1.75095987500E-02
   1   2   1  -3.25260651746E-19
   2   2   1   3.12912500000E-04
   3   2   1   3.12912500000E-04
   4   2   1  -1.08420217249E-19
   1   3   1   4.33680868994E-19
   2   3   1  -2.33504875000E-03
   3   3   1  -1.08420217249E-19
   4   3   1  -2.33504875000E-03
   1   4   1  -3.25260651746E-19
   2   4   1  -1.08420217249E-19
   3   4   1   3.12912500000E-04
   4   4   1   3.12912500000E-04
   1   1   2  -1.08420217249E-19
   2   1   2   3.12912500000E-04
   3   1   2   3.12912500000E-04
   4   1   2  -1.08420217249E-19
   1   2   2   2.33504875000E-03
   2   2   2   0.00000000000E+00
   3   2   2   2.33504875000E-03
   4   2   2   0.00000000000E+00
   1   3   2  -3.12912500000E-04
   2   3   2  -3.12912500000E-04
   3   3   2   0.00000000000E+00
   4   3   2   1.08420217249E-19
   1   4   2  -1.75095987500E-02
   2   4   2   0.00000000000E+00
   3   4   2   1.81646250000E-04
   4   4   2   0.00000000000E+00
   1   1   3   2.16840434497E-19
   2   1   3  -2.33504875000E-03
   3   1   3  -2.16840434497E-19
   4   1   3  -2.33504875000E-03
   1   2   3  -3.12912500000E-04
   2   2   3  -3.12912500000E-04
   3   2   3   0.00000000000E+00
   4   2   3   1.08420217249E-19
   1   3   3   3.17742000000E-03
   2   3   3  -1.81646250000E-04
   3   3   3   1.08420217249E-19
   4   3   3  -1.81646250000E-04
   1   4   3  -3.12912500000E-04
   2   4   3   1.08420217249E-19
   3   4   3   0.00000000000E+00
   4   4   3  -3.12912500000E-04
   1   1   4  -1.08420217249E-19
   2   1   4  -1.08420217249E-19
   3   1   4   3.12912500000E-04
   4   1   4   3.12912500000E-04
   1   2   4  -1.75095987500E-02
   2   2   4   0.00000000000E+00
   3   2   4   1.81646250000E-04
   4   2   4   0.00000000000E+00
   1   3   4  -3.12912500000E-04
   2   3   4   1.08420217249E-19
   3   3   4   0.00000000000E+00
   4   3   4  -3.12912500000E-04
   1   4   4   2.33504875000E-03
   2   4   4   0.00000000000E+00
   3   4   4   2.33504875000E-03
   4   4   4   0.00000000000E+00
   3   2   1   1
   1   1   1   0.00000000000E+00
   2   1   1  -1.08420217249E-19
   3   1   1  -2.16840434497E-19
   4   1   1  -1.08420217249E-19
   1   2   1  -1.75095987500E-02
   2   2   1  -3.12912500000E-04
   3   2   1   2.33504875000E-03
   4   2   1  -1.08420217249E-19
   1   3   1   3.17742000000E-03
   2   3   1  -3.12912500000E-04
   3   3   1  -1.08420217249E-19
   4   3   1  -3.12912500000E-04
   1   4   1  -1.75095987500E-02
   2   4   1  -1.08420217249E-19
   3   4   1   2.33504875000E-03
   4   4   1  -3.12912500000E-04
   1   1   2  -1.08420217249E-19
   2   1   2  -2.33504875000E-03
   3   1   2   3.12912500000E-04
   4   1   2   1.75095987500E-02
   1   2   2  -3.12912500000E-04
   2   2   2   0.00000000000E+00
   3   2   2   3.12912500000E-04
   4   2   2   0.00000000000E+00
   1   3   2  -3.12912500000E-04
   2   3   2  -2.33504875000E-03
   3   3   2   0.00000000000E+00
   4   3   2  -1.81646250000E-04
   1   4   2  -3.25260651746E-19
   2   4   2   0.00000000000E+00
   3   4   2   0.00000000000E+00
   4   4   2   0.00000000000E+00
   1   1   3   2.16840434497E-19
   2   1   3   3.12912500000E-04
   3   1   3  -3.17742000000E-03
   4   1   3   3.12912500000E-04
   1   2   3   2.33504875000E-03
   2   2   3   3.12912500000E-04
   3   2   3   1.81646250000E-04
   4   2   3   1.08420217249E-19
   1   3   3   4.33680868994E-19
   2   3   3   1.08420217249E-19
   3   3   3   1.08420217249E-19
   4   3   3   1.08420217249E-19
   1   4   3   2.33504875000E-03
   2   4   3   1.08420217249E-19
   3   4   3   1.81646250000E-04
   4   4   3   3.12912500000E-04
   1   1   4  -1.08420217249E-19
   2   1   4   1.75095987500E-02
   3   1   4   3.12912500000E-04
   4   1   4  -2.33504875000E-03
   1   2   4  -3.25260651746E-19
   2   2   4   0.00000000000E+00
   3   2   4   0.00000000000E+00
   4   2   4   0.00000000000E+00
   1   3   4  -3.12912500000E-04
   2   3   4  -1.81646250000E-04
   3   3   4   0.00000000000E+00
   4   3   4  -2.33504875000E-03
   1   4   4  -3.12912500000E-04
   2   4   4   0.00000000000E+00
   3   4   4   3.12912500000E-04
   4   4   4   0.00000000000E+00
   3   3   1   1
   1   1   1   7.69906385937E-02
   2   1   1  -1.18827729688E-02
   3   1   1  -6.41349531250E-04
   4   1   1  -1.18827729688E-02
   1   2   1  -1.18827729688E-02
   2   2   1  -1.69889203125E-03
   3   2   1  -1.90272343750E-04
   4   2   1   8.52661796875E-03
   1   3   1  -6.41349531250E-04
   2   3   1  -1.90272343750E-04
   3   3   1  -2.78655265625E-03
   4   3   1  -1.90272343750E-04
   1   4   1  -1.18827729688E-02
   2   4   1   8.52661796875E-03
   3   4   1  -1.90272343750E-04
   4   4   1  -1.69889203125E-03
   1   1   2   8.52661796875E-03
   2   1   2  -1.90272343750E-04
   3   1   2  -1.69889203125E-03
   4   1   2  -1.18827729688E-02
   1   2   2  -1.90272343750E-04
   2   2   2   2.29091796875E-03
   3   2   2  -1.90272343750E-04
   4   2   2   6.96634843750E-04
   1   3   2  -1.69889203125E-03
   2   3   2  -1.90272343750E-04
   3   3   2  -5.17200781250E-04
   4   3   2   1.87543828125E-03
   1   4   2  -1.18827729688E-02
   2   4   2   6.96634843750E-04
   3   4   2   1.87543828125E-03
   4   4   2  -4.68072953125E-03
   1   1   3  -2.78655265625E-03
   2   1   3  -1.90272343750E-04
   3   1   3  -6.41349531250E-04
   4   1   3  -1.90272343750E-04
   1   2   3  -1.90272343750E-04
   2   2   3  -1.69889203125E-03
   3   2   3   1.87543828125E-03
   4   2   3  -5.17200781250E-04
   1   3   3  -6.41349531250E-04
   2   3   3   1.87543828125E-03
   3   3   3   7.86841093750E-04
   4   3   3   1.87543828125E-03
   1   4   3  -1.90272343750E-04
   2   4   3  -5.17200781250E-04
   3   4   3   1.87543828125E-03
   4   4   3  -1.69889203125E-03
   1   1   4   8.52661796875E-03
   2   1   4  -1.18827729688E-02
   3   1   4  -1.69889203125E-03
   4   1   4  -1.90272343750E-04
   1   2   4  -1.18827729688E-02
   2   2   4  -4.68072953125E-03
   3   2   4   1.87543828125E-03
   4   2   4   6.96634843750E-04
   1   3   4  -1.69889203125E-03
   2   3   4   1.87543828125E-03
   3   3   4  -5.17200781250E-04
   4   3   4  -1.90272343750E-04
   1   4   4  -1.90272343750E-04
   2   4   4   6.96634843750E-04
   3   4   4  -1.90272343750E-04
   4   4   4   2.29091796875E-03
