  4.000000000000000E-002  0.610030253915480        2.50787862102214     
   4   4   4
   1   1   1   1
   1   1   1   7.28856846875E-02
   2   1   1  -1.16742396875E-02
   3   1   1  -1.76078125000E-05
   4   1   1  -1.16742396875E-02
   1   2   1   8.13514718750E-03
   2   2   1  -5.52663437500E-04
   3   2   1  -1.35656406250E-03
   4   2   1  -1.16742396875E-02
   1   3   1  -3.08195281250E-03
   2   3   1  -5.52663437500E-04
   3   3   1  -1.76078125000E-05
   4   3   1  -5.52663437500E-04
   1   4   1   8.13514718750E-03
   2   4   1  -1.16742396875E-02
   3   4   1  -1.35656406250E-03
   4   4   1  -5.52663437500E-04
   1   1   2  -1.16742396875E-02
   2   1   2  -1.35656406250E-03
   3   1   2  -5.52663437500E-04
   4   1   2   8.13514718750E-03
   1   2   2  -5.52663437500E-04
   2   2   2   4.37283843750E-03
   3   2   2  -5.52663437500E-04
   4   2   2   6.02943437500E-04
   1   3   2  -5.52663437500E-04
   2   3   2  -1.35656406250E-03
   3   3   2   2.44788781250E-03
   4   3   2  -1.13869781250E-03
   1   4   2  -1.16742396875E-02
   2   4   2  -5.60375906250E-03
   3   4   2   2.44788781250E-03
   4   4   2   6.02943437500E-04
   1   1   3  -1.76078125000E-05
   2   1   3  -5.52663437500E-04
   3   1   3  -3.08195281250E-03
   4   1   3  -5.52663437500E-04
   1   2   3  -1.35656406250E-03
   2   2   3  -5.52663437500E-04
   3   2   3  -1.13869781250E-03
   4   2   3   2.44788781250E-03
   1   3   3  -1.76078125000E-05
   2   3   3   2.44788781250E-03
   3   3   3   6.81504687500E-04
   4   3   3   2.44788781250E-03
   1   4   3  -1.35656406250E-03
   2   4   3   2.44788781250E-03
   3   4   3  -1.13869781250E-03
   4   4   3  -5.52663437500E-04
   1   1   4  -1.16742396875E-02
   2   1   4   8.13514718750E-03
   3   1   4  -5.52663437500E-04
   4   1   4  -1.35656406250E-03
   1   2   4  -1.16742396875E-02
   2   2   4   6.02943437500E-04
   3   2   4   2.44788781250E-03
   4   2   4  -5.60375906250E-03
   1   3   4  -5.52663437500E-04
   2   3   4  -1.13869781250E-03
   3   3   4   2.44788781250E-03
   4   3   4  -1.35656406250E-03
   1   4   4  -5.52663437500E-04
   2   4   4   6.02943437500E-04
   3   4   4  -5.52663437500E-04
   4   4   4   4.37283843750E-03
   1   2   1   1
   1   1   1  -8.67361737988E-19
   2   1   1   2.16840434497E-19
   3   1   1   0.00000000000E+00
   4   1   1   2.16840434497E-19
   1   2   1   0.00000000000E+00
   2   2   1   2.70640000000E-03
   3   2   1  -2.33033125000E-04
   4   2   1  -1.69030431250E-02
   1   3   1  -8.67361737988E-19
   2   3   1  -2.33033125000E-04
   3   3   1   3.52823375000E-03
   4   3   1  -2.33033125000E-04
   1   4   1   0.00000000000E+00
   2   4   1  -1.69030431250E-02
   3   4   1  -2.33033125000E-04
   4   4   1   2.70640000000E-03
   1   1   2   1.69030431250E-02
   2   1   2   2.33033125000E-04
   3   1   2  -2.70640000000E-03
   4   1   2   2.16840434497E-19
   1   2   2   2.33033125000E-04
   2   2   2   0.00000000000E+00
   3   2   2  -2.33033125000E-04
   4   2   2   0.00000000000E+00
   1   3   2  -2.70640000000E-03
   2   3   2  -2.33033125000E-04
   3   3   2   4.02531875000E-04
   4   3   2  -2.16840434497E-19
   1   4   2   0.00000000000E+00
   2   4   2   0.00000000000E+00
   3   4   2   0.00000000000E+00
   4   4   2   0.00000000000E+00
   1   1   3  -3.52823375000E-03
   2   1   3   2.33033125000E-04
   3   1   3   0.00000000000E+00
   4   1   3   2.33033125000E-04
   1   2   3   2.33033125000E-04
   2   2   3   2.70640000000E-03
   3   2   3   0.00000000000E+00
   4   2   3  -4.02531875000E-04
   1   3   3  -8.67361737988E-19
   2   3   3  -2.16840434497E-19
   3   3   3   0.00000000000E+00
   4   3   3  -2.16840434497E-19
   1   4   3   2.33033125000E-04
   2   4   3  -4.02531875000E-04
   3   4   3   0.00000000000E+00
   4   4   3   2.70640000000E-03
   1   1   4   1.69030431250E-02
   2   1   4   2.16840434497E-19
   3   1   4  -2.70640000000E-03
   4   1   4   2.33033125000E-04
   1   2   4   0.00000000000E+00
   2   2   4   0.00000000000E+00
   3   2   4   0.00000000000E+00
   4   2   4   0.00000000000E+00
   1   3   4  -2.70640000000E-03
   2   3   4  -2.16840434497E-19
   3   3   4   4.02531875000E-04
   4   3   4  -2.33033125000E-04
   1   4   4   2.33033125000E-04
   2   4   4   0.00000000000E+00
   3   4   4  -2.33033125000E-04
   4   4   4   0.00000000000E+00
   1   3   1   1
   1   1   1  -2.16840434497E-19
   2   1   1   1.69030431250E-02
   3   1   1  -3.52823375000E-03
   4   1   1   1.69030431250E-02
   1   2   1   2.16840434497E-19
   2   2   1   2.33033125000E-04
   3   2   1   2.33033125000E-04
   4   2   1  -2.16840434497E-19
   1   3   1   8.67361737988E-19
   2   3   1  -2.70640000000E-03
   3   3   1   0.00000000000E+00
   4   3   1  -2.70640000000E-03
   1   4   1   2.16840434497E-19
   2   4   1  -2.16840434497E-19
   3   4   1   2.33033125000E-04
   4   4   1   2.33033125000E-04
   1   1   2   0.00000000000E+00
   2   1   2   2.33033125000E-04
   3   1   2   2.33033125000E-04
   4   1   2  -6.50521303491E-19
   1   2   2   2.70640000000E-03
   2   2   2   0.00000000000E+00
   3   2   2   2.70640000000E-03
   4   2   2   0.00000000000E+00
   1   3   2  -2.33033125000E-04
   2   3   2  -2.33033125000E-04
   3   3   2   0.00000000000E+00
   4   3   2   2.16840434497E-19
   1   4   2  -1.69030431250E-02
   2   4   2   0.00000000000E+00
   3   4   2  -4.02531875000E-04
   4   4   2   0.00000000000E+00
   1   1   3   6.50521303491E-19
   2   1   3  -2.70640000000E-03
   3   1   3   0.00000000000E+00
   4   1   3  -2.70640000000E-03
   1   2   3  -2.33033125000E-04
   2   2   3  -2.33033125000E-04
   3   2   3   0.00000000000E+00
   4   2   3   2.16840434497E-19
   1   3   3   3.52823375000E-03
   2   3   3   4.02531875000E-04
   3   3   3   0.00000000000E+00
   4   3   3   4.02531875000E-04
   1   4   3  -2.33033125000E-04
   2   4   3   2.16840434497E-19
   3   4   3   0.00000000000E+00
   4   4   3  -2.33033125000E-04
   1   1   4   0.00000000000E+00
   2   1   4  -6.50521303491E-19
   3   1   4   2.33033125000E-04
   4   1   4   2.33033125000E-04
   1   2   4  -1.69030431250E-02
   2   2   4   0.00000000000E+00
   3   2   4  -4.02531875000E-04
   4   2   4   0.00000000000E+00
   1   3   4  -2.33033125000E-04
   2   3   4   2.16840434497E-19
   3   3   4   0.00000000000E+00
   4   3   4  -2.33033125000E-04
   1   4   4   2.70640000000E-03
   2   4   4   0.00000000000E+00
   3   4   4   2.70640000000E-03
   4   4   4   0.00000000000E+00
   2   1   1   1
   1   1   1  -8.67361737988E-19
   2   1   1   2.16840434497E-19
   3   1   1   0.00000000000E+00
   4   1   1   2.16840434497E-19
   1   2   1   0.00000000000E+00
   2   2   1   2.70640000000E-03
   3   2   1  -2.33033125000E-04
   4   2   1  -1.69030431250E-02
   1   3   1  -8.67361737988E-19
   2   3   1  -2.33033125000E-04
   3   3   1   3.52823375000E-03
   4   3   1  -2.33033125000E-04
   1   4   1   0.00000000000E+00
   2   4   1  -1.69030431250E-02
   3   4   1  -2.33033125000E-04
   4   4   1   2.70640000000E-03
   1   1   2   1.69030431250E-02
   2   1   2   2.33033125000E-04
   3   1   2  -2.70640000000E-03
   4   1   2   2.16840434497E-19
   1   2   2   2.33033125000E-04
   2   2   2   0.00000000000E+00
   3   2   2  -2.33033125000E-04
   4   2   2   0.00000000000E+00
   1   3   2  -2.70640000000E-03
   2   3   2  -2.33033125000E-04
   3   3   2   4.02531875000E-04
   4   3   2  -2.16840434497E-19
   1   4   2   0.00000000000E+00
   2   4   2   0.00000000000E+00
   3   4   2   0.00000000000E+00
   4   4   2   0.00000000000E+00
   1   1   3  -3.52823375000E-03
   2   1   3   2.33033125000E-04
   3   1   3   0.00000000000E+00
   4   1   3   2.33033125000E-04
   1   2   3   2.33033125000E-04
   2   2   3   2.70640000000E-03
   3   2   3   0.00000000000E+00
   4   2   3  -4.02531875000E-04
   1   3   3  -8.67361737988E-19
   2   3   3  -2.16840434497E-19
   3   3   3   0.00000000000E+00
   4   3   3  -2.16840434497E-19
   1   4   3   2.33033125000E-04
   2   4   3  -4.02531875000E-04
   3   4   3   0.00000000000E+00
   4   4   3   2.70640000000E-03
   1   1   4   1.69030431250E-02
   2   1   4   2.16840434497E-19
   3   1   4  -2.70640000000E-03
   4   1   4   2.33033125000E-04
   1   2   4   0.00000000000E+00
   2   2   4   0.00000000000E+00
   3   2   4   0.00000000000E+00
   4   2   4   0.00000000000E+00
   1   3   4  -2.70640000000E-03
   2   3   4  -2.16840434497E-19
   3   3   4   4.02531875000E-04
   4   3   4  -2.33033125000E-04
   1   4   4   2.33033125000E-04
   2   4   4   0.00000000000E+00
   3   4   4  -2.33033125000E-04
   4   4   4   0.00000000000E+00
   2   2   1   1
   1   1   1   7.28856846875E-02
   2   1   1   8.13514718750E-03
   3   1   1  -3.08195281250E-03
   4   1   1   8.13514718750E-03
   1   2   1  -1.16742396875E-02
   2   2   1  -5.52663437500E-04
   3   2   1  -5.52663437500E-04
   4   2   1  -1.16742396875E-02
   1   3   1  -1.76078125000E-05
   2   3   1  -1.35656406250E-03
   3   3   1  -1.76078125000E-05
   4   3   1  -1.35656406250E-03
   1   4   1  -1.16742396875E-02
   2   4   1  -1.16742396875E-02
   3   4   1  -5.52663437500E-04
   4   4   1  -5.52663437500E-04
   1   1   2  -1.16742396875E-02
   2   1   2  -5.52663437500E-04
   3   1   2  -5.52663437500E-04
   4   1   2  -1.16742396875E-02
   1   2   2  -1.35656406250E-03
   2   2   2   4.37283843750E-03
   3   2   2  -1.35656406250E-03
   4   2   2  -5.60375906250E-03
   1   3   2  -5.52663437500E-04
   2   3   2  -5.52663437500E-04
   3   3   2   2.44788781250E-03
   4   3   2   2.44788781250E-03
   1   4   2   8.13514718750E-03
   2   4   2   6.02943437500E-04
   3   4   2  -1.13869781250E-03
   4   4   2   6.02943437500E-04
   1   1   3  -1.76078125000E-05
   2   1   3  -1.35656406250E-03
   3   1   3  -1.76078125000E-05
   4   1   3  -1.35656406250E-03
   1   2   3  -5.52663437500E-04
   2   2   3  -5.52663437500E-04
   3   2   3   2.44788781250E-03
   4   2   3   2.44788781250E-03
   1   3   3  -3.08195281250E-03
   2   3   3  -1.13869781250E-03
   3   3   3   6.81504687500E-04
   4   3   3  -1.13869781250E-03
   1   4   3  -5.52663437500E-04
   2   4   3   2.44788781250E-03
   3   4   3   2.44788781250E-03
   4   4   3  -5.52663437500E-04
   1   1   4  -1.16742396875E-02
   2   1   4  -1.16742396875E-02
   3   1   4  -5.52663437500E-04
   4   1   4  -5.52663437500E-04
   1   2   4   8.13514718750E-03
   2   2   4   6.02943437500E-04
   3   2   4  -1.13869781250E-03
   4   2   4   6.02943437500E-04
   1   3   4  -5.52663437500E-04
   2   3   4   2.44788781250E-03
   3   3   4   2.44788781250E-03
   4   3   4  -5.52663437500E-04
   1   4   4  -1.35656406250E-03
   2   4   4  -5.60375906250E-03
   3   4   4  -1.35656406250E-03
   4   4   4   4.37283843750E-03
   2   3   1   1
   1   1   1  -2.16840434497E-19
   2   1   1  -6.50521303491E-19
   3   1   1   0.00000000000E+00
   4   1   1  -6.50521303491E-19
   1   2   1  -1.69030431250E-02
   2   2   1  -2.33033125000E-04
   3   2   1   2.70640000000E-03
   4   2   1  -2.16840434497E-19
   1   3   1   3.52823375000E-03
   2   3   1  -2.33033125000E-04
   3   3   1   0.00000000000E+00
   4   3   1  -2.33033125000E-04
   1   4   1  -1.69030431250E-02
   2   4   1  -2.16840434497E-19
   3   4   1   2.70640000000E-03
   4   4   1  -2.33033125000E-04
   1   1   2   0.00000000000E+00
   2   1   2  -2.70640000000E-03
   3   1   2   2.33033125000E-04
   4   1   2   1.69030431250E-02
   1   2   2  -2.33033125000E-04
   2   2   2   0.00000000000E+00
   3   2   2   2.33033125000E-04
   4   2   2   0.00000000000E+00
   1   3   2  -2.33033125000E-04
   2   3   2  -2.70640000000E-03
   3   3   2   0.00000000000E+00
   4   3   2   4.02531875000E-04
   1   4   2   2.16840434497E-19
   2   4   2   0.00000000000E+00
   3   4   2   0.00000000000E+00
   4   4   2   0.00000000000E+00
   1   1   3   6.50521303491E-19
   2   1   3   2.33033125000E-04
   3   1   3  -3.52823375000E-03
   4   1   3   2.33033125000E-04
   1   2   3   2.70640000000E-03
   2   2   3   2.33033125000E-04
   3   2   3  -4.02531875000E-04
   4   2   3   2.16840434497E-19
   1   3   3   8.67361737988E-19
   2   3   3   2.16840434497E-19
   3   3   3   0.00000000000E+00
   4   3   3   2.16840434497E-19
   1   4   3   2.70640000000E-03
   2   4   3   2.16840434497E-19
   3   4   3  -4.02531875000E-04
   4   4   3   2.33033125000E-04
   1   1   4   0.00000000000E+00
   2   1   4   1.69030431250E-02
   3   1   4   2.33033125000E-04
   4   1   4  -2.70640000000E-03
   1   2   4   2.16840434497E-19
   2   2   4   0.00000000000E+00
   3   2   4   0.00000000000E+00
   4   2   4   0.00000000000E+00
   1   3   4  -2.33033125000E-04
   2   3   4   4.02531875000E-04
   3   3   4   0.00000000000E+00
   4   3   4  -2.70640000000E-03
   1   4   4  -2.33033125000E-04
   2   4   4   0.00000000000E+00
   3   4   4   2.33033125000E-04
   4   4   4   0.00000000000E+00
   3   1   1   1
   1   1   1  -2.16840434497E-19
   2   1   1   1.69030431250E-02
   3   1   1  -3.52823375000E-03
   4   1   1   1.69030431250E-02
   1   2   1   2.16840434497E-19
   2   2   1   2.33033125000E-04
   3   2   1   2.33033125000E-04
   4   2   1  -2.16840434497E-19
   1   3   1   8.67361737988E-19
   2   3   1  -2.70640000000E-03
   3   3   1   0.00000000000E+00
   4   3   1  -2.70640000000E-03
   1   4   1   2.16840434497E-19
   2   4   1  -2.16840434497E-19
   3   4   1   2.33033125000E-04
   4   4   1   2.33033125000E-04
   1   1   2   0.00000000000E+00
   2   1   2   2.33033125000E-04
   3   1   2   2.33033125000E-04
   4   1   2  -6.50521303491E-19
   1   2   2   2.70640000000E-03
   2   2   2   0.00000000000E+00
   3   2   2   2.70640000000E-03
   4   2   2   0.00000000000E+00
   1   3   2  -2.33033125000E-04
   2   3   2  -2.33033125000E-04
   3   3   2   0.00000000000E+00
   4   3   2   2.16840434497E-19
   1   4   2  -1.69030431250E-02
   2   4   2   0.00000000000E+00
   3   4   2  -4.02531875000E-04
   4   4   2   0.00000000000E+00
   1   1   3   6.50521303491E-19
   2   1   3  -2.70640000000E-03
   3   1   3   0.00000000000E+00
   4   1   3  -2.70640000000E-03
   1   2   3  -2.33033125000E-04
   2   2   3  -2.33033125000E-04
   3   2   3   0.00000000000E+00
   4   2   3   2.16840434497E-19
   1   3   3   3.52823375000E-03
   2   3   3   4.02531875000E-04
   3   3   3   0.00000000000E+00
   4   3   3   4.02531875000E-04
   1   4   3  -2.33033125000E-04
   2   4   3   2.16840434497E-19
   3   4   3   0.00000000000E+00
   4   4   3  -2.33033125000E-04
   1   1   4   0.00000000000E+00
   2   1   4  -6.50521303491E-19
   3   1   4   2.33033125000E-04
   4   1   4   2.33033125000E-04
   1   2   4  -1.69030431250E-02
   2   2   4   0.00000000000E+00
   3   2   4  -4.02531875000E-04
   4   2   4   0.00000000000E+00
   1   3   4  -2.33033125000E-04
   2   3   4   2.16840434497E-19
   3   3   4   0.00000000000E+00
   4   3   4  -2.33033125000E-04
   1   4   4   2.70640000000E-03
   2   4   4   0.00000000000E+00
   3   4   4   2.70640000000E-03
   4   4   4   0.00000000000E+00
   3   2   1   1
   1   1   1  -2.16840434497E-19
   2   1   1  -6.50521303491E-19
   3   1   1   0.00000000000E+00
   4   1   1  -6.50521303491E-19
   1   2   1  -1.69030431250E-02
   2   2   1  -2.33033125000E-04
   3   2   1   2.70640000000E-03
   4   2   1  -2.16840434497E-19
   1   3   1   3.52823375000E-03
   2   3   1  -2.33033125000E-04
   3   3   1   0.00000000000E+00
   4   3   1  -2.33033125000E-04
   1   4   1  -1.69030431250E-02
   2   4   1  -2.16840434497E-19
   3   4   1   2.70640000000E-03
   4   4   1  -2.33033125000E-04
   1   1   2   0.00000000000E+00
   2   1   2  -2.70640000000E-03
   3   1   2   2.33033125000E-04
   4   1   2   1.69030431250E-02
   1   2   2  -2.33033125000E-04
   2   2   2   0.00000000000E+00
   3   2   2   2.33033125000E-04
   4   2   2   0.00000000000E+00
   1   3   2  -2.33033125000E-04
   2   3   2  -2.70640000000E-03
   3   3   2   0.00000000000E+00
   4   3   2   4.02531875000E-04
   1   4   2   2.16840434497E-19
   2   4   2   0.00000000000E+00
   3   4   2   0.00000000000E+00
   4   4   2   0.00000000000E+00
   1   1   3   6.50521303491E-19
   2   1   3   2.33033125000E-04
   3   1   3  -3.52823375000E-03
   4   1   3   2.33033125000E-04
   1   2   3   2.70640000000E-03
   2   2   3   2.33033125000E-04
   3   2   3  -4.02531875000E-04
   4   2   3   2.16840434497E-19
   1   3   3   8.67361737988E-19
   2   3   3   2.16840434497E-19
   3   3   3   0.00000000000E+00
   4   3   3   2.16840434497E-19
   1   4   3   2.70640000000E-03
   2   4   3   2.16840434497E-19
   3   4   3  -4.02531875000E-04
   4   4   3   2.33033125000E-04
   1   1   4   0.00000000000E+00
   2   1   4   1.69030431250E-02
   3   1   4   2.33033125000E-04
   4   1   4  -2.70640000000E-03
   1   2   4   2.16840434497E-19
   2   2   4   0.00000000000E+00
   3   2   4   0.00000000000E+00
   4   2   4   0.00000000000E+00
   1   3   4  -2.33033125000E-04
   2   3   4   4.02531875000E-04
   3   3   4   0.00000000000E+00
   4   3   4  -2.70640000000E-03
   1   4   4  -2.33033125000E-04
   2   4   4   0.00000000000E+00
   3   4   4   2.33033125000E-04
   4   4   4   0.00000000000E+00
   3   3   1   1
   1   1   1   7.28856846875E-02
   2   1   1  -1.16742396875E-02
   3   1   1  -1.76078125000E-05
   4   1   1  -1.16742396875E-02
   1   2   1  -1.16742396875E-02
   2   2   1  -1.35656406250E-03
   3   2   1  -5.52663437500E-04
   4   2   1   8.13514718750E-03
   1   3   1  -1.76078125000E-05
   2   3   1  -5.52663437500E-04
   3   3   1  -3.08195281250E-03
   4   3   1  -5.52663437500E-04
   1   4   1  -1.16742396875E-02
   2   4   1   8.13514718750E-03
   3   4   1  -5.52663437500E-04
   4   4   1  -1.35656406250E-03
   1   1   2   8.13514718750E-03
   2   1   2  -5.52663437500E-04
   3   1   2  -1.35656406250E-03
   4   1   2  -1.16742396875E-02
   1   2   2  -5.52663437500E-04
   2   2   2   4.37283843750E-03
   3   2   2  -5.52663437500E-04
   4   2   2   6.02943437500E-04
   1   3   2  -1.35656406250E-03
   2   3   2  -5.52663437500E-04
   3   3   2  -1.13869781250E-03
   4   3   2   2.44788781250E-03
   1   4   2  -1.16742396875E-02
   2   4   2   6.02943437500E-04
   3   4   2   2.44788781250E-03
   4   4   2  -5.60375906250E-03
   1   1   3  -3.08195281250E-03
   2   1   3  -5.52663437500E-04
   3   1   3  -1.76078125000E-05
   4   1   3  -5.52663437500E-04
   1   2   3  -5.52663437500E-04
   2   2   3  -1.35656406250E-03
   3   2   3   2.44788781250E-03
   4   2   3  -1.13869781250E-03
   1   3   3  -1.76078125000E-05
   2   3   3   2.44788781250E-03
   3   3   3   6.81504687500E-04
   4   3   3   2.44788781250E-03
   1   4   3  -5.52663437500E-04
   2   4   3  -1.13869781250E-03
   3   4   3   2.44788781250E-03
   4   4   3  -1.35656406250E-03
   1   1   4   8.13514718750E-03
   2   1   4  -1.16742396875E-02
   3   1   4  -1.35656406250E-03
   4   1   4  -5.52663437500E-04
   1   2   4  -1.16742396875E-02
   2   2   4  -5.60375906250E-03
   3   2   4   2.44788781250E-03
   4   2   4   6.02943437500E-04
   1   3   4  -1.35656406250E-03
   2   3   4   2.44788781250E-03
   3   3   4  -1.13869781250E-03
   4   3   4  -5.52663437500E-04
   1   4   4  -5.52663437500E-04
   2   4   4   6.02943437500E-04
   3   4   4  -5.52663437500E-04
   4   4   4   4.37283843750E-03
