  2.500000000000000E-002  0.611346389722652        2.32981852390816     
   4   4   4
   1   1   1   1
   1   1   1   7.13894237500E-02
   2   1   1  -1.29782193750E-02
   3   1   1   1.58705250000E-03
   4   1   1  -1.29782193750E-02
   1   2   1   8.87308375000E-03
   2   2   1  -1.43920625000E-03
   3   2   1   2.38288125000E-04
   4   2   1  -1.29782193750E-02
   1   3   1  -6.31658250000E-03
   2   3   1  -1.43920625000E-03
   3   3   1   1.58705250000E-03
   4   3   1  -1.43920625000E-03
   1   4   1   8.87308375000E-03
   2   4   1  -1.29782193750E-02
   3   4   1   2.38288125000E-04
   4   4   1  -1.43920625000E-03
   1   1   2  -1.29782193750E-02
   2   1   2   2.38288125000E-04
   3   1   2  -1.43920625000E-03
   4   1   2   8.87308375000E-03
   1   2   2  -1.43920625000E-03
   2   2   2   1.11092118750E-02
   3   2   2  -1.43920625000E-03
   4   2   2   8.67235625000E-04
   1   3   2  -1.43920625000E-03
   2   3   2   2.38288125000E-04
   3   3   2   3.65423812500E-03
   4   3   2  -3.87865125000E-03
   1   4   2  -1.29782193750E-02
   2   4   2  -7.78337687500E-03
   3   4   2   3.65423812500E-03
   4   4   2   8.67235625000E-04
   1   1   3   1.58705250000E-03
   2   1   3  -1.43920625000E-03
   3   1   3  -6.31658250000E-03
   4   1   3  -1.43920625000E-03
   1   2   3   2.38288125000E-04
   2   2   3  -1.43920625000E-03
   3   2   3  -3.87865125000E-03
   4   2   3   3.65423812500E-03
   1   3   3   1.58705250000E-03
   2   3   3   3.65423812500E-03
   3   3   3   9.41613750000E-04
   4   3   3   3.65423812500E-03
   1   4   3   2.38288125000E-04
   2   4   3   3.65423812500E-03
   3   4   3  -3.87865125000E-03
   4   4   3  -1.43920625000E-03
   1   1   4  -1.29782193750E-02
   2   1   4   8.87308375000E-03
   3   1   4  -1.43920625000E-03
   4   1   4   2.38288125000E-04
   1   2   4  -1.29782193750E-02
   2   2   4   8.67235625000E-04
   3   2   4   3.65423812500E-03
   4   2   4  -7.78337687500E-03
   1   3   4  -1.43920625000E-03
   2   3   4  -3.87865125000E-03
   3   3   4   3.65423812500E-03
   4   3   4   2.38288125000E-04
   1   4   4  -1.43920625000E-03
   2   4   4   8.67235625000E-04
   3   4   4  -1.43920625000E-03
   4   4   4   1.11092118750E-02
   1   2   1   1
   1   1   1  -2.16840434497E-19
   2   1   1   1.08420217249E-19
   3   1   1   0.00000000000E+00
   4   1   1   1.08420217249E-19
   1   2   1   1.08420217249E-19
   2   2   1   4.65728750000E-03
   3   2   1  -4.28635625000E-04
   4   2   1  -1.68317543750E-02
   1   3   1   4.33680868994E-19
   2   3   1  -4.28635625000E-04
   3   3   1   3.69693125000E-03
   4   3   1  -4.28635625000E-04
   1   4   1   1.08420217249E-19
   2   4   1  -1.68317543750E-02
   3   4   1  -4.28635625000E-04
   4   4   1   4.65728750000E-03
   1   1   2   1.68317543750E-02
   2   1   2   4.28635625000E-04
   3   1   2  -4.65728750000E-03
   4   1   2   1.08420217249E-19
   1   2   2   4.28635625000E-04
   2   2   2   0.00000000000E+00
   3   2   2  -4.28635625000E-04
   4   2   2   0.00000000000E+00
   1   3   2  -4.65728750000E-03
   2   3   2  -4.28635625000E-04
   3   3   2   2.25861062500E-03
   4   3   2  -1.08420217249E-19
   1   4   2   1.08420217249E-19
   2   4   2   0.00000000000E+00
   3   4   2   0.00000000000E+00
   4   4   2   0.00000000000E+00
   1   1   3  -3.69693125000E-03
   2   1   3   4.28635625000E-04
   3   1   3   0.00000000000E+00
   4   1   3   4.28635625000E-04
   1   2   3   4.28635625000E-04
   2   2   3   4.65728750000E-03
   3   2   3   0.00000000000E+00
   4   2   3  -2.25861062500E-03
   1   3   3   4.33680868994E-19
   2   3   3  -1.08420217249E-19
   3   3   3   2.16840434497E-19
   4   3   3  -1.08420217249E-19
   1   4   3   4.28635625000E-04
   2   4   3  -2.25861062500E-03
   3   4   3   0.00000000000E+00
   4   4   3   4.65728750000E-03
   1   1   4   1.68317543750E-02
   2   1   4   1.08420217249E-19
   3   1   4  -4.65728750000E-03
   4   1   4   4.28635625000E-04
   1   2   4   1.08420217249E-19
   2   2   4   0.00000000000E+00
   3   2   4   0.00000000000E+00
   4   2   4   0.00000000000E+00
   1   3   4  -4.65728750000E-03
   2   3   4  -1.08420217249E-19
   3   3   4   2.25861062500E-03
   4   3   4  -4.28635625000E-04
   1   4   4   4.28635625000E-04
   2   4   4   0.00000000000E+00
   3   4   4  -4.28635625000E-04
   4   4   4   0.00000000000E+00
   1   3   1   1
   1   1   1   0.00000000000E+00
   2   1   1   1.68317543750E-02
   3   1   1  -3.69693125000E-03
   4   1   1   1.68317543750E-02
   1   2   1  -3.25260651746E-19
   2   2   1   4.28635625000E-04
   3   2   1   4.28635625000E-04
   4   2   1  -1.08420217249E-19
   1   3   1  -4.33680868994E-19
   2   3   1  -4.65728750000E-03
   3   3   1   1.08420217249E-19
   4   3   1  -4.65728750000E-03
   1   4   1  -3.25260651746E-19
   2   4   1  -1.08420217249E-19
   3   4   1   4.28635625000E-04
   4   4   1   4.28635625000E-04
   1   1   2  -1.08420217249E-19
   2   1   2   4.28635625000E-04
   3   1   2   4.28635625000E-04
   4   1   2  -1.08420217249E-19
   1   2   2   4.65728750000E-03
   2   2   2   0.00000000000E+00
   3   2   2   4.65728750000E-03
   4   2   2   0.00000000000E+00
   1   3   2  -4.28635625000E-04
   2   3   2  -4.28635625000E-04
   3   3   2   0.00000000000E+00
   4   3   2   1.08420217249E-19
   1   4   2  -1.68317543750E-02
   2   4   2   0.00000000000E+00
   3   4   2  -2.25861062500E-03
   4   4   2   0.00000000000E+00
   1   1   3  -2.16840434497E-19
   2   1   3  -4.65728750000E-03
   3   1   3   2.16840434497E-19
   4   1   3  -4.65728750000E-03
   1   2   3  -4.28635625000E-04
   2   2   3  -4.28635625000E-04
   3   2   3   0.00000000000E+00
   4   2   3   1.08420217249E-19
   1   3   3   3.69693125000E-03
   2   3   3   2.25861062500E-03
   3   3   3  -1.08420217249E-19
   4   3   3   2.25861062500E-03
   1   4   3  -4.28635625000E-04
   2   4   3   1.08420217249E-19
   3   4   3   0.00000000000E+00
   4   4   3  -4.28635625000E-04
   1   1   4  -1.08420217249E-19
   2   1   4  -1.08420217249E-19
   3   1   4   4.28635625000E-04
   4   1   4   4.28635625000E-04
   1   2   4  -1.68317543750E-02
   2   2   4   0.00000000000E+00
   3   2   4  -2.25861062500E-03
   4   2   4   0.00000000000E+00
   1   3   4  -4.28635625000E-04
   2   3   4   1.08420217249E-19
   3   3   4   0.00000000000E+00
   4   3   4  -4.28635625000E-04
   1   4   4   4.65728750000E-03
   2   4   4   0.00000000000E+00
   3   4   4   4.65728750000E-03
   4   4   4   0.00000000000E+00
   2   1   1   1
   1   1   1  -2.16840434497E-19
   2   1   1   1.08420217249E-19
   3   1   1   0.00000000000E+00
   4   1   1   1.08420217249E-19
   1   2   1   1.08420217249E-19
   2   2   1   4.65728750000E-03
   3   2   1  -4.28635625000E-04
   4   2   1  -1.68317543750E-02
   1   3   1   4.33680868994E-19
   2   3   1  -4.28635625000E-04
   3   3   1   3.69693125000E-03
   4   3   1  -4.28635625000E-04
   1   4   1   1.08420217249E-19
   2   4   1  -1.68317543750E-02
   3   4   1  -4.28635625000E-04
   4   4   1   4.65728750000E-03
   1   1   2   1.68317543750E-02
   2   1   2   4.28635625000E-04
   3   1   2  -4.65728750000E-03
   4   1   2   1.08420217249E-19
   1   2   2   4.28635625000E-04
   2   2   2   0.00000000000E+00
   3   2   2  -4.28635625000E-04
   4   2   2   0.00000000000E+00
   1   3   2  -4.65728750000E-03
   2   3   2  -4.28635625000E-04
   3   3   2   2.25861062500E-03
   4   3   2  -1.08420217249E-19
   1   4   2   1.08420217249E-19
   2   4   2   0.00000000000E+00
   3   4   2   0.00000000000E+00
   4   4   2   0.00000000000E+00
   1   1   3  -3.69693125000E-03
   2   1   3   4.28635625000E-04
   3   1   3   0.00000000000E+00
   4   1   3   4.28635625000E-04
   1   2   3   4.28635625000E-04
   2   2   3   4.65728750000E-03
   3   2   3   0.00000000000E+00
   4   2   3  -2.25861062500E-03
   1   3   3   4.33680868994E-19
   2   3   3  -1.08420217249E-19
   3   3   3   2.16840434497E-19
   4   3   3  -1.08420217249E-19
   1   4   3   4.28635625000E-04
   2   4   3  -2.25861062500E-03
   3   4   3   0.00000000000E+00
   4   4   3   4.65728750000E-03
   1   1   4   1.68317543750E-02
   2   1   4   1.08420217249E-19
   3   1   4  -4.65728750000E-03
   4   1   4   4.28635625000E-04
   1   2   4   1.08420217249E-19
   2   2   4   0.00000000000E+00
   3   2   4   0.00000000000E+00
   4   2   4   0.00000000000E+00
   1   3   4  -4.65728750000E-03
   2   3   4  -1.08420217249E-19
   3   3   4   2.25861062500E-03
   4   3   4  -4.28635625000E-04
   1   4   4   4.28635625000E-04
   2   4   4   0.00000000000E+00
   3   4   4  -4.28635625000E-04
   4   4   4   0.00000000000E+00
   2   2   1   1
   1   1   1   7.13894237500E-02
   2   1   1   8.87308375000E-03
   3   1   1  -6.31658250000E-03
   4   1   1   8.87308375000E-03
   1   2   1  -1.29782193750E-02
   2   2   1  -1.43920625000E-03
   3   2   1  -1.43920625000E-03
   4   2   1  -1.29782193750E-02
   1   3   1   1.58705250000E-03
   2   3   1   2.38288125000E-04
   3   3   1   1.58705250000E-03
   4   3   1   2.38288125000E-04
   1   4   1  -1.29782193750E-02
   2   4   1  -1.29782193750E-02
   3   4   1  -1.43920625000E-03
   4   4   1  -1.43920625000E-03
   1   1   2  -1.29782193750E-02
   2   1   2  -1.43920625000E-03
   3   1   2  -1.43920625000E-03
   4   1   2  -1.29782193750E-02
   1   2   2   2.38288125000E-04
   2   2   2   1.11092118750E-02
   3   2   2   2.38288125000E-04
   4   2   2  -7.78337687500E-03
   1   3   2  -1.43920625000E-03
   2   3   2  -1.43920625000E-03
   3   3   2   3.65423812500E-03
   4   3   2   3.65423812500E-03
   1   4   2   8.87308375000E-03
   2   4   2   8.67235625000E-04
   3   4   2  -3.87865125000E-03
   4   4   2   8.67235625000E-04
   1   1   3   1.58705250000E-03
   2   1   3   2.38288125000E-04
   3   1   3   1.58705250000E-03
   4   1   3   2.38288125000E-04
   1   2   3  -1.43920625000E-03
   2   2   3  -1.43920625000E-03
   3   2   3   3.65423812500E-03
   4   2   3   3.65423812500E-03
   1   3   3  -6.31658250000E-03
   2   3   3  -3.87865125000E-03
   3   3   3   9.41613750000E-04
   4   3   3  -3.87865125000E-03
   1   4   3  -1.43920625000E-03
   2   4   3   3.65423812500E-03
   3   4   3   3.65423812500E-03
   4   4   3  -1.43920625000E-03
   1   1   4  -1.29782193750E-02
   2   1   4  -1.29782193750E-02
   3   1   4  -1.43920625000E-03
   4   1   4  -1.43920625000E-03
   1   2   4   8.87308375000E-03
   2   2   4   8.67235625000E-04
   3   2   4  -3.87865125000E-03
   4   2   4   8.67235625000E-04
   1   3   4  -1.43920625000E-03
   2   3   4   3.65423812500E-03
   3   3   4   3.65423812500E-03
   4   3   4  -1.43920625000E-03
   1   4   4   2.38288125000E-04
   2   4   4  -7.78337687500E-03
   3   4   4   2.38288125000E-04
   4   4   4   1.11092118750E-02
   2   3   1   1
   1   1   1   0.00000000000E+00
   2   1   1  -1.08420217249E-19
   3   1   1   2.16840434497E-19
   4   1   1  -1.08420217249E-19
   1   2   1  -1.68317543750E-02
   2   2   1  -4.28635625000E-04
   3   2   1   4.65728750000E-03
   4   2   1  -1.08420217249E-19
   1   3   1   3.69693125000E-03
   2   3   1  -4.28635625000E-04
   3   3   1   1.08420217249E-19
   4   3   1  -4.28635625000E-04
   1   4   1  -1.68317543750E-02
   2   4   1  -1.08420217249E-19
   3   4   1   4.65728750000E-03
   4   4   1  -4.28635625000E-04
   1   1   2  -1.08420217249E-19
   2   1   2  -4.65728750000E-03
   3   1   2   4.28635625000E-04
   4   1   2   1.68317543750E-02
   1   2   2  -4.28635625000E-04
   2   2   2   0.00000000000E+00
   3   2   2   4.28635625000E-04
   4   2   2   0.00000000000E+00
   1   3   2  -4.28635625000E-04
   2   3   2  -4.65728750000E-03
   3   3   2   0.00000000000E+00
   4   3   2   2.25861062500E-03
   1   4   2  -3.25260651746E-19
   2   4   2   0.00000000000E+00
   3   4   2   0.00000000000E+00
   4   4   2   0.00000000000E+00
   1   1   3  -2.16840434497E-19
   2   1   3   4.28635625000E-04
   3   1   3  -3.69693125000E-03
   4   1   3   4.28635625000E-04
   1   2   3   4.65728750000E-03
   2   2   3   4.28635625000E-04
   3   2   3  -2.25861062500E-03
   4   2   3   1.08420217249E-19
   1   3   3  -4.33680868994E-19
   2   3   3   1.08420217249E-19
   3   3   3  -1.08420217249E-19
   4   3   3   1.08420217249E-19
   1   4   3   4.65728750000E-03
   2   4   3   1.08420217249E-19
   3   4   3  -2.25861062500E-03
   4   4   3   4.28635625000E-04
   1   1   4  -1.08420217249E-19
   2   1   4   1.68317543750E-02
   3   1   4   4.28635625000E-04
   4   1   4  -4.65728750000E-03
   1   2   4  -3.25260651746E-19
   2   2   4   0.00000000000E+00
   3   2   4   0.00000000000E+00
   4   2   4   0.00000000000E+00
   1   3   4  -4.28635625000E-04
   2   3   4   2.25861062500E-03
   3   3   4   0.00000000000E+00
   4   3   4  -4.65728750000E-03
   1   4   4  -4.28635625000E-04
   2   4   4   0.00000000000E+00
   3   4   4   4.28635625000E-04
   4   4   4   0.00000000000E+00
   3   1   1   1
   1   1   1   0.00000000000E+00
   2   1   1   1.68317543750E-02
   3   1   1  -3.69693125000E-03
   4   1   1   1.68317543750E-02
   1   2   1  -3.25260651746E-19
   2   2   1   4.28635625000E-04
   3   2   1   4.28635625000E-04
   4   2   1  -1.08420217249E-19
   1   3   1  -4.33680868994E-19
   2   3   1  -4.65728750000E-03
   3   3   1   1.08420217249E-19
   4   3   1  -4.65728750000E-03
   1   4   1  -3.25260651746E-19
   2   4   1  -1.08420217249E-19
   3   4   1   4.28635625000E-04
   4   4   1   4.28635625000E-04
   1   1   2  -1.08420217249E-19
   2   1   2   4.28635625000E-04
   3   1   2   4.28635625000E-04
   4   1   2  -1.08420217249E-19
   1   2   2   4.65728750000E-03
   2   2   2   0.00000000000E+00
   3   2   2   4.65728750000E-03
   4   2   2   0.00000000000E+00
   1   3   2  -4.28635625000E-04
   2   3   2  -4.28635625000E-04
   3   3   2   0.00000000000E+00
   4   3   2   1.08420217249E-19
   1   4   2  -1.68317543750E-02
   2   4   2   0.00000000000E+00
   3   4   2  -2.25861062500E-03
   4   4   2   0.00000000000E+00
   1   1   3  -2.16840434497E-19
   2   1   3  -4.65728750000E-03
   3   1   3   2.16840434497E-19
   4   1   3  -4.65728750000E-03
   1   2   3  -4.28635625000E-04
   2   2   3  -4.28635625000E-04
   3   2   3   0.00000000000E+00
   4   2   3   1.08420217249E-19
   1   3   3   3.69693125000E-03
   2   3   3   2.25861062500E-03
   3   3   3  -1.08420217249E-19
   4   3   3   2.25861062500E-03
   1   4   3  -4.28635625000E-04
   2   4   3   1.08420217249E-19
   3   4   3   0.00000000000E+00
   4   4   3  -4.28635625000E-04
   1   1   4  -1.08420217249E-19
   2   1   4  -1.08420217249E-19
   3   1   4   4.28635625000E-04
   4   1   4   4.28635625000E-04
   1   2   4  -1.68317543750E-02
   2   2   4   0.00000000000E+00
   3   2   4  -2.25861062500E-03
   4   2   4   0.00000000000E+00
   1   3   4  -4.28635625000E-04
   2   3   4   1.08420217249E-19
   3   3   4   0.00000000000E+00
   4   3   4  -4.28635625000E-04
   1   4   4   4.65728750000E-03
   2   4   4   0.00000000000E+00
   3   4   4   4.65728750000E-03
   4   4   4   0.00000000000E+00
   3   2   1   1
   1   1   1   0.00000000000E+00
   2   1   1  -1.08420217249E-19
   3   1   1   2.16840434497E-19
   4   1   1  -1.08420217249E-19
   1   2   1  -1.68317543750E-02
   2   2   1  -4.28635625000E-04
   3   2   1   4.65728750000E-03
   4   2   1  -1.08420217249E-19
   1   3   1   3.69693125000E-03
   2   3   1  -4.28635625000E-04
   3   3   1   1.08420217249E-19
   4   3   1  -4.28635625000E-04
   1   4   1  -1.68317543750E-02
   2   4   1  -1.08420217249E-19
   3   4   1   4.65728750000E-03
   4   4   1  -4.28635625000E-04
   1   1   2  -1.08420217249E-19
   2   1   2  -4.65728750000E-03
   3   1   2   4.28635625000E-04
   4   1   2   1.68317543750E-02
   1   2   2  -4.28635625000E-04
   2   2   2   0.00000000000E+00
   3   2   2   4.28635625000E-04
   4   2   2   0.00000000000E+00
   1   3   2  -4.28635625000E-04
   2   3   2  -4.65728750000E-03
   3   3   2   0.00000000000E+00
   4   3   2   2.25861062500E-03
   1   4   2  -3.25260651746E-19
   2   4   2   0.00000000000E+00
   3   4   2   0.00000000000E+00
   4   4   2   0.00000000000E+00
   1   1   3  -2.16840434497E-19
   2   1   3   4.28635625000E-04
   3   1   3  -3.69693125000E-03
   4   1   3   4.28635625000E-04
   1   2   3   4.65728750000E-03
   2   2   3   4.28635625000E-04
   3   2   3  -2.25861062500E-03
   4   2   3   1.08420217249E-19
   1   3   3  -4.33680868994E-19
   2   3   3   1.08420217249E-19
   3   3   3  -1.08420217249E-19
   4   3   3   1.08420217249E-19
   1   4   3   4.65728750000E-03
   2   4   3   1.08420217249E-19
   3   4   3  -2.25861062500E-03
   4   4   3   4.28635625000E-04
   1   1   4  -1.08420217249E-19
   2   1   4   1.68317543750E-02
   3   1   4   4.28635625000E-04
   4   1   4  -4.65728750000E-03
   1   2   4  -3.25260651746E-19
   2   2   4   0.00000000000E+00
   3   2   4   0.00000000000E+00
   4   2   4   0.00000000000E+00
   1   3   4  -4.28635625000E-04
   2   3   4   2.25861062500E-03
   3   3   4   0.00000000000E+00
   4   3   4  -4.65728750000E-03
   1   4   4  -4.28635625000E-04
   2   4   4   0.00000000000E+00
   3   4   4   4.28635625000E-04
   4   4   4   0.00000000000E+00
   3   3   1   1
   1   1   1   7.13894237500E-02
   2   1   1  -1.29782193750E-02
   3   1   1   1.58705250000E-03
   4   1   1  -1.29782193750E-02
   1   2   1  -1.29782193750E-02
   2   2   1   2.38288125000E-04
   3   2   1  -1.43920625000E-03
   4   2   1   8.87308375000E-03
   1   3   1   1.58705250000E-03
   2   3   1  -1.43920625000E-03
   3   3   1  -6.31658250000E-03
   4   3   1  -1.43920625000E-03
   1   4   1  -1.29782193750E-02
   2   4   1   8.87308375000E-03
   3   4   1  -1.43920625000E-03
   4   4   1   2.38288125000E-04
   1   1   2   8.87308375000E-03
   2   1   2  -1.43920625000E-03
   3   1   2   2.38288125000E-04
   4   1   2  -1.29782193750E-02
   1   2   2  -1.43920625000E-03
   2   2   2   1.11092118750E-02
   3   2   2  -1.43920625000E-03
   4   2   2   8.67235625000E-04
   1   3   2   2.38288125000E-04
   2   3   2  -1.43920625000E-03
   3   3   2  -3.87865125000E-03
   4   3   2   3.65423812500E-03
   1   4   2  -1.29782193750E-02
   2   4   2   8.67235625000E-04
   3   4   2   3.65423812500E-03
   4   4   2  -7.78337687500E-03
   1   1   3  -6.31658250000E-03
   2   1   3  -1.43920625000E-03
   3   1   3   1.58705250000E-03
   4   1   3  -1.43920625000E-03
   1   2   3  -1.43920625000E-03
   2   2   3   2.38288125000E-04
   3   2   3   3.65423812500E-03
   4   2   3  -3.87865125000E-03
   1   3   3   1.58705250000E-03
   2   3   3   3.65423812500E-03
   3   3   3   9.41613750000E-04
   4   3   3   3.65423812500E-03
   1   4   3  -1.43920625000E-03
   2   4   3  -3.87865125000E-03
   3   4   3   3.65423812500E-03
   4   4   3   2.38288125000E-04
   1   1   4   8.87308375000E-03
   2   1   4  -1.29782193750E-02
   3   1   4   2.38288125000E-04
   4   1   4  -1.43920625000E-03
   1   2   4  -1.29782193750E-02
   2   2   4  -7.78337687500E-03
   3   2   4   3.65423812500E-03
   4   2   4   8.67235625000E-04
   1   3   4   2.38288125000E-04
   2   3   4   3.65423812500E-03
   3   3   4  -3.87865125000E-03
   4   3   4  -1.43920625000E-03
   1   4   4  -1.43920625000E-03
   2   4   4   8.67235625000E-04
   3   4   4  -1.43920625000E-03
   4   4   4   1.11092118750E-02
