  1.000000000000000E-002  0.612028886674362        1.88175823095835     
   4   4   4
   1   1   1   1
   1   1   1   7.26673157812E-02
   2   1   1  -1.05004207813E-02
   3   1   1   8.96110156250E-04
   4   1   1  -1.05004207813E-02
   1   2   1   9.68443765625E-03
   2   2   1  -4.66044531250E-04
   3   2   1  -9.63710468750E-04
   4   2   1  -1.05004207813E-02
   1   3   1  -3.07780342188E-02
   2   3   1  -4.66044531250E-04
   3   3   1   8.96110156250E-04
   4   3   1  -4.66044531250E-04
   1   4   1   9.68443765625E-03
   2   4   1  -1.05004207813E-02
   3   4   1  -9.63710468750E-04
   4   4   1  -4.66044531250E-04
   1   1   2  -1.05004207812E-02
   2   1   2  -9.63710468750E-04
   3   1   2  -4.66044531250E-04
   4   1   2   9.68443765625E-03
   1   2   2  -4.66044531250E-04
   2   2   2   3.53030051562E-02
   3   2   2  -4.66044531250E-04
   4   2   2   1.43915328125E-03
   1   3   2  -4.66044531250E-04
   2   3   2  -9.63710468750E-04
   3   3   2   6.64241421875E-03
   4   3   2  -1.01874048438E-02
   1   4   2  -1.05004207813E-02
   2   4   2  -2.94997423437E-02
   3   4   2   6.64241421875E-03
   4   4   2   1.43915328125E-03
   1   1   3   8.96110156250E-04
   2   1   3  -4.66044531250E-04
   3   1   3  -3.07780342188E-02
   4   1   3  -4.66044531250E-04
   1   2   3  -9.63710468750E-04
   2   2   3  -4.66044531250E-04
   3   2   3  -1.01874048438E-02
   4   2   3   6.64241421875E-03
   1   3   3   8.96110156250E-04
   2   3   3   6.64241421875E-03
   3   3   3   1.59834907812E-02
   4   3   3   6.64241421875E-03
   1   4   3  -9.63710468750E-04
   2   4   3   6.64241421875E-03
   3   4   3  -1.01874048438E-02
   4   4   3  -4.66044531250E-04
   1   1   4  -1.05004207812E-02
   2   1   4   9.68443765625E-03
   3   1   4  -4.66044531250E-04
   4   1   4  -9.63710468750E-04
   1   2   4  -1.05004207813E-02
   2   2   4   1.43915328125E-03
   3   2   4   6.64241421875E-03
   4   2   4  -2.94997423437E-02
   1   3   4  -4.66044531250E-04
   2   3   4  -1.01874048438E-02
   3   3   4   6.64241421875E-03
   4   3   4  -9.63710468750E-04
   1   4   4  -4.66044531250E-04
   2   4   4   1.43915328125E-03
   3   4   4  -4.66044531250E-04
   4   4   4   3.53030051562E-02
   1   2   1   1
   1   1   1   6.50521303491E-19
   2   1   1   0.00000000000E+00
   3   1   1   1.73472347598E-18
   4   1   1   0.00000000000E+00
   1   2   1   0.00000000000E+00
   2   2   1   1.61246281250E-02
   3   2   1  -1.50927437500E-03
   4   2   1  -2.08077100000E-02
   1   3   1   1.73472347598E-18
   2   3   1  -1.50927437500E-03
   3   3   1   3.99938750000E-04
   4   3   1  -1.50927437500E-03
   1   4   1   0.00000000000E+00
   2   4   1  -2.08077100000E-02
   3   4   1  -1.50927437500E-03
   4   4   1   1.61246281250E-02
   1   1   2   2.08077100000E-02
   2   1   2   1.50927437500E-03
   3   1   2  -1.61246281250E-02
   4   1   2   0.00000000000E+00
   1   2   2   1.50927437500E-03
   2   2   2   0.00000000000E+00
   3   2   2  -1.50927437500E-03
   4   2   2   0.00000000000E+00
   1   3   2  -1.61246281250E-02
   2   3   2  -1.50927437500E-03
   3   3   2   1.36029737500E-02
   4   3   2   0.00000000000E+00
   1   4   2   0.00000000000E+00
   2   4   2   0.00000000000E+00
   3   4   2   1.08420217249E-19
   4   4   2   0.00000000000E+00
   1   1   3  -3.99938750000E-04
   2   1   3   1.50927437500E-03
   3   1   3   1.73472347598E-18
   4   1   3   1.50927437500E-03
   1   2   3   1.50927437500E-03
   2   2   3   1.61246281250E-02
   3   2   3   1.08420217249E-19
   4   2   3  -1.36029737500E-02
   1   3   3   1.73472347598E-18
   2   3   3   0.00000000000E+00
   3   3   3  -6.50521303491E-19
   4   3   3   0.00000000000E+00
   1   4   3   1.50927437500E-03
   2   4   3  -1.36029737500E-02
   3   4   3   1.08420217249E-19
   4   4   3   1.61246281250E-02
   1   1   4   2.08077100000E-02
   2   1   4   0.00000000000E+00
   3   1   4  -1.61246281250E-02
   4   1   4   1.50927437500E-03
   1   2   4   0.00000000000E+00
   2   2   4   0.00000000000E+00
   3   2   4   1.08420217249E-19
   4   2   4   0.00000000000E+00
   1   3   4  -1.61246281250E-02
   2   3   4   0.00000000000E+00
   3   3   4   1.36029737500E-02
   4   3   4  -1.50927437500E-03
   1   4   4   1.50927437500E-03
   2   4   4   0.00000000000E+00
   3   4   4  -1.50927437500E-03
   4   4   4   0.00000000000E+00
   1   3   1   1
   1   1   1   5.42101086243E-19
   2   1   1   2.08077100000E-02
   3   1   1  -3.99938750000E-04
   4   1   1   2.08077100000E-02
   1   2   1   0.00000000000E+00
   2   2   1   1.50927437500E-03
   3   2   1   1.50927437500E-03
   4   2   1   0.00000000000E+00
   1   3   1  -5.42101086243E-19
   2   3   1  -1.61246281250E-02
   3   3   1  -2.71050543121E-19
   4   3   1  -1.61246281250E-02
   1   4   1   0.00000000000E+00
   2   4   1   0.00000000000E+00
   3   4   1   1.50927437500E-03
   4   4   1   1.50927437500E-03
   1   1   2   0.00000000000E+00
   2   1   2   1.50927437500E-03
   3   1   2   1.50927437500E-03
   4   1   2   1.08420217249E-19
   1   2   2   1.61246281250E-02
   2   2   2   0.00000000000E+00
   3   2   2   1.61246281250E-02
   4   2   2   0.00000000000E+00
   1   3   2  -1.50927437500E-03
   2   3   2  -1.50927437500E-03
   3   3   2  -5.42101086243E-20
   4   3   2   1.08420217249E-19
   1   4   2  -2.08077100000E-02
   2   4   2   0.00000000000E+00
   3   4   2  -1.36029737500E-02
   4   4   2   0.00000000000E+00
   1   1   3  -5.42101086243E-19
   2   1   3  -1.61246281250E-02
   3   1   3  -3.25260651746E-19
   4   1   3  -1.61246281250E-02
   1   2   3  -1.50927437500E-03
   2   2   3  -1.50927437500E-03
   3   2   3  -1.08420217249E-19
   4   2   3   0.00000000000E+00
   1   3   3   3.99938750000E-04
   2   3   3   1.36029737500E-02
   3   3   3   3.79470760370E-19
   4   3   3   1.36029737500E-02
   1   4   3  -1.50927437500E-03
   2   4   3   0.00000000000E+00
   3   4   3  -1.08420217249E-19
   4   4   3  -1.50927437500E-03
   1   1   4   0.00000000000E+00
   2   1   4   1.08420217249E-19
   3   1   4   1.50927437500E-03
   4   1   4   1.50927437500E-03
   1   2   4  -2.08077100000E-02
   2   2   4   0.00000000000E+00
   3   2   4  -1.36029737500E-02
   4   2   4   0.00000000000E+00
   1   3   4  -1.50927437500E-03
   2   3   4   1.08420217249E-19
   3   3   4  -5.42101086243E-20
   4   3   4  -1.50927437500E-03
   1   4   4   1.61246281250E-02
   2   4   4   0.00000000000E+00
   3   4   4   1.61246281250E-02
   4   4   4   0.00000000000E+00
   2   1   1   1
   1   1   1   6.50521303491E-19
   2   1   1   0.00000000000E+00
   3   1   1   1.73472347598E-18
   4   1   1   0.00000000000E+00
   1   2   1   0.00000000000E+00
   2   2   1   1.61246281250E-02
   3   2   1  -1.50927437500E-03
   4   2   1  -2.08077100000E-02
   1   3   1   1.73472347598E-18
   2   3   1  -1.50927437500E-03
   3   3   1   3.99938750000E-04
   4   3   1  -1.50927437500E-03
   1   4   1   0.00000000000E+00
   2   4   1  -2.08077100000E-02
   3   4   1  -1.50927437500E-03
   4   4   1   1.61246281250E-02
   1   1   2   2.08077100000E-02
   2   1   2   1.50927437500E-03
   3   1   2  -1.61246281250E-02
   4   1   2   0.00000000000E+00
   1   2   2   1.50927437500E-03
   2   2   2   0.00000000000E+00
   3   2   2  -1.50927437500E-03
   4   2   2   0.00000000000E+00
   1   3   2  -1.61246281250E-02
   2   3   2  -1.50927437500E-03
   3   3   2   1.36029737500E-02
   4   3   2   0.00000000000E+00
   1   4   2   0.00000000000E+00
   2   4   2   0.00000000000E+00
   3   4   2   1.08420217249E-19
   4   4   2   0.00000000000E+00
   1   1   3  -3.99938750000E-04
   2   1   3   1.50927437500E-03
   3   1   3   1.73472347598E-18
   4   1   3   1.50927437500E-03
   1   2   3   1.50927437500E-03
   2   2   3   1.61246281250E-02
   3   2   3   1.08420217249E-19
   4   2   3  -1.36029737500E-02
   1   3   3   1.73472347598E-18
   2   3   3   0.00000000000E+00
   3   3   3  -6.50521303491E-19
   4   3   3   0.00000000000E+00
   1   4   3   1.50927437500E-03
   2   4   3  -1.36029737500E-02
   3   4   3   1.08420217249E-19
   4   4   3   1.61246281250E-02
   1   1   4   2.08077100000E-02
   2   1   4   0.00000000000E+00
   3   1   4  -1.61246281250E-02
   4   1   4   1.50927437500E-03
   1   2   4   0.00000000000E+00
   2   2   4   0.00000000000E+00
   3   2   4   1.08420217249E-19
   4   2   4   0.00000000000E+00
   1   3   4  -1.61246281250E-02
   2   3   4   0.00000000000E+00
   3   3   4   1.36029737500E-02
   4   3   4  -1.50927437500E-03
   1   4   4   1.50927437500E-03
   2   4   4   0.00000000000E+00
   3   4   4  -1.50927437500E-03
   4   4   4   0.00000000000E+00
   2   2   1   1
   1   1   1   7.26673157812E-02
   2   1   1   9.68443765625E-03
   3   1   1  -3.07780342188E-02
   4   1   1   9.68443765625E-03
   1   2   1  -1.05004207813E-02
   2   2   1  -4.66044531250E-04
   3   2   1  -4.66044531250E-04
   4   2   1  -1.05004207813E-02
   1   3   1   8.96110156250E-04
   2   3   1  -9.63710468750E-04
   3   3   1   8.96110156250E-04
   4   3   1  -9.63710468750E-04
   1   4   1  -1.05004207813E-02
   2   4   1  -1.05004207813E-02
   3   4   1  -4.66044531250E-04
   4   4   1  -4.66044531250E-04
   1   1   2  -1.05004207812E-02
   2   1   2  -4.66044531250E-04
   3   1   2  -4.66044531250E-04
   4   1   2  -1.05004207813E-02
   1   2   2  -9.63710468750E-04
   2   2   2   3.53030051562E-02
   3   2   2  -9.63710468750E-04
   4   2   2  -2.94997423437E-02
   1   3   2  -4.66044531250E-04
   2   3   2  -4.66044531250E-04
   3   3   2   6.64241421875E-03
   4   3   2   6.64241421875E-03
   1   4   2   9.68443765625E-03
   2   4   2   1.43915328125E-03
   3   4   2  -1.01874048438E-02
   4   4   2   1.43915328125E-03
   1   1   3   8.96110156250E-04
   2   1   3  -9.63710468750E-04
   3   1   3   8.96110156250E-04
   4   1   3  -9.63710468750E-04
   1   2   3  -4.66044531250E-04
   2   2   3  -4.66044531250E-04
   3   2   3   6.64241421875E-03
   4   2   3   6.64241421875E-03
   1   3   3  -3.07780342188E-02
   2   3   3  -1.01874048438E-02
   3   3   3   1.59834907812E-02
   4   3   3  -1.01874048438E-02
   1   4   3  -4.66044531250E-04
   2   4   3   6.64241421875E-03
   3   4   3   6.64241421875E-03
   4   4   3  -4.66044531250E-04
   1   1   4  -1.05004207812E-02
   2   1   4  -1.05004207813E-02
   3   1   4  -4.66044531250E-04
   4   1   4  -4.66044531250E-04
   1   2   4   9.68443765625E-03
   2   2   4   1.43915328125E-03
   3   2   4  -1.01874048438E-02
   4   2   4   1.43915328125E-03
   1   3   4  -4.66044531250E-04
   2   3   4   6.64241421875E-03
   3   3   4   6.64241421875E-03
   4   3   4  -4.66044531250E-04
   1   4   4  -9.63710468750E-04
   2   4   4  -2.94997423437E-02
   3   4   4  -9.63710468750E-04
   4   4   4   3.53030051562E-02
   2   3   1   1
   1   1   1   5.42101086243E-19
   2   1   1   1.08420217249E-19
   3   1   1  -3.25260651746E-19
   4   1   1   1.08420217249E-19
   1   2   1  -2.08077100000E-02
   2   2   1  -1.50927437500E-03
   3   2   1   1.61246281250E-02
   4   2   1   0.00000000000E+00
   1   3   1   3.99938750000E-04
   2   3   1  -1.50927437500E-03
   3   3   1  -2.71050543121E-19
   4   3   1  -1.50927437500E-03
   1   4   1  -2.08077100000E-02
   2   4   1   0.00000000000E+00
   3   4   1   1.61246281250E-02
   4   4   1  -1.50927437500E-03
   1   1   2   0.00000000000E+00
   2   1   2  -1.61246281250E-02
   3   1   2   1.50927437500E-03
   4   1   2   2.08077100000E-02
   1   2   2  -1.50927437500E-03
   2   2   2   0.00000000000E+00
   3   2   2   1.50927437500E-03
   4   2   2   0.00000000000E+00
   1   3   2  -1.50927437500E-03
   2   3   2  -1.61246281250E-02
   3   3   2  -5.42101086243E-20
   4   3   2   1.36029737500E-02
   1   4   2   0.00000000000E+00
   2   4   2   0.00000000000E+00
   3   4   2  -1.08420217249E-19
   4   4   2   0.00000000000E+00
   1   1   3  -5.42101086243E-19
   2   1   3   1.50927437500E-03
   3   1   3  -3.99938750000E-04
   4   1   3   1.50927437500E-03
   1   2   3   1.61246281250E-02
   2   2   3   1.50927437500E-03
   3   2   3  -1.36029737500E-02
   4   2   3   0.00000000000E+00
   1   3   3  -5.42101086243E-19
   2   3   3   1.08420217249E-19
   3   3   3   3.79470760370E-19
   4   3   3   1.08420217249E-19
   1   4   3   1.61246281250E-02
   2   4   3   0.00000000000E+00
   3   4   3  -1.36029737500E-02
   4   4   3   1.50927437500E-03
   1   1   4   0.00000000000E+00
   2   1   4   2.08077100000E-02
   3   1   4   1.50927437500E-03
   4   1   4  -1.61246281250E-02
   1   2   4   0.00000000000E+00
   2   2   4   0.00000000000E+00
   3   2   4  -1.08420217249E-19
   4   2   4   0.00000000000E+00
   1   3   4  -1.50927437500E-03
   2   3   4   1.36029737500E-02
   3   3   4  -5.42101086243E-20
   4   3   4  -1.61246281250E-02
   1   4   4  -1.50927437500E-03
   2   4   4   0.00000000000E+00
   3   4   4   1.50927437500E-03
   4   4   4   0.00000000000E+00
   3   1   1   1
   1   1   1   5.42101086243E-19
   2   1   1   2.08077100000E-02
   3   1   1  -3.99938750000E-04
   4   1   1   2.08077100000E-02
   1   2   1   0.00000000000E+00
   2   2   1   1.50927437500E-03
   3   2   1   1.50927437500E-03
   4   2   1   0.00000000000E+00
   1   3   1  -5.42101086243E-19
   2   3   1  -1.61246281250E-02
   3   3   1  -2.71050543121E-19
   4   3   1  -1.61246281250E-02
   1   4   1   0.00000000000E+00
   2   4   1   0.00000000000E+00
   3   4   1   1.50927437500E-03
   4   4   1   1.50927437500E-03
   1   1   2   0.00000000000E+00
   2   1   2   1.50927437500E-03
   3   1   2   1.50927437500E-03
   4   1   2   1.08420217249E-19
   1   2   2   1.61246281250E-02
   2   2   2   0.00000000000E+00
   3   2   2   1.61246281250E-02
   4   2   2   0.00000000000E+00
   1   3   2  -1.50927437500E-03
   2   3   2  -1.50927437500E-03
   3   3   2  -5.42101086243E-20
   4   3   2   1.08420217249E-19
   1   4   2  -2.08077100000E-02
   2   4   2   0.00000000000E+00
   3   4   2  -1.36029737500E-02
   4   4   2   0.00000000000E+00
   1   1   3  -5.42101086243E-19
   2   1   3  -1.61246281250E-02
   3   1   3  -3.25260651746E-19
   4   1   3  -1.61246281250E-02
   1   2   3  -1.50927437500E-03
   2   2   3  -1.50927437500E-03
   3   2   3  -1.08420217249E-19
   4   2   3   0.00000000000E+00
   1   3   3   3.99938750000E-04
   2   3   3   1.36029737500E-02
   3   3   3   3.79470760370E-19
   4   3   3   1.36029737500E-02
   1   4   3  -1.50927437500E-03
   2   4   3   0.00000000000E+00
   3   4   3  -1.08420217249E-19
   4   4   3  -1.50927437500E-03
   1   1   4   0.00000000000E+00
   2   1   4   1.08420217249E-19
   3   1   4   1.50927437500E-03
   4   1   4   1.50927437500E-03
   1   2   4  -2.08077100000E-02
   2   2   4   0.00000000000E+00
   3   2   4  -1.36029737500E-02
   4   2   4   0.00000000000E+00
   1   3   4  -1.50927437500E-03
   2   3   4   1.08420217249E-19
   3   3   4  -5.42101086243E-20
   4   3   4  -1.50927437500E-03
   1   4   4   1.61246281250E-02
   2   4   4   0.00000000000E+00
   3   4   4   1.61246281250E-02
   4   4   4   0.00000000000E+00
   3   2   1   1
   1   1   1   5.42101086243E-19
   2   1   1   1.08420217249E-19
   3   1   1  -3.25260651746E-19
   4   1   1   1.08420217249E-19
   1   2   1  -2.08077100000E-02
   2   2   1  -1.50927437500E-03
   3   2   1   1.61246281250E-02
   4   2   1   0.00000000000E+00
   1   3   1   3.99938750000E-04
   2   3   1  -1.50927437500E-03
   3   3   1  -2.71050543121E-19
   4   3   1  -1.50927437500E-03
   1   4   1  -2.08077100000E-02
   2   4   1   0.00000000000E+00
   3   4   1   1.61246281250E-02
   4   4   1  -1.50927437500E-03
   1   1   2   0.00000000000E+00
   2   1   2  -1.61246281250E-02
   3   1   2   1.50927437500E-03
   4   1   2   2.08077100000E-02
   1   2   2  -1.50927437500E-03
   2   2   2   0.00000000000E+00
   3   2   2   1.50927437500E-03
   4   2   2   0.00000000000E+00
   1   3   2  -1.50927437500E-03
   2   3   2  -1.61246281250E-02
   3   3   2  -5.42101086243E-20
   4   3   2   1.36029737500E-02
   1   4   2   0.00000000000E+00
   2   4   2   0.00000000000E+00
   3   4   2  -1.08420217249E-19
   4   4   2   0.00000000000E+00
   1   1   3  -5.42101086243E-19
   2   1   3   1.50927437500E-03
   3   1   3  -3.99938750000E-04
   4   1   3   1.50927437500E-03
   1   2   3   1.61246281250E-02
   2   2   3   1.50927437500E-03
   3   2   3  -1.36029737500E-02
   4   2   3   0.00000000000E+00
   1   3   3  -5.42101086243E-19
   2   3   3   1.08420217249E-19
   3   3   3   3.79470760370E-19
   4   3   3   1.08420217249E-19
   1   4   3   1.61246281250E-02
   2   4   3   0.00000000000E+00
   3   4   3  -1.36029737500E-02
   4   4   3   1.50927437500E-03
   1   1   4   0.00000000000E+00
   2   1   4   2.08077100000E-02
   3   1   4   1.50927437500E-03
   4   1   4  -1.61246281250E-02
   1   2   4   0.00000000000E+00
   2   2   4   0.00000000000E+00
   3   2   4  -1.08420217249E-19
   4   2   4   0.00000000000E+00
   1   3   4  -1.50927437500E-03
   2   3   4   1.36029737500E-02
   3   3   4  -5.42101086243E-20
   4   3   4  -1.61246281250E-02
   1   4   4  -1.50927437500E-03
   2   4   4   0.00000000000E+00
   3   4   4   1.50927437500E-03
   4   4   4   0.00000000000E+00
   3   3   1   1
   1   1   1   7.26673157812E-02
   2   1   1  -1.05004207813E-02
   3   1   1   8.96110156250E-04
   4   1   1  -1.05004207813E-02
   1   2   1  -1.05004207813E-02
   2   2   1  -9.63710468750E-04
   3   2   1  -4.66044531250E-04
   4   2   1   9.68443765625E-03
   1   3   1   8.96110156250E-04
   2   3   1  -4.66044531250E-04
   3   3   1  -3.07780342188E-02
   4   3   1  -4.66044531250E-04
   1   4   1  -1.05004207813E-02
   2   4   1   9.68443765625E-03
   3   4   1  -4.66044531250E-04
   4   4   1  -9.63710468750E-04
   1   1   2   9.68443765625E-03
   2   1   2  -4.66044531250E-04
   3   1   2  -9.63710468750E-04
   4   1   2  -1.05004207813E-02
   1   2   2  -4.66044531250E-04
   2   2   2   3.53030051562E-02
   3   2   2  -4.66044531250E-04
   4   2   2   1.43915328125E-03
   1   3   2  -9.63710468750E-04
   2   3   2  -4.66044531250E-04
   3   3   2  -1.01874048437E-02
   4   3   2   6.64241421875E-03
   1   4   2  -1.05004207813E-02
   2   4   2   1.43915328125E-03
   3   4   2   6.64241421875E-03
   4   4   2  -2.94997423437E-02
   1   1   3  -3.07780342187E-02
   2   1   3  -4.66044531250E-04
   3   1   3   8.96110156250E-04
   4   1   3  -4.66044531250E-04
   1   2   3  -4.66044531250E-04
   2   2   3  -9.63710468750E-04
   3   2   3   6.64241421875E-03
   4   2   3  -1.01874048438E-02
   1   3   3   8.96110156250E-04
   2   3   3   6.64241421875E-03
   3   3   3   1.59834907812E-02
   4   3   3   6.64241421875E-03
   1   4   3  -4.66044531250E-04
   2   4   3  -1.01874048438E-02
   3   4   3   6.64241421875E-03
   4   4   3  -9.63710468750E-04
   1   1   4   9.68443765625E-03
   2   1   4  -1.05004207813E-02
   3   1   4  -9.63710468750E-04
   4   1   4  -4.66044531250E-04
   1   2   4  -1.05004207813E-02
   2   2   4  -2.94997423437E-02
   3   2   4   6.64241421875E-03
   4   2   4   1.43915328125E-03
   1   3   4  -9.63710468750E-04
   2   3   4   6.64241421875E-03
   3   3   4  -1.01874048437E-02
   4   3   4  -4.66044531250E-04
   1   4   4  -4.66044531250E-04
   2   4   4   1.43915328125E-03
   3   4   4  -4.66044531250E-04
   4   4   4   3.53030051562E-02
