  2.000000000000000E-002  0.611821026045212        2.24975514298931     
   4   4   4
   1   1   1   1
   1   1   1   7.40186925000E-02
   2   1   1  -1.37505684375E-02
   3   1   1   2.00220500000E-03
   4   1   1  -1.37505684375E-02
   1   2   1   9.67682750000E-03
   2   2   1  -1.65254843750E-03
   3   2   1   8.15757500000E-04
   4   2   1  -1.37505684375E-02
   1   3   1  -1.02233600000E-02
   2   3   1  -1.65254843750E-03
   3   3   1   2.00220500000E-03
   4   3   1  -1.65254843750E-03
   1   4   1   9.67682750000E-03
   2   4   1  -1.37505684375E-02
   3   4   1   8.15757500000E-04
   4   4   1  -1.65254843750E-03
   1   1   2  -1.37505684375E-02
   2   1   2   8.15757500000E-04
   3   1   2  -1.65254843750E-03
   4   1   2   9.67682750000E-03
   1   2   2  -1.65254843750E-03
   2   2   2   1.58549056250E-02
   3   2   2  -1.65254843750E-03
   4   2   2   1.13330937500E-03
   1   3   2  -1.65254843750E-03
   2   3   2   8.15757500000E-04
   3   3   2   4.24525531250E-03
   4   3   2  -5.61613875000E-03
   1   4   2  -1.37505684375E-02
   2   4   2  -1.03108581250E-02
   3   4   2   4.24525531250E-03
   4   4   2   1.13330937500E-03
   1   1   3   2.00220500000E-03
   2   1   3  -1.65254843750E-03
   3   1   3  -1.02233600000E-02
   4   1   3  -1.65254843750E-03
   1   2   3   8.15757500000E-04
   2   2   3  -1.65254843750E-03
   3   2   3  -5.61613875000E-03
   4   2   3   4.24525531250E-03
   1   3   3   2.00220500000E-03
   2   3   3   4.24525531250E-03
   3   3   3   2.63305000000E-03
   4   3   3   4.24525531250E-03
   1   4   3   8.15757500000E-04
   2   4   3   4.24525531250E-03
   3   4   3  -5.61613875000E-03
   4   4   3  -1.65254843750E-03
   1   1   4  -1.37505684375E-02
   2   1   4   9.67682750000E-03
   3   1   4  -1.65254843750E-03
   4   1   4   8.15757500000E-04
   1   2   4  -1.37505684375E-02
   2   2   4   1.13330937500E-03
   3   2   4   4.24525531250E-03
   4   2   4  -1.03108581250E-02
   1   3   4  -1.65254843750E-03
   2   3   4  -5.61613875000E-03
   3   3   4   4.24525531250E-03
   4   3   4   8.15757500000E-04
   1   4   4  -1.65254843750E-03
   2   4   4   1.13330937500E-03
   3   4   4  -1.65254843750E-03
   4   4   4   1.58549056250E-02
   1   2   1   1
   1   1   1  -6.50521303491E-19
   2   1   1   1.08420217249E-19
   3   1   1   0.00000000000E+00
   4   1   1   1.08420217249E-19
   1   2   1   1.08420217249E-19
   2   2   1   6.60482250000E-03
   3   2   1  -6.90503125000E-04
   4   2   1  -1.75705018750E-02
   1   3   1  -8.67361737988E-19
   2   3   1  -6.90503125000E-04
   3   3   1   3.13140375000E-03
   4   3   1  -6.90503125000E-04
   1   4   1   1.08420217249E-19
   2   4   1  -1.75705018750E-02
   3   4   1  -6.90503125000E-04
   4   4   1   6.60482250000E-03
   1   1   2   1.75705018750E-02
   2   1   2   6.90503125000E-04
   3   1   2  -6.60482250000E-03
   4   1   2   1.08420217249E-19
   1   2   2   6.90503125000E-04
   2   2   2   0.00000000000E+00
   3   2   2  -6.90503125000E-04
   4   2   2   0.00000000000E+00
   1   3   2  -6.60482250000E-03
   2   3   2  -6.90503125000E-04
   3   3   2   3.99679062500E-03
   4   3   2  -1.08420217249E-19
   1   4   2   1.08420217249E-19
   2   4   2   0.00000000000E+00
   3   4   2   0.00000000000E+00
   4   4   2   0.00000000000E+00
   1   1   3  -3.13140375000E-03
   2   1   3   6.90503125000E-04
   3   1   3   0.00000000000E+00
   4   1   3   6.90503125000E-04
   1   2   3   6.90503125000E-04
   2   2   3   6.60482250000E-03
   3   2   3   0.00000000000E+00
   4   2   3  -3.99679062500E-03
   1   3   3  -8.67361737988E-19
   2   3   3  -1.08420217249E-19
   3   3   3   0.00000000000E+00
   4   3   3  -1.08420217249E-19
   1   4   3   6.90503125000E-04
   2   4   3  -3.99679062500E-03
   3   4   3   0.00000000000E+00
   4   4   3   6.60482250000E-03
   1   1   4   1.75705018750E-02
   2   1   4   1.08420217249E-19
   3   1   4  -6.60482250000E-03
   4   1   4   6.90503125000E-04
   1   2   4   1.08420217249E-19
   2   2   4   0.00000000000E+00
   3   2   4   0.00000000000E+00
   4   2   4   0.00000000000E+00
   1   3   4  -6.60482250000E-03
   2   3   4  -1.08420217249E-19
   3   3   4   3.99679062500E-03
   4   3   4  -6.90503125000E-04
   1   4   4   6.90503125000E-04
   2   4   4   0.00000000000E+00
   3   4   4  -6.90503125000E-04
   4   4   4   0.00000000000E+00
   1   3   1   1
   1   1   1  -2.16840434497E-19
   2   1   1   1.75705018750E-02
   3   1   1  -3.13140375000E-03
   4   1   1   1.75705018750E-02
   1   2   1  -1.08420217249E-19
   2   2   1   6.90503125000E-04
   3   2   1   6.90503125000E-04
   4   2   1  -1.08420217249E-19
   1   3   1   8.67361737988E-19
   2   3   1  -6.60482250000E-03
   3   3   1  -1.08420217249E-19
   4   3   1  -6.60482250000E-03
   1   4   1  -1.08420217249E-19
   2   4   1  -1.08420217249E-19
   3   4   1   6.90503125000E-04
   4   4   1   6.90503125000E-04
   1   1   2  -1.08420217249E-19
   2   1   2   6.90503125000E-04
   3   1   2   6.90503125000E-04
   4   1   2   1.08420217249E-19
   1   2   2   6.60482250000E-03
   2   2   2   0.00000000000E+00
   3   2   2   6.60482250000E-03
   4   2   2   0.00000000000E+00
   1   3   2  -6.90503125000E-04
   2   3   2  -6.90503125000E-04
   3   3   2   0.00000000000E+00
   4   3   2   1.08420217249E-19
   1   4   2  -1.75705018750E-02
   2   4   2   0.00000000000E+00
   3   4   2  -3.99679062500E-03
   4   4   2   0.00000000000E+00
   1   1   3   8.67361737988E-19
   2   1   3  -6.60482250000E-03
   3   1   3  -2.16840434497E-19
   4   1   3  -6.60482250000E-03
   1   2   3  -6.90503125000E-04
   2   2   3  -6.90503125000E-04
   3   2   3   0.00000000000E+00
   4   2   3   1.08420217249E-19
   1   3   3   3.13140375000E-03
   2   3   3   3.99679062500E-03
   3   3   3   1.08420217249E-19
   4   3   3   3.99679062500E-03
   1   4   3  -6.90503125000E-04
   2   4   3   1.08420217249E-19
   3   4   3   0.00000000000E+00
   4   4   3  -6.90503125000E-04
   1   1   4  -1.08420217249E-19
   2   1   4   1.08420217249E-19
   3   1   4   6.90503125000E-04
   4   1   4   6.90503125000E-04
   1   2   4  -1.75705018750E-02
   2   2   4   0.00000000000E+00
   3   2   4  -3.99679062500E-03
   4   2   4   0.00000000000E+00
   1   3   4  -6.90503125000E-04
   2   3   4   1.08420217249E-19
   3   3   4   0.00000000000E+00
   4   3   4  -6.90503125000E-04
   1   4   4   6.60482250000E-03
   2   4   4   0.00000000000E+00
   3   4   4   6.60482250000E-03
   4   4   4   0.00000000000E+00
   2   1   1   1
   1   1   1  -6.50521303491E-19
   2   1   1   1.08420217249E-19
   3   1   1   0.00000000000E+00
   4   1   1   1.08420217249E-19
   1   2   1   1.08420217249E-19
   2   2   1   6.60482250000E-03
   3   2   1  -6.90503125000E-04
   4   2   1  -1.75705018750E-02
   1   3   1  -8.67361737988E-19
   2   3   1  -6.90503125000E-04
   3   3   1   3.13140375000E-03
   4   3   1  -6.90503125000E-04
   1   4   1   1.08420217249E-19
   2   4   1  -1.75705018750E-02
   3   4   1  -6.90503125000E-04
   4   4   1   6.60482250000E-03
   1   1   2   1.75705018750E-02
   2   1   2   6.90503125000E-04
   3   1   2  -6.60482250000E-03
   4   1   2   1.08420217249E-19
   1   2   2   6.90503125000E-04
   2   2   2   0.00000000000E+00
   3   2   2  -6.90503125000E-04
   4   2   2   0.00000000000E+00
   1   3   2  -6.60482250000E-03
   2   3   2  -6.90503125000E-04
   3   3   2   3.99679062500E-03
   4   3   2  -1.08420217249E-19
   1   4   2   1.08420217249E-19
   2   4   2   0.00000000000E+00
   3   4   2   0.00000000000E+00
   4   4   2   0.00000000000E+00
   1   1   3  -3.13140375000E-03
   2   1   3   6.90503125000E-04
   3   1   3   0.00000000000E+00
   4   1   3   6.90503125000E-04
   1   2   3   6.90503125000E-04
   2   2   3   6.60482250000E-03
   3   2   3   0.00000000000E+00
   4   2   3  -3.99679062500E-03
   1   3   3  -8.67361737988E-19
   2   3   3  -1.08420217249E-19
   3   3   3   0.00000000000E+00
   4   3   3  -1.08420217249E-19
   1   4   3   6.90503125000E-04
   2   4   3  -3.99679062500E-03
   3   4   3   0.00000000000E+00
   4   4   3   6.60482250000E-03
   1   1   4   1.75705018750E-02
   2   1   4   1.08420217249E-19
   3   1   4  -6.60482250000E-03
   4   1   4   6.90503125000E-04
   1   2   4   1.08420217249E-19
   2   2   4   0.00000000000E+00
   3   2   4   0.00000000000E+00
   4   2   4   0.00000000000E+00
   1   3   4  -6.60482250000E-03
   2   3   4  -1.08420217249E-19
   3   3   4   3.99679062500E-03
   4   3   4  -6.90503125000E-04
   1   4   4   6.90503125000E-04
   2   4   4   0.00000000000E+00
   3   4   4  -6.90503125000E-04
   4   4   4   0.00000000000E+00
   2   2   1   1
   1   1   1   7.40186925000E-02
   2   1   1   9.67682750000E-03
   3   1   1  -1.02233600000E-02
   4   1   1   9.67682750000E-03
   1   2   1  -1.37505684375E-02
   2   2   1  -1.65254843750E-03
   3   2   1  -1.65254843750E-03
   4   2   1  -1.37505684375E-02
   1   3   1   2.00220500000E-03
   2   3   1   8.15757500000E-04
   3   3   1   2.00220500000E-03
   4   3   1   8.15757500000E-04
   1   4   1  -1.37505684375E-02
   2   4   1  -1.37505684375E-02
   3   4   1  -1.65254843750E-03
   4   4   1  -1.65254843750E-03
   1   1   2  -1.37505684375E-02
   2   1   2  -1.65254843750E-03
   3   1   2  -1.65254843750E-03
   4   1   2  -1.37505684375E-02
   1   2   2   8.15757500000E-04
   2   2   2   1.58549056250E-02
   3   2   2   8.15757500000E-04
   4   2   2  -1.03108581250E-02
   1   3   2  -1.65254843750E-03
   2   3   2  -1.65254843750E-03
   3   3   2   4.24525531250E-03
   4   3   2   4.24525531250E-03
   1   4   2   9.67682750000E-03
   2   4   2   1.13330937500E-03
   3   4   2  -5.61613875000E-03
   4   4   2   1.13330937500E-03
   1   1   3   2.00220500000E-03
   2   1   3   8.15757500000E-04
   3   1   3   2.00220500000E-03
   4   1   3   8.15757500000E-04
   1   2   3  -1.65254843750E-03
   2   2   3  -1.65254843750E-03
   3   2   3   4.24525531250E-03
   4   2   3   4.24525531250E-03
   1   3   3  -1.02233600000E-02
   2   3   3  -5.61613875000E-03
   3   3   3   2.63305000000E-03
   4   3   3  -5.61613875000E-03
   1   4   3  -1.65254843750E-03
   2   4   3   4.24525531250E-03
   3   4   3   4.24525531250E-03
   4   4   3  -1.65254843750E-03
   1   1   4  -1.37505684375E-02
   2   1   4  -1.37505684375E-02
   3   1   4  -1.65254843750E-03
   4   1   4  -1.65254843750E-03
   1   2   4   9.67682750000E-03
   2   2   4   1.13330937500E-03
   3   2   4  -5.61613875000E-03
   4   2   4   1.13330937500E-03
   1   3   4  -1.65254843750E-03
   2   3   4   4.24525531250E-03
   3   3   4   4.24525531250E-03
   4   3   4  -1.65254843750E-03
   1   4   4   8.15757500000E-04
   2   4   4  -1.03108581250E-02
   3   4   4   8.15757500000E-04
   4   4   4   1.58549056250E-02
   2   3   1   1
   1   1   1  -2.16840434497E-19
   2   1   1   1.08420217249E-19
   3   1   1  -2.16840434497E-19
   4   1   1   1.08420217249E-19
   1   2   1  -1.75705018750E-02
   2   2   1  -6.90503125000E-04
   3   2   1   6.60482250000E-03
   4   2   1  -1.08420217249E-19
   1   3   1   3.13140375000E-03
   2   3   1  -6.90503125000E-04
   3   3   1  -1.08420217249E-19
   4   3   1  -6.90503125000E-04
   1   4   1  -1.75705018750E-02
   2   4   1  -1.08420217249E-19
   3   4   1   6.60482250000E-03
   4   4   1  -6.90503125000E-04
   1   1   2  -1.08420217249E-19
   2   1   2  -6.60482250000E-03
   3   1   2   6.90503125000E-04
   4   1   2   1.75705018750E-02
   1   2   2  -6.90503125000E-04
   2   2   2   0.00000000000E+00
   3   2   2   6.90503125000E-04
   4   2   2   0.00000000000E+00
   1   3   2  -6.90503125000E-04
   2   3   2  -6.60482250000E-03
   3   3   2   0.00000000000E+00
   4   3   2   3.99679062500E-03
   1   4   2  -1.08420217249E-19
   2   4   2   0.00000000000E+00
   3   4   2   0.00000000000E+00
   4   4   2   0.00000000000E+00
   1   1   3   8.67361737988E-19
   2   1   3   6.90503125000E-04
   3   1   3  -3.13140375000E-03
   4   1   3   6.90503125000E-04
   1   2   3   6.60482250000E-03
   2   2   3   6.90503125000E-04
   3   2   3  -3.99679062500E-03
   4   2   3   1.08420217249E-19
   1   3   3   8.67361737988E-19
   2   3   3   1.08420217249E-19
   3   3   3   1.08420217249E-19
   4   3   3   1.08420217249E-19
   1   4   3   6.60482250000E-03
   2   4   3   1.08420217249E-19
   3   4   3  -3.99679062500E-03
   4   4   3   6.90503125000E-04
   1   1   4  -1.08420217249E-19
   2   1   4   1.75705018750E-02
   3   1   4   6.90503125000E-04
   4   1   4  -6.60482250000E-03
   1   2   4  -1.08420217249E-19
   2   2   4   0.00000000000E+00
   3   2   4   0.00000000000E+00
   4   2   4   0.00000000000E+00
   1   3   4  -6.90503125000E-04
   2   3   4   3.99679062500E-03
   3   3   4   0.00000000000E+00
   4   3   4  -6.60482250000E-03
   1   4   4  -6.90503125000E-04
   2   4   4   0.00000000000E+00
   3   4   4   6.90503125000E-04
   4   4   4   0.00000000000E+00
   3   1   1   1
   1   1   1  -2.16840434497E-19
   2   1   1   1.75705018750E-02
   3   1   1  -3.13140375000E-03
   4   1   1   1.75705018750E-02
   1   2   1  -1.08420217249E-19
   2   2   1   6.90503125000E-04
   3   2   1   6.90503125000E-04
   4   2   1  -1.08420217249E-19
   1   3   1   8.67361737988E-19
   2   3   1  -6.60482250000E-03
   3   3   1  -1.08420217249E-19
   4   3   1  -6.60482250000E-03
   1   4   1  -1.08420217249E-19
   2   4   1  -1.08420217249E-19
   3   4   1   6.90503125000E-04
   4   4   1   6.90503125000E-04
   1   1   2  -1.08420217249E-19
   2   1   2   6.90503125000E-04
   3   1   2   6.90503125000E-04
   4   1   2   1.08420217249E-19
   1   2   2   6.60482250000E-03
   2   2   2   0.00000000000E+00
   3   2   2   6.60482250000E-03
   4   2   2   0.00000000000E+00
   1   3   2  -6.90503125000E-04
   2   3   2  -6.90503125000E-04
   3   3   2   0.00000000000E+00
   4   3   2   1.08420217249E-19
   1   4   2  -1.75705018750E-02
   2   4   2   0.00000000000E+00
   3   4   2  -3.99679062500E-03
   4   4   2   0.00000000000E+00
   1   1   3   8.67361737988E-19
   2   1   3  -6.60482250000E-03
   3   1   3  -2.16840434497E-19
   4   1   3  -6.60482250000E-03
   1   2   3  -6.90503125000E-04
   2   2   3  -6.90503125000E-04
   3   2   3   0.00000000000E+00
   4   2   3   1.08420217249E-19
   1   3   3   3.13140375000E-03
   2   3   3   3.99679062500E-03
   3   3   3   1.08420217249E-19
   4   3   3   3.99679062500E-03
   1   4   3  -6.90503125000E-04
   2   4   3   1.08420217249E-19
   3   4   3   0.00000000000E+00
   4   4   3  -6.90503125000E-04
   1   1   4  -1.08420217249E-19
   2   1   4   1.08420217249E-19
   3   1   4   6.90503125000E-04
   4   1   4   6.90503125000E-04
   1   2   4  -1.75705018750E-02
   2   2   4   0.00000000000E+00
   3   2   4  -3.99679062500E-03
   4   2   4   0.00000000000E+00
   1   3   4  -6.90503125000E-04
   2   3   4   1.08420217249E-19
   3   3   4   0.00000000000E+00
   4   3   4  -6.90503125000E-04
   1   4   4   6.60482250000E-03
   2   4   4   0.00000000000E+00
   3   4   4   6.60482250000E-03
   4   4   4   0.00000000000E+00
   3   2   1   1
   1   1   1  -2.16840434497E-19
   2   1   1   1.08420217249E-19
   3   1   1  -2.16840434497E-19
   4   1   1   1.08420217249E-19
   1   2   1  -1.75705018750E-02
   2   2   1  -6.90503125000E-04
   3   2   1   6.60482250000E-03
   4   2   1  -1.08420217249E-19
   1   3   1   3.13140375000E-03
   2   3   1  -6.90503125000E-04
   3   3   1  -1.08420217249E-19
   4   3   1  -6.90503125000E-04
   1   4   1  -1.75705018750E-02
   2   4   1  -1.08420217249E-19
   3   4   1   6.60482250000E-03
   4   4   1  -6.90503125000E-04
   1   1   2  -1.08420217249E-19
   2   1   2  -6.60482250000E-03
   3   1   2   6.90503125000E-04
   4   1   2   1.75705018750E-02
   1   2   2  -6.90503125000E-04
   2   2   2   0.00000000000E+00
   3   2   2   6.90503125000E-04
   4   2   2   0.00000000000E+00
   1   3   2  -6.90503125000E-04
   2   3   2  -6.60482250000E-03
   3   3   2   0.00000000000E+00
   4   3   2   3.99679062500E-03
   1   4   2  -1.08420217249E-19
   2   4   2   0.00000000000E+00
   3   4   2   0.00000000000E+00
   4   4   2   0.00000000000E+00
   1   1   3   8.67361737988E-19
   2   1   3   6.90503125000E-04
   3   1   3  -3.13140375000E-03
   4   1   3   6.90503125000E-04
   1   2   3   6.60482250000E-03
   2   2   3   6.90503125000E-04
   3   2   3  -3.99679062500E-03
   4   2   3   1.08420217249E-19
   1   3   3   8.67361737988E-19
   2   3   3   1.08420217249E-19
   3   3   3   1.08420217249E-19
   4   3   3   1.08420217249E-19
   1   4   3   6.60482250000E-03
   2   4   3   1.08420217249E-19
   3   4   3  -3.99679062500E-03
   4   4   3   6.90503125000E-04
   1   1   4  -1.08420217249E-19
   2   1   4   1.75705018750E-02
   3   1   4   6.90503125000E-04
   4   1   4  -6.60482250000E-03
   1   2   4  -1.08420217249E-19
   2   2   4   0.00000000000E+00
   3   2   4   0.00000000000E+00
   4   2   4   0.00000000000E+00
   1   3   4  -6.90503125000E-04
   2   3   4   3.99679062500E-03
   3   3   4   0.00000000000E+00
   4   3   4  -6.60482250000E-03
   1   4   4  -6.90503125000E-04
   2   4   4   0.00000000000E+00
   3   4   4   6.90503125000E-04
   4   4   4   0.00000000000E+00
   3   3   1   1
   1   1   1   7.40186925000E-02
   2   1   1  -1.37505684375E-02
   3   1   1   2.00220500000E-03
   4   1   1  -1.37505684375E-02
   1   2   1  -1.37505684375E-02
   2   2   1   8.15757500000E-04
   3   2   1  -1.65254843750E-03
   4   2   1   9.67682750000E-03
   1   3   1   2.00220500000E-03
   2   3   1  -1.65254843750E-03
   3   3   1  -1.02233600000E-02
   4   3   1  -1.65254843750E-03
   1   4   1  -1.37505684375E-02
   2   4   1   9.67682750000E-03
   3   4   1  -1.65254843750E-03
   4   4   1   8.15757500000E-04
   1   1   2   9.67682750000E-03
   2   1   2  -1.65254843750E-03
   3   1   2   8.15757500000E-04
   4   1   2  -1.37505684375E-02
   1   2   2  -1.65254843750E-03
   2   2   2   1.58549056250E-02
   3   2   2  -1.65254843750E-03
   4   2   2   1.13330937500E-03
   1   3   2   8.15757500000E-04
   2   3   2  -1.65254843750E-03
   3   3   2  -5.61613875000E-03
   4   3   2   4.24525531250E-03
   1   4   2  -1.37505684375E-02
   2   4   2   1.13330937500E-03
   3   4   2   4.24525531250E-03
   4   4   2  -1.03108581250E-02
   1   1   3  -1.02233600000E-02
   2   1   3  -1.65254843750E-03
   3   1   3   2.00220500000E-03
   4   1   3  -1.65254843750E-03
   1   2   3  -1.65254843750E-03
   2   2   3   8.15757500000E-04
   3   2   3   4.24525531250E-03
   4   2   3  -5.61613875000E-03
   1   3   3   2.00220500000E-03
   2   3   3   4.24525531250E-03
   3   3   3   2.63305000000E-03
   4   3   3   4.24525531250E-03
   1   4   3  -1.65254843750E-03
   2   4   3  -5.61613875000E-03
   3   4   3   4.24525531250E-03
   4   4   3   8.15757500000E-04
   1   1   4   9.67682750000E-03
   2   1   4  -1.37505684375E-02
   3   1   4   8.15757500000E-04
   4   1   4  -1.65254843750E-03
   1   2   4  -1.37505684375E-02
   2   2   4  -1.03108581250E-02
   3   2   4   4.24525531250E-03
   4   2   4   1.13330937500E-03
   1   3   4   8.15757500000E-04
   2   3   4   4.24525531250E-03
   3   3   4  -5.61613875000E-03
   4   3   4  -1.65254843750E-03
   1   4   4  -1.65254843750E-03
   2   4   4   1.13330937500E-03
   3   4   4  -1.65254843750E-03
   4   4   4   1.58549056250E-02
