  1.500000000000000E-002  0.612137110380930        2.12324343671892     
   4   4   4
   1   1   1   1
   1   1   1   7.64721734375E-02
   2   1   1  -1.36135837500E-02
   3   1   1   2.05896593750E-03
   4   1   1  -1.36135837500E-02
   1   2   1   1.05147109375E-02
   2   2   1  -1.40346125000E-03
   3   2   1   5.40928437500E-04
   4   2   1  -1.36135837500E-02
   1   3   1  -1.77481315625E-02
   2   3   1  -1.40346125000E-03
   3   3   1   2.05896593750E-03
   4   3   1  -1.40346125000E-03
   1   4   1   1.05147109375E-02
   2   4   1  -1.36135837500E-02
   3   4   1   5.40928437500E-04
   4   4   1  -1.40346125000E-03
   1   1   2  -1.36135837500E-02
   2   1   2   5.40928437500E-04
   3   1   2  -1.40346125000E-03
   4   1   2   1.05147109375E-02
   1   2   2  -1.40346125000E-03
   2   2   2   2.29930684375E-02
   3   2   2  -1.40346125000E-03
   4   2   2   1.61114593750E-03
   1   3   2  -1.40346125000E-03
   2   3   2   5.40928437500E-04
   3   3   2   5.23352625000E-03
   4   3   2  -8.06065406250E-03
   1   4   2  -1.36135837500E-02
   2   4   2  -1.66217465625E-02
   3   4   2   5.23352625000E-03
   4   4   2   1.61114593750E-03
   1   1   3   2.05896593750E-03
   2   1   3  -1.40346125000E-03
   3   1   3  -1.77481315625E-02
   4   1   3  -1.40346125000E-03
   1   2   3   5.40928437500E-04
   2   2   3  -1.40346125000E-03
   3   2   3  -8.06065406250E-03
   4   2   3   5.23352625000E-03
   1   3   3   2.05896593750E-03
   2   3   3   5.23352625000E-03
   3   3   3   6.95932343750E-03
   4   3   3   5.23352625000E-03
   1   4   3   5.40928437500E-04
   2   4   3   5.23352625000E-03
   3   4   3  -8.06065406250E-03
   4   4   3  -1.40346125000E-03
   1   1   4  -1.36135837500E-02
   2   1   4   1.05147109375E-02
   3   1   4  -1.40346125000E-03
   4   1   4   5.40928437500E-04
   1   2   4  -1.36135837500E-02
   2   2   4   1.61114593750E-03
   3   2   4   5.23352625000E-03
   4   2   4  -1.66217465625E-02
   1   3   4  -1.40346125000E-03
   2   3   4  -8.06065406250E-03
   3   3   4   5.23352625000E-03
   4   3   4   5.40928437500E-04
   1   4   4  -1.40346125000E-03
   2   4   4   1.61114593750E-03
   3   4   4  -1.40346125000E-03
   4   4   4   2.29930684375E-02
   1   2   1   1
   1   1   1  -6.50521303491E-19
   2   1   1   1.08420217249E-19
   3   1   1   0.00000000000E+00
   4   1   1   1.08420217249E-19
   1   2   1  -1.08420217249E-19
   2   2   1   1.00729568750E-02
   3   2   1  -1.13000125000E-03
   4   2   1  -1.88716531250E-02
   1   3   1   0.00000000000E+00
   2   3   1  -1.13000125000E-03
   3   3   1   1.77394000000E-03
   4   3   1  -1.13000125000E-03
   1   4   1  -1.08420217249E-19
   2   4   1  -1.88716531250E-02
   3   4   1  -1.13000125000E-03
   4   4   1   1.00729568750E-02
   1   1   2   1.88716531250E-02
   2   1   2   1.13000125000E-03
   3   1   2  -1.00729568750E-02
   4   1   2   1.08420217249E-19
   1   2   2   1.13000125000E-03
   2   2   2   0.00000000000E+00
   3   2   2  -1.13000125000E-03
   4   2   2   0.00000000000E+00
   1   3   2  -1.00729568750E-02
   2   3   2  -1.13000125000E-03
   3   3   2   7.47530812500E-03
   4   3   2  -1.08420217249E-19
   1   4   2  -1.08420217249E-19
   2   4   2   0.00000000000E+00
   3   4   2  -1.08420217249E-19
   4   4   2   0.00000000000E+00
   1   1   3  -1.77394000000E-03
   2   1   3   1.13000125000E-03
   3   1   3   0.00000000000E+00
   4   1   3   1.13000125000E-03
   1   2   3   1.13000125000E-03
   2   2   3   1.00729568750E-02
   3   2   3  -1.08420217249E-19
   4   2   3  -7.47530812500E-03
   1   3   3   0.00000000000E+00
   2   3   3  -1.08420217249E-19
   3   3   3   2.16840434497E-19
   4   3   3  -1.08420217249E-19
   1   4   3   1.13000125000E-03
   2   4   3  -7.47530812500E-03
   3   4   3  -1.08420217249E-19
   4   4   3   1.00729568750E-02
   1   1   4   1.88716531250E-02
   2   1   4   1.08420217249E-19
   3   1   4  -1.00729568750E-02
   4   1   4   1.13000125000E-03
   1   2   4  -1.08420217249E-19
   2   2   4   0.00000000000E+00
   3   2   4  -1.08420217249E-19
   4   2   4   0.00000000000E+00
   1   3   4  -1.00729568750E-02
   2   3   4  -1.08420217249E-19
   3   3   4   7.47530812500E-03
   4   3   4  -1.13000125000E-03
   1   4   4   1.13000125000E-03
   2   4   4   0.00000000000E+00
   3   4   4  -1.13000125000E-03
   4   4   4   0.00000000000E+00
   1   3   1   1
   1   1   1   4.33680868994E-19
   2   1   1   1.88716531250E-02
   3   1   1  -1.77394000000E-03
   4   1   1   1.88716531250E-02
   1   2   1   1.08420217249E-19
   2   2   1   1.13000125000E-03
   3   2   1   1.13000125000E-03
   4   2   1  -1.08420217249E-19
   1   3   1  -2.16840434497E-19
   2   3   1  -1.00729568750E-02
   3   3   1   3.79470760370E-19
   4   3   1  -1.00729568750E-02
   1   4   1   1.08420217249E-19
   2   4   1  -1.08420217249E-19
   3   4   1   1.13000125000E-03
   4   4   1   1.13000125000E-03
   1   1   2   1.08420217249E-19
   2   1   2   1.13000125000E-03
   3   1   2   1.13000125000E-03
   4   1   2   1.08420217249E-19
   1   2   2   1.00729568750E-02
   2   2   2   0.00000000000E+00
   3   2   2   1.00729568750E-02
   4   2   2   0.00000000000E+00
   1   3   2  -1.13000125000E-03
   2   3   2  -1.13000125000E-03
   3   3   2   5.42101086243E-20
   4   3   2   1.08420217249E-19
   1   4   2  -1.88716531250E-02
   2   4   2   0.00000000000E+00
   3   4   2  -7.47530812500E-03
   4   4   2   0.00000000000E+00
   1   1   3  -2.16840434497E-19
   2   1   3  -1.00729568750E-02
   3   1   3   3.25260651746E-19
   4   1   3  -1.00729568750E-02
   1   2   3  -1.13000125000E-03
   2   2   3  -1.13000125000E-03
   3   2   3   0.00000000000E+00
   4   2   3   1.08420217249E-19
   1   3   3   1.77394000000E-03
   2   3   3   7.47530812500E-03
   3   3   3  -2.71050543121E-19
   4   3   3   7.47530812500E-03
   1   4   3  -1.13000125000E-03
   2   4   3   1.08420217249E-19
   3   4   3   0.00000000000E+00
   4   4   3  -1.13000125000E-03
   1   1   4   1.08420217249E-19
   2   1   4   1.08420217249E-19
   3   1   4   1.13000125000E-03
   4   1   4   1.13000125000E-03
   1   2   4  -1.88716531250E-02
   2   2   4   0.00000000000E+00
   3   2   4  -7.47530812500E-03
   4   2   4   0.00000000000E+00
   1   3   4  -1.13000125000E-03
   2   3   4   1.08420217249E-19
   3   3   4   5.42101086243E-20
   4   3   4  -1.13000125000E-03
   1   4   4   1.00729568750E-02
   2   4   4   0.00000000000E+00
   3   4   4   1.00729568750E-02
   4   4   4   0.00000000000E+00
   2   1   1   1
   1   1   1  -6.50521303491E-19
   2   1   1   1.08420217249E-19
   3   1   1   0.00000000000E+00
   4   1   1   1.08420217249E-19
   1   2   1  -1.08420217249E-19
   2   2   1   1.00729568750E-02
   3   2   1  -1.13000125000E-03
   4   2   1  -1.88716531250E-02
   1   3   1   0.00000000000E+00
   2   3   1  -1.13000125000E-03
   3   3   1   1.77394000000E-03
   4   3   1  -1.13000125000E-03
   1   4   1  -1.08420217249E-19
   2   4   1  -1.88716531250E-02
   3   4   1  -1.13000125000E-03
   4   4   1   1.00729568750E-02
   1   1   2   1.88716531250E-02
   2   1   2   1.13000125000E-03
   3   1   2  -1.00729568750E-02
   4   1   2   1.08420217249E-19
   1   2   2   1.13000125000E-03
   2   2   2   0.00000000000E+00
   3   2   2  -1.13000125000E-03
   4   2   2   0.00000000000E+00
   1   3   2  -1.00729568750E-02
   2   3   2  -1.13000125000E-03
   3   3   2   7.47530812500E-03
   4   3   2  -1.08420217249E-19
   1   4   2  -1.08420217249E-19
   2   4   2   0.00000000000E+00
   3   4   2  -1.08420217249E-19
   4   4   2   0.00000000000E+00
   1   1   3  -1.77394000000E-03
   2   1   3   1.13000125000E-03
   3   1   3   0.00000000000E+00
   4   1   3   1.13000125000E-03
   1   2   3   1.13000125000E-03
   2   2   3   1.00729568750E-02
   3   2   3  -1.08420217249E-19
   4   2   3  -7.47530812500E-03
   1   3   3   0.00000000000E+00
   2   3   3  -1.08420217249E-19
   3   3   3   2.16840434497E-19
   4   3   3  -1.08420217249E-19
   1   4   3   1.13000125000E-03
   2   4   3  -7.47530812500E-03
   3   4   3  -1.08420217249E-19
   4   4   3   1.00729568750E-02
   1   1   4   1.88716531250E-02
   2   1   4   1.08420217249E-19
   3   1   4  -1.00729568750E-02
   4   1   4   1.13000125000E-03
   1   2   4  -1.08420217249E-19
   2   2   4   0.00000000000E+00
   3   2   4  -1.08420217249E-19
   4   2   4   0.00000000000E+00
   1   3   4  -1.00729568750E-02
   2   3   4  -1.08420217249E-19
   3   3   4   7.47530812500E-03
   4   3   4  -1.13000125000E-03
   1   4   4   1.13000125000E-03
   2   4   4   0.00000000000E+00
   3   4   4  -1.13000125000E-03
   4   4   4   0.00000000000E+00
   2   2   1   1
   1   1   1   7.64721734375E-02
   2   1   1   1.05147109375E-02
   3   1   1  -1.77481315625E-02
   4   1   1   1.05147109375E-02
   1   2   1  -1.36135837500E-02
   2   2   1  -1.40346125000E-03
   3   2   1  -1.40346125000E-03
   4   2   1  -1.36135837500E-02
   1   3   1   2.05896593750E-03
   2   3   1   5.40928437500E-04
   3   3   1   2.05896593750E-03
   4   3   1   5.40928437500E-04
   1   4   1  -1.36135837500E-02
   2   4   1  -1.36135837500E-02
   3   4   1  -1.40346125000E-03
   4   4   1  -1.40346125000E-03
   1   1   2  -1.36135837500E-02
   2   1   2  -1.40346125000E-03
   3   1   2  -1.40346125000E-03
   4   1   2  -1.36135837500E-02
   1   2   2   5.40928437500E-04
   2   2   2   2.29930684375E-02
   3   2   2   5.40928437500E-04
   4   2   2  -1.66217465625E-02
   1   3   2  -1.40346125000E-03
   2   3   2  -1.40346125000E-03
   3   3   2   5.23352625000E-03
   4   3   2   5.23352625000E-03
   1   4   2   1.05147109375E-02
   2   4   2   1.61114593750E-03
   3   4   2  -8.06065406250E-03
   4   4   2   1.61114593750E-03
   1   1   3   2.05896593750E-03
   2   1   3   5.40928437500E-04
   3   1   3   2.05896593750E-03
   4   1   3   5.40928437500E-04
   1   2   3  -1.40346125000E-03
   2   2   3  -1.40346125000E-03
   3   2   3   5.23352625000E-03
   4   2   3   5.23352625000E-03
   1   3   3  -1.77481315625E-02
   2   3   3  -8.06065406250E-03
   3   3   3   6.95932343750E-03
   4   3   3  -8.06065406250E-03
   1   4   3  -1.40346125000E-03
   2   4   3   5.23352625000E-03
   3   4   3   5.23352625000E-03
   4   4   3  -1.40346125000E-03
   1   1   4  -1.36135837500E-02
   2   1   4  -1.36135837500E-02
   3   1   4  -1.40346125000E-03
   4   1   4  -1.40346125000E-03
   1   2   4   1.05147109375E-02
   2   2   4   1.61114593750E-03
   3   2   4  -8.06065406250E-03
   4   2   4   1.61114593750E-03
   1   3   4  -1.40346125000E-03
   2   3   4   5.23352625000E-03
   3   3   4   5.23352625000E-03
   4   3   4  -1.40346125000E-03
   1   4   4   5.40928437500E-04
   2   4   4  -1.66217465625E-02
   3   4   4   5.40928437500E-04
   4   4   4   2.29930684375E-02
   2   3   1   1
   1   1   1   4.33680868994E-19
   2   1   1   1.08420217249E-19
   3   1   1   3.25260651746E-19
   4   1   1   1.08420217249E-19
   1   2   1  -1.88716531250E-02
   2   2   1  -1.13000125000E-03
   3   2   1   1.00729568750E-02
   4   2   1  -1.08420217249E-19
   1   3   1   1.77394000000E-03
   2   3   1  -1.13000125000E-03
   3   3   1   3.79470760370E-19
   4   3   1  -1.13000125000E-03
   1   4   1  -1.88716531250E-02
   2   4   1  -1.08420217249E-19
   3   4   1   1.00729568750E-02
   4   4   1  -1.13000125000E-03
   1   1   2   1.08420217249E-19
   2   1   2  -1.00729568750E-02
   3   1   2   1.13000125000E-03
   4   1   2   1.88716531250E-02
   1   2   2  -1.13000125000E-03
   2   2   2   0.00000000000E+00
   3   2   2   1.13000125000E-03
   4   2   2   0.00000000000E+00
   1   3   2  -1.13000125000E-03
   2   3   2  -1.00729568750E-02
   3   3   2   5.42101086243E-20
   4   3   2   7.47530812500E-03
   1   4   2   1.08420217249E-19
   2   4   2   0.00000000000E+00
   3   4   2   0.00000000000E+00
   4   4   2   0.00000000000E+00
   1   1   3  -2.16840434497E-19
   2   1   3   1.13000125000E-03
   3   1   3  -1.77394000000E-03
   4   1   3   1.13000125000E-03
   1   2   3   1.00729568750E-02
   2   2   3   1.13000125000E-03
   3   2   3  -7.47530812500E-03
   4   2   3   1.08420217249E-19
   1   3   3  -2.16840434497E-19
   2   3   3   1.08420217249E-19
   3   3   3  -2.71050543121E-19
   4   3   3   1.08420217249E-19
   1   4   3   1.00729568750E-02
   2   4   3   1.08420217249E-19
   3   4   3  -7.47530812500E-03
   4   4   3   1.13000125000E-03
   1   1   4   1.08420217249E-19
   2   1   4   1.88716531250E-02
   3   1   4   1.13000125000E-03
   4   1   4  -1.00729568750E-02
   1   2   4   1.08420217249E-19
   2   2   4   0.00000000000E+00
   3   2   4   0.00000000000E+00
   4   2   4   0.00000000000E+00
   1   3   4  -1.13000125000E-03
   2   3   4   7.47530812500E-03
   3   3   4   5.42101086243E-20
   4   3   4  -1.00729568750E-02
   1   4   4  -1.13000125000E-03
   2   4   4   0.00000000000E+00
   3   4   4   1.13000125000E-03
   4   4   4   0.00000000000E+00
   3   1   1   1
   1   1   1   4.33680868994E-19
   2   1   1   1.88716531250E-02
   3   1   1  -1.77394000000E-03
   4   1   1   1.88716531250E-02
   1   2   1   1.08420217249E-19
   2   2   1   1.13000125000E-03
   3   2   1   1.13000125000E-03
   4   2   1  -1.08420217249E-19
   1   3   1  -2.16840434497E-19
   2   3   1  -1.00729568750E-02
   3   3   1   3.79470760370E-19
   4   3   1  -1.00729568750E-02
   1   4   1   1.08420217249E-19
   2   4   1  -1.08420217249E-19
   3   4   1   1.13000125000E-03
   4   4   1   1.13000125000E-03
   1   1   2   1.08420217249E-19
   2   1   2   1.13000125000E-03
   3   1   2   1.13000125000E-03
   4   1   2   1.08420217249E-19
   1   2   2   1.00729568750E-02
   2   2   2   0.00000000000E+00
   3   2   2   1.00729568750E-02
   4   2   2   0.00000000000E+00
   1   3   2  -1.13000125000E-03
   2   3   2  -1.13000125000E-03
   3   3   2   5.42101086243E-20
   4   3   2   1.08420217249E-19
   1   4   2  -1.88716531250E-02
   2   4   2   0.00000000000E+00
   3   4   2  -7.47530812500E-03
   4   4   2   0.00000000000E+00
   1   1   3  -2.16840434497E-19
   2   1   3  -1.00729568750E-02
   3   1   3   3.25260651746E-19
   4   1   3  -1.00729568750E-02
   1   2   3  -1.13000125000E-03
   2   2   3  -1.13000125000E-03
   3   2   3   0.00000000000E+00
   4   2   3   1.08420217249E-19
   1   3   3   1.77394000000E-03
   2   3   3   7.47530812500E-03
   3   3   3  -2.71050543121E-19
   4   3   3   7.47530812500E-03
   1   4   3  -1.13000125000E-03
   2   4   3   1.08420217249E-19
   3   4   3   0.00000000000E+00
   4   4   3  -1.13000125000E-03
   1   1   4   1.08420217249E-19
   2   1   4   1.08420217249E-19
   3   1   4   1.13000125000E-03
   4   1   4   1.13000125000E-03
   1   2   4  -1.88716531250E-02
   2   2   4   0.00000000000E+00
   3   2   4  -7.47530812500E-03
   4   2   4   0.00000000000E+00
   1   3   4  -1.13000125000E-03
   2   3   4   1.08420217249E-19
   3   3   4   5.42101086243E-20
   4   3   4  -1.13000125000E-03
   1   4   4   1.00729568750E-02
   2   4   4   0.00000000000E+00
   3   4   4   1.00729568750E-02
   4   4   4   0.00000000000E+00
   3   2   1   1
   1   1   1   4.33680868994E-19
   2   1   1   1.08420217249E-19
   3   1   1   3.25260651746E-19
   4   1   1   1.08420217249E-19
   1   2   1  -1.88716531250E-02
   2   2   1  -1.13000125000E-03
   3   2   1   1.00729568750E-02
   4   2   1  -1.08420217249E-19
   1   3   1   1.77394000000E-03
   2   3   1  -1.13000125000E-03
   3   3   1   3.79470760370E-19
   4   3   1  -1.13000125000E-03
   1   4   1  -1.88716531250E-02
   2   4   1  -1.08420217249E-19
   3   4   1   1.00729568750E-02
   4   4   1  -1.13000125000E-03
   1   1   2   1.08420217249E-19
   2   1   2  -1.00729568750E-02
   3   1   2   1.13000125000E-03
   4   1   2   1.88716531250E-02
   1   2   2  -1.13000125000E-03
   2   2   2   0.00000000000E+00
   3   2   2   1.13000125000E-03
   4   2   2   0.00000000000E+00
   1   3   2  -1.13000125000E-03
   2   3   2  -1.00729568750E-02
   3   3   2   5.42101086243E-20
   4   3   2   7.47530812500E-03
   1   4   2   1.08420217249E-19
   2   4   2   0.00000000000E+00
   3   4   2   0.00000000000E+00
   4   4   2   0.00000000000E+00
   1   1   3  -2.16840434497E-19
   2   1   3   1.13000125000E-03
   3   1   3  -1.77394000000E-03
   4   1   3   1.13000125000E-03
   1   2   3   1.00729568750E-02
   2   2   3   1.13000125000E-03
   3   2   3  -7.47530812500E-03
   4   2   3   1.08420217249E-19
   1   3   3  -2.16840434497E-19
   2   3   3   1.08420217249E-19
   3   3   3  -2.71050543121E-19
   4   3   3   1.08420217249E-19
   1   4   3   1.00729568750E-02
   2   4   3   1.08420217249E-19
   3   4   3  -7.47530812500E-03
   4   4   3   1.13000125000E-03
   1   1   4   1.08420217249E-19
   2   1   4   1.88716531250E-02
   3   1   4   1.13000125000E-03
   4   1   4  -1.00729568750E-02
   1   2   4   1.08420217249E-19
   2   2   4   0.00000000000E+00
   3   2   4   0.00000000000E+00
   4   2   4   0.00000000000E+00
   1   3   4  -1.13000125000E-03
   2   3   4   7.47530812500E-03
   3   3   4   5.42101086243E-20
   4   3   4  -1.00729568750E-02
   1   4   4  -1.13000125000E-03
   2   4   4   0.00000000000E+00
   3   4   4   1.13000125000E-03
   4   4   4   0.00000000000E+00
   3   3   1   1
   1   1   1   7.64721734375E-02
   2   1   1  -1.36135837500E-02
   3   1   1   2.05896593750E-03
   4   1   1  -1.36135837500E-02
   1   2   1  -1.36135837500E-02
   2   2   1   5.40928437500E-04
   3   2   1  -1.40346125000E-03
   4   2   1   1.05147109375E-02
   1   3   1   2.05896593750E-03
   2   3   1  -1.40346125000E-03
   3   3   1  -1.77481315625E-02
   4   3   1  -1.40346125000E-03
   1   4   1  -1.36135837500E-02
   2   4   1   1.05147109375E-02
   3   4   1  -1.40346125000E-03
   4   4   1   5.40928437500E-04
   1   1   2   1.05147109375E-02
   2   1   2  -1.40346125000E-03
   3   1   2   5.40928437500E-04
   4   1   2  -1.36135837500E-02
   1   2   2  -1.40346125000E-03
   2   2   2   2.29930684375E-02
   3   2   2  -1.40346125000E-03
   4   2   2   1.61114593750E-03
   1   3   2   5.40928437500E-04
   2   3   2  -1.40346125000E-03
   3   3   2  -8.06065406250E-03
   4   3   2   5.23352625000E-03
   1   4   2  -1.36135837500E-02
   2   4   2   1.61114593750E-03
   3   4   2   5.23352625000E-03
   4   4   2  -1.66217465625E-02
   1   1   3  -1.77481315625E-02
   2   1   3  -1.40346125000E-03
   3   1   3   2.05896593750E-03
   4   1   3  -1.40346125000E-03
   1   2   3  -1.40346125000E-03
   2   2   3   5.40928437500E-04
   3   2   3   5.23352625000E-03
   4   2   3  -8.06065406250E-03
   1   3   3   2.05896593750E-03
   2   3   3   5.23352625000E-03
   3   3   3   6.95932343750E-03
   4   3   3   5.23352625000E-03
   1   4   3  -1.40346125000E-03
   2   4   3  -8.06065406250E-03
   3   4   3   5.23352625000E-03
   4   4   3   5.40928437500E-04
   1   1   4   1.05147109375E-02
   2   1   4  -1.36135837500E-02
   3   1   4   5.40928437500E-04
   4   1   4  -1.40346125000E-03
   1   2   4  -1.36135837500E-02
   2   2   4  -1.66217465625E-02
   3   2   4   5.23352625000E-03
   4   2   4   1.61114593750E-03
   1   3   4   5.40928437500E-04
   2   3   4   5.23352625000E-03
   3   3   4  -8.06065406250E-03
   4   3   4  -1.40346125000E-03
   1   4   4  -1.40346125000E-03
   2   4   4   1.61114593750E-03
   3   4   4  -1.40346125000E-03
   4   4   4   2.29930684375E-02
