  5.000000000000000E-003  0.611634550690563        1.33876113657714     
   4   4   4
   1   1   1   1
   1   1   1   4.06636496875E-02
   2   1   1  -9.65727812500E-04
   3   1   1  -7.56847187500E-04
   4   1   1  -9.65727812500E-04
   1   2   1   9.47954062500E-04
   2   2   1   1.71093750000E-06
   3   2   1  -1.84964062500E-04
   4   2   1  -9.65727812500E-04
   1   3   1  -3.56060453125E-02
   2   3   1   1.71093750000E-06
   3   3   1  -7.56847187500E-04
   4   3   1   1.71093750000E-06
   1   4   1   9.47954062500E-04
   2   4   1  -9.65727812500E-04
   3   4   1  -1.84964062500E-04
   4   4   1   1.71093750000E-06
   1   1   2  -9.65727812500E-04
   2   1   2  -1.84964062500E-04
   3   1   2   1.71093750000E-06
   4   1   2   9.47954062500E-04
   1   2   2   1.71093750000E-06
   2   2   2   3.77474646875E-02
   3   2   2   1.71093750000E-06
   4   2   2  -7.20157187500E-04
   1   3   2   1.71093750000E-06
   2   3   2  -1.84964062500E-04
   3   3   2   9.55893437500E-04
   4   3   2  -1.25233468750E-03
   1   4   2  -9.65727812500E-04
   2   4   2  -3.56221440625E-02
   3   4   2   9.55893437500E-04
   4   4   2  -7.20157187500E-04
   1   1   3  -7.56847187500E-04
   2   1   3   1.71093750000E-06
   3   1   3  -3.56060453125E-02
   4   1   3   1.71093750000E-06
   1   2   3  -1.84964062500E-04
   2   2   3   1.71093750000E-06
   3   2   3  -1.25233468750E-03
   4   2   3   9.55893437500E-04
   1   3   3  -7.56847187500E-04
   2   3   3   9.55893437500E-04
   3   3   3   3.49543521875E-02
   4   3   3   9.55893437500E-04
   1   4   3  -1.84964062500E-04
   2   4   3   9.55893437500E-04
   3   4   3  -1.25233468750E-03
   4   4   3   1.71093750000E-06
   1   1   4  -9.65727812500E-04
   2   1   4   9.47954062500E-04
   3   1   4   1.71093750000E-06
   4   1   4  -1.84964062500E-04
   1   2   4  -9.65727812500E-04
   2   2   4  -7.20157187500E-04
   3   2   4   9.55893437500E-04
   4   2   4  -3.56221440625E-02
   1   3   4   1.71093750000E-06
   2   3   4  -1.25233468750E-03
   3   3   4   9.55893437500E-04
   4   3   4  -1.84964062500E-04
   1   4   4   1.71093750000E-06
   2   4   4  -7.20157187500E-04
   3   4   4   1.71093750000E-06
   4   4   4   3.77474646875E-02
   1   2   1   1
   1   1   1  -1.27393755267E-18
   2   1   1   0.00000000000E+00
   3   1   1   0.00000000000E+00
   4   1   1   0.00000000000E+00
   1   2   1   0.00000000000E+00
   2   2   1   1.81389275000E-02
   3   2   1  -1.53298750000E-04
   4   2   1  -1.84090075000E-02
   1   3   1   0.00000000000E+00
   2   3   1  -1.53298750000E-04
   3   3   1   2.55700000000E-05
   4   3   1  -1.53298750000E-04
   1   4   1   0.00000000000E+00
   2   4   1  -1.84090075000E-02
   3   4   1  -1.53298750000E-04
   4   4   1   1.81389275000E-02
   1   1   2   1.84090075000E-02
   2   1   2   1.53298750000E-04
   3   1   2  -1.81389275000E-02
   4   1   2   0.00000000000E+00
   1   2   2   1.53298750000E-04
   2   2   2   0.00000000000E+00
   3   2   2  -1.53298750000E-04
   4   2   2   0.00000000000E+00
   1   3   2  -1.81389275000E-02
   2   3   2  -1.53298750000E-04
   3   3   2   1.78701775000E-02
   4   3   2   0.00000000000E+00
   1   4   2   0.00000000000E+00
   2   4   2   0.00000000000E+00
   3   4   2   0.00000000000E+00
   4   4   2   0.00000000000E+00
   1   1   3  -2.55700000000E-05
   2   1   3   1.53298750000E-04
   3   1   3   0.00000000000E+00
   4   1   3   1.53298750000E-04
   1   2   3   1.53298750000E-04
   2   2   3   1.81389275000E-02
   3   2   3   0.00000000000E+00
   4   2   3  -1.78701775000E-02
   1   3   3   0.00000000000E+00
   2   3   3   0.00000000000E+00
   3   3   3   1.27393755267E-18
   4   3   3   0.00000000000E+00
   1   4   3   1.53298750000E-04
   2   4   3  -1.78701775000E-02
   3   4   3   0.00000000000E+00
   4   4   3   1.81389275000E-02
   1   1   4   1.84090075000E-02
   2   1   4   0.00000000000E+00
   3   1   4  -1.81389275000E-02
   4   1   4   1.53298750000E-04
   1   2   4   0.00000000000E+00
   2   2   4   0.00000000000E+00
   3   2   4   0.00000000000E+00
   4   2   4   0.00000000000E+00
   1   3   4  -1.81389275000E-02
   2   3   4   0.00000000000E+00
   3   3   4   1.78701775000E-02
   4   3   4  -1.53298750000E-04
   1   4   4   1.53298750000E-04
   2   4   4   0.00000000000E+00
   3   4   4  -1.53298750000E-04
   4   4   4   0.00000000000E+00
   1   3   1   1
   1   1   1   6.43745039913E-19
   2   1   1   1.84090075000E-02
   3   1   1  -2.55700000000E-05
   4   1   1   1.84090075000E-02
   1   2   1   0.00000000000E+00
   2   2   1   1.53298750000E-04
   3   2   1   1.53298750000E-04
   4   2   1   0.00000000000E+00
   1   3   1  -6.23416249179E-19
   2   3   1  -1.81389275000E-02
   3   3   1   6.43745039913E-19
   4   3   1  -1.81389275000E-02
   1   4   1   0.00000000000E+00
   2   4   1   0.00000000000E+00
   3   4   1   1.53298750000E-04
   4   4   1   1.53298750000E-04
   1   1   2   6.77626357803E-21
   2   1   2   1.53298750000E-04
   3   1   2   1.53298750000E-04
   4   1   2   0.00000000000E+00
   1   2   2   1.81389275000E-02
   2   2   2   0.00000000000E+00
   3   2   2   1.81389275000E-02
   4   2   2   0.00000000000E+00
   1   3   2  -1.53298750000E-04
   2   3   2  -1.53298750000E-04
   3   3   2   6.77626357803E-21
   4   3   2   1.35525271561E-20
   1   4   2  -1.84090075000E-02
   2   4   2   0.00000000000E+00
   3   4   2  -1.78701775000E-02
   4   4   2   0.00000000000E+00
   1   1   3  -6.30192512757E-19
   2   1   3  -1.81389275000E-02
   3   1   3   6.50521303491E-19
   4   1   3  -1.81389275000E-02
   1   2   3  -1.53298750000E-04
   2   2   3  -1.53298750000E-04
   3   2   3   0.00000000000E+00
   4   2   3   0.00000000000E+00
   1   3   3   2.55700000000E-05
   2   3   3   1.78701775000E-02
   3   3   3  -6.30192512757E-19
   4   3   3   1.78701775000E-02
   1   4   3  -1.53298750000E-04
   2   4   3   0.00000000000E+00
   3   4   3   0.00000000000E+00
   4   4   3  -1.53298750000E-04
   1   1   4   6.77626357803E-21
   2   1   4   0.00000000000E+00
   3   1   4   1.53298750000E-04
   4   1   4   1.53298750000E-04
   1   2   4  -1.84090075000E-02
   2   2   4   0.00000000000E+00
   3   2   4  -1.78701775000E-02
   4   2   4   0.00000000000E+00
   1   3   4  -1.53298750000E-04
   2   3   4   1.35525271561E-20
   3   3   4   6.77626357803E-21
   4   3   4  -1.53298750000E-04
   1   4   4   1.81389275000E-02
   2   4   4   0.00000000000E+00
   3   4   4   1.81389275000E-02
   4   4   4   0.00000000000E+00
   2   1   1   1
   1   1   1  -1.27393755267E-18
   2   1   1   0.00000000000E+00
   3   1   1   0.00000000000E+00
   4   1   1   0.00000000000E+00
   1   2   1   0.00000000000E+00
   2   2   1   1.81389275000E-02
   3   2   1  -1.53298750000E-04
   4   2   1  -1.84090075000E-02
   1   3   1   0.00000000000E+00
   2   3   1  -1.53298750000E-04
   3   3   1   2.55700000000E-05
   4   3   1  -1.53298750000E-04
   1   4   1   0.00000000000E+00
   2   4   1  -1.84090075000E-02
   3   4   1  -1.53298750000E-04
   4   4   1   1.81389275000E-02
   1   1   2   1.84090075000E-02
   2   1   2   1.53298750000E-04
   3   1   2  -1.81389275000E-02
   4   1   2   0.00000000000E+00
   1   2   2   1.53298750000E-04
   2   2   2   0.00000000000E+00
   3   2   2  -1.53298750000E-04
   4   2   2   0.00000000000E+00
   1   3   2  -1.81389275000E-02
   2   3   2  -1.53298750000E-04
   3   3   2   1.78701775000E-02
   4   3   2   0.00000000000E+00
   1   4   2   0.00000000000E+00
   2   4   2   0.00000000000E+00
   3   4   2   0.00000000000E+00
   4   4   2   0.00000000000E+00
   1   1   3  -2.55700000000E-05
   2   1   3   1.53298750000E-04
   3   1   3   0.00000000000E+00
   4   1   3   1.53298750000E-04
   1   2   3   1.53298750000E-04
   2   2   3   1.81389275000E-02
   3   2   3   0.00000000000E+00
   4   2   3  -1.78701775000E-02
   1   3   3   0.00000000000E+00
   2   3   3   0.00000000000E+00
   3   3   3   1.27393755267E-18
   4   3   3   0.00000000000E+00
   1   4   3   1.53298750000E-04
   2   4   3  -1.78701775000E-02
   3   4   3   0.00000000000E+00
   4   4   3   1.81389275000E-02
   1   1   4   1.84090075000E-02
   2   1   4   0.00000000000E+00
   3   1   4  -1.81389275000E-02
   4   1   4   1.53298750000E-04
   1   2   4   0.00000000000E+00
   2   2   4   0.00000000000E+00
   3   2   4   0.00000000000E+00
   4   2   4   0.00000000000E+00
   1   3   4  -1.81389275000E-02
   2   3   4   0.00000000000E+00
   3   3   4   1.78701775000E-02
   4   3   4  -1.53298750000E-04
   1   4   4   1.53298750000E-04
   2   4   4   0.00000000000E+00
   3   4   4  -1.53298750000E-04
   4   4   4   0.00000000000E+00
   2   2   1   1
   1   1   1   4.06636496875E-02
   2   1   1   9.47954062500E-04
   3   1   1  -3.56060453125E-02
   4   1   1   9.47954062500E-04
   1   2   1  -9.65727812500E-04
   2   2   1   1.71093750000E-06
   3   2   1   1.71093750000E-06
   4   2   1  -9.65727812500E-04
   1   3   1  -7.56847187500E-04
   2   3   1  -1.84964062500E-04
   3   3   1  -7.56847187500E-04
   4   3   1  -1.84964062500E-04
   1   4   1  -9.65727812500E-04
   2   4   1  -9.65727812500E-04
   3   4   1   1.71093750000E-06
   4   4   1   1.71093750000E-06
   1   1   2  -9.65727812500E-04
   2   1   2   1.71093750000E-06
   3   1   2   1.71093750000E-06
   4   1   2  -9.65727812500E-04
   1   2   2  -1.84964062500E-04
   2   2   2   3.77474646875E-02
   3   2   2  -1.84964062500E-04
   4   2   2  -3.56221440625E-02
   1   3   2   1.71093750000E-06
   2   3   2   1.71093750000E-06
   3   3   2   9.55893437500E-04
   4   3   2   9.55893437500E-04
   1   4   2   9.47954062500E-04
   2   4   2  -7.20157187500E-04
   3   4   2  -1.25233468750E-03
   4   4   2  -7.20157187500E-04
   1   1   3  -7.56847187500E-04
   2   1   3  -1.84964062500E-04
   3   1   3  -7.56847187500E-04
   4   1   3  -1.84964062500E-04
   1   2   3   1.71093750000E-06
   2   2   3   1.71093750000E-06
   3   2   3   9.55893437500E-04
   4   2   3   9.55893437500E-04
   1   3   3  -3.56060453125E-02
   2   3   3  -1.25233468750E-03
   3   3   3   3.49543521875E-02
   4   3   3  -1.25233468750E-03
   1   4   3   1.71093750000E-06
   2   4   3   9.55893437500E-04
   3   4   3   9.55893437500E-04
   4   4   3   1.71093750000E-06
   1   1   4  -9.65727812500E-04
   2   1   4  -9.65727812500E-04
   3   1   4   1.71093750000E-06
   4   1   4   1.71093750000E-06
   1   2   4   9.47954062500E-04
   2   2   4  -7.20157187500E-04
   3   2   4  -1.25233468750E-03
   4   2   4  -7.20157187500E-04
   1   3   4   1.71093750000E-06
   2   3   4   9.55893437500E-04
   3   3   4   9.55893437500E-04
   4   3   4   1.71093750000E-06
   1   4   4  -1.84964062500E-04
   2   4   4  -3.56221440625E-02
   3   4   4  -1.84964062500E-04
   4   4   4   3.77474646875E-02
   2   3   1   1
   1   1   1   6.43745039913E-19
   2   1   1   0.00000000000E+00
   3   1   1   6.50521303491E-19
   4   1   1   0.00000000000E+00
   1   2   1  -1.84090075000E-02
   2   2   1  -1.53298750000E-04
   3   2   1   1.81389275000E-02
   4   2   1   0.00000000000E+00
   1   3   1   2.55700000000E-05
   2   3   1  -1.53298750000E-04
   3   3   1   6.43745039913E-19
   4   3   1  -1.53298750000E-04
   1   4   1  -1.84090075000E-02
   2   4   1   0.00000000000E+00
   3   4   1   1.81389275000E-02
   4   4   1  -1.53298750000E-04
   1   1   2   6.77626357803E-21
   2   1   2  -1.81389275000E-02
   3   1   2   1.53298750000E-04
   4   1   2   1.84090075000E-02
   1   2   2  -1.53298750000E-04
   2   2   2   0.00000000000E+00
   3   2   2   1.53298750000E-04
   4   2   2   0.00000000000E+00
   1   3   2  -1.53298750000E-04
   2   3   2  -1.81389275000E-02
   3   3   2   6.77626357803E-21
   4   3   2   1.78701775000E-02
   1   4   2   0.00000000000E+00
   2   4   2   0.00000000000E+00
   3   4   2   0.00000000000E+00
   4   4   2   0.00000000000E+00
   1   1   3  -6.30192512757E-19
   2   1   3   1.53298750000E-04
   3   1   3  -2.55700000000E-05
   4   1   3   1.53298750000E-04
   1   2   3   1.81389275000E-02
   2   2   3   1.53298750000E-04
   3   2   3  -1.78701775000E-02
   4   2   3   0.00000000000E+00
   1   3   3  -6.23416249179E-19
   2   3   3   1.35525271561E-20
   3   3   3  -6.30192512757E-19
   4   3   3   1.35525271561E-20
   1   4   3   1.81389275000E-02
   2   4   3   0.00000000000E+00
   3   4   3  -1.78701775000E-02
   4   4   3   1.53298750000E-04
   1   1   4   6.77626357803E-21
   2   1   4   1.84090075000E-02
   3   1   4   1.53298750000E-04
   4   1   4  -1.81389275000E-02
   1   2   4   0.00000000000E+00
   2   2   4   0.00000000000E+00
   3   2   4   0.00000000000E+00
   4   2   4   0.00000000000E+00
   1   3   4  -1.53298750000E-04
   2   3   4   1.78701775000E-02
   3   3   4   6.77626357803E-21
   4   3   4  -1.81389275000E-02
   1   4   4  -1.53298750000E-04
   2   4   4   0.00000000000E+00
   3   4   4   1.53298750000E-04
   4   4   4   0.00000000000E+00
   3   1   1   1
   1   1   1   6.43745039913E-19
   2   1   1   1.84090075000E-02
   3   1   1  -2.55700000000E-05
   4   1   1   1.84090075000E-02
   1   2   1   0.00000000000E+00
   2   2   1   1.53298750000E-04
   3   2   1   1.53298750000E-04
   4   2   1   0.00000000000E+00
   1   3   1  -6.23416249179E-19
   2   3   1  -1.81389275000E-02
   3   3   1   6.43745039913E-19
   4   3   1  -1.81389275000E-02
   1   4   1   0.00000000000E+00
   2   4   1   0.00000000000E+00
   3   4   1   1.53298750000E-04
   4   4   1   1.53298750000E-04
   1   1   2   6.77626357803E-21
   2   1   2   1.53298750000E-04
   3   1   2   1.53298750000E-04
   4   1   2   0.00000000000E+00
   1   2   2   1.81389275000E-02
   2   2   2   0.00000000000E+00
   3   2   2   1.81389275000E-02
   4   2   2   0.00000000000E+00
   1   3   2  -1.53298750000E-04
   2   3   2  -1.53298750000E-04
   3   3   2   6.77626357803E-21
   4   3   2   1.35525271561E-20
   1   4   2  -1.84090075000E-02
   2   4   2   0.00000000000E+00
   3   4   2  -1.78701775000E-02
   4   4   2   0.00000000000E+00
   1   1   3  -6.30192512757E-19
   2   1   3  -1.81389275000E-02
   3   1   3   6.50521303491E-19
   4   1   3  -1.81389275000E-02
   1   2   3  -1.53298750000E-04
   2   2   3  -1.53298750000E-04
   3   2   3   0.00000000000E+00
   4   2   3   0.00000000000E+00
   1   3   3   2.55700000000E-05
   2   3   3   1.78701775000E-02
   3   3   3  -6.30192512757E-19
   4   3   3   1.78701775000E-02
   1   4   3  -1.53298750000E-04
   2   4   3   0.00000000000E+00
   3   4   3   0.00000000000E+00
   4   4   3  -1.53298750000E-04
   1   1   4   6.77626357803E-21
   2   1   4   0.00000000000E+00
   3   1   4   1.53298750000E-04
   4   1   4   1.53298750000E-04
   1   2   4  -1.84090075000E-02
   2   2   4   0.00000000000E+00
   3   2   4  -1.78701775000E-02
   4   2   4   0.00000000000E+00
   1   3   4  -1.53298750000E-04
   2   3   4   1.35525271561E-20
   3   3   4   6.77626357803E-21
   4   3   4  -1.53298750000E-04
   1   4   4   1.81389275000E-02
   2   4   4   0.00000000000E+00
   3   4   4   1.81389275000E-02
   4   4   4   0.00000000000E+00
   3   2   1   1
   1   1   1   6.43745039913E-19
   2   1   1   0.00000000000E+00
   3   1   1   6.50521303491E-19
   4   1   1   0.00000000000E+00
   1   2   1  -1.84090075000E-02
   2   2   1  -1.53298750000E-04
   3   2   1   1.81389275000E-02
   4   2   1   0.00000000000E+00
   1   3   1   2.55700000000E-05
   2   3   1  -1.53298750000E-04
   3   3   1   6.43745039913E-19
   4   3   1  -1.53298750000E-04
   1   4   1  -1.84090075000E-02
   2   4   1   0.00000000000E+00
   3   4   1   1.81389275000E-02
   4   4   1  -1.53298750000E-04
   1   1   2   6.77626357803E-21
   2   1   2  -1.81389275000E-02
   3   1   2   1.53298750000E-04
   4   1   2   1.84090075000E-02
   1   2   2  -1.53298750000E-04
   2   2   2   0.00000000000E+00
   3   2   2   1.53298750000E-04
   4   2   2   0.00000000000E+00
   1   3   2  -1.53298750000E-04
   2   3   2  -1.81389275000E-02
   3   3   2   6.77626357803E-21
   4   3   2   1.78701775000E-02
   1   4   2   0.00000000000E+00
   2   4   2   0.00000000000E+00
   3   4   2   0.00000000000E+00
   4   4   2   0.00000000000E+00
   1   1   3  -6.30192512757E-19
   2   1   3   1.53298750000E-04
   3   1   3  -2.55700000000E-05
   4   1   3   1.53298750000E-04
   1   2   3   1.81389275000E-02
   2   2   3   1.53298750000E-04
   3   2   3  -1.78701775000E-02
   4   2   3   0.00000000000E+00
   1   3   3  -6.23416249179E-19
   2   3   3   1.35525271561E-20
   3   3   3  -6.30192512757E-19
   4   3   3   1.35525271561E-20
   1   4   3   1.81389275000E-02
   2   4   3   0.00000000000E+00
   3   4   3  -1.78701775000E-02
   4   4   3   1.53298750000E-04
   1   1   4   6.77626357803E-21
   2   1   4   1.84090075000E-02
   3   1   4   1.53298750000E-04
   4   1   4  -1.81389275000E-02
   1   2   4   0.00000000000E+00
   2   2   4   0.00000000000E+00
   3   2   4   0.00000000000E+00
   4   2   4   0.00000000000E+00
   1   3   4  -1.53298750000E-04
   2   3   4   1.78701775000E-02
   3   3   4   6.77626357803E-21
   4   3   4  -1.81389275000E-02
   1   4   4  -1.53298750000E-04
   2   4   4   0.00000000000E+00
   3   4   4   1.53298750000E-04
   4   4   4   0.00000000000E+00
   3   3   1   1
   1   1   1   4.06636496875E-02
   2   1   1  -9.65727812500E-04
   3   1   1  -7.56847187500E-04
   4   1   1  -9.65727812500E-04
   1   2   1  -9.65727812500E-04
   2   2   1  -1.84964062500E-04
   3   2   1   1.71093750000E-06
   4   2   1   9.47954062500E-04
   1   3   1  -7.56847187500E-04
   2   3   1   1.71093750000E-06
   3   3   1  -3.56060453125E-02
   4   3   1   1.71093750000E-06
   1   4   1  -9.65727812500E-04
   2   4   1   9.47954062500E-04
   3   4   1   1.71093750000E-06
   4   4   1  -1.84964062500E-04
   1   1   2   9.47954062500E-04
   2   1   2   1.71093750000E-06
   3   1   2  -1.84964062500E-04
   4   1   2  -9.65727812500E-04
   1   2   2   1.71093750000E-06
   2   2   2   3.77474646875E-02
   3   2   2   1.71093750000E-06
   4   2   2  -7.20157187500E-04
   1   3   2  -1.84964062500E-04
   2   3   2   1.71093750000E-06
   3   3   2  -1.25233468750E-03
   4   3   2   9.55893437500E-04
   1   4   2  -9.65727812500E-04
   2   4   2  -7.20157187500E-04
   3   4   2   9.55893437500E-04
   4   4   2  -3.56221440625E-02
   1   1   3  -3.56060453125E-02
   2   1   3   1.71093750000E-06
   3   1   3  -7.56847187500E-04
   4   1   3   1.71093750000E-06
   1   2   3   1.71093750000E-06
   2   2   3  -1.84964062500E-04
   3   2   3   9.55893437500E-04
   4   2   3  -1.25233468750E-03
   1   3   3  -7.56847187500E-04
   2   3   3   9.55893437500E-04
   3   3   3   3.49543521875E-02
   4   3   3   9.55893437500E-04
   1   4   3   1.71093750000E-06
   2   4   3  -1.25233468750E-03
   3   4   3   9.55893437500E-04
   4   4   3  -1.84964062500E-04
   1   1   4   9.47954062500E-04
   2   1   4  -9.65727812500E-04
   3   1   4  -1.84964062500E-04
   4   1   4   1.71093750000E-06
   1   2   4  -9.65727812500E-04
   2   2   4  -3.56221440625E-02
   3   2   4   9.55893437500E-04
   4   2   4  -7.20157187500E-04
   1   3   4  -1.84964062500E-04
   2   3   4   9.55893437500E-04
   3   3   4  -1.25233468750E-03
   4   3   4   1.71093750000E-06
   1   4   4   1.71093750000E-06
   2   4   4  -7.20157187500E-04
   3   4   4   1.71093750000E-06
   4   4   4   3.77474646875E-02
