  1.000000000000000E-002  0.612028886674362        1.88175823095835     
   4   4   4
   1   1   1   1
   1   1   1   7.26426259375E-02
   2   1   1  -1.04974781250E-02
   3   1   1   8.59174062500E-04
   4   1   1  -1.04974781250E-02
   1   2   1   9.69033656250E-03
   2   2   1  -4.61739375000E-04
   3   2   1  -9.76020312500E-04
   4   2   1  -1.04974781250E-02
   1   3   1  -3.07966265625E-02
   2   3   1  -4.61739375000E-04
   3   3   1   8.59174062500E-04
   4   3   1  -4.61739375000E-04
   1   4   1   9.69033656250E-03
   2   4   1  -1.04974781250E-02
   3   4   1  -9.76020312500E-04
   4   4   1  -4.61739375000E-04
   1   1   2  -1.04974781250E-02
   2   1   2  -9.76020312500E-04
   3   1   2  -4.61739375000E-04
   4   1   2   9.69033656250E-03
   1   2   2  -4.61739375000E-04
   2   2   2   3.53187709375E-02
   3   2   2  -4.61739375000E-04
   4   2   2   1.46883656250E-03
   1   3   2  -4.61739375000E-04
   2   3   2  -9.76020312500E-04
   3   3   2   6.64521812500E-03
   4   3   2  -1.01830446875E-02
   1   4   2  -1.04974781250E-02
   2   4   2  -2.94882528125E-02
   3   4   2   6.64521812500E-03
   4   4   2   1.46883656250E-03
   1   1   3   8.59174062500E-04
   2   1   3  -4.61739375000E-04
   3   1   3  -3.07966265625E-02
   4   1   3  -4.61739375000E-04
   1   2   3  -9.76020312500E-04
   2   2   3  -4.61739375000E-04
   3   2   3  -1.01830446875E-02
   4   2   3   6.64521812500E-03
   1   3   3   8.59174062500E-04
   2   3   3   6.64521812500E-03
   3   3   3   1.59624534375E-02
   4   3   3   6.64521812500E-03
   1   4   3  -9.76020312500E-04
   2   4   3   6.64521812500E-03
   3   4   3  -1.01830446875E-02
   4   4   3  -4.61739375000E-04
   1   1   4  -1.04974781250E-02
   2   1   4   9.69033656250E-03
   3   1   4  -4.61739375000E-04
   4   1   4  -9.76020312500E-04
   1   2   4  -1.04974781250E-02
   2   2   4   1.46883656250E-03
   3   2   4   6.64521812500E-03
   4   2   4  -2.94882528125E-02
   1   3   4  -4.61739375000E-04
   2   3   4  -1.01830446875E-02
   3   3   4   6.64521812500E-03
   4   3   4  -9.76020312500E-04
   1   4   4  -4.61739375000E-04
   2   4   4   1.46883656250E-03
   3   4   4  -4.61739375000E-04
   4   4   4   3.53187709375E-02
   1   2   1   1
   1   1   1  -4.33680868994E-19
   2   1   1   1.08420217249E-19
   3   1   1   0.00000000000E+00
   4   1   1   1.08420217249E-19
   1   2   1   0.00000000000E+00
   2   2   1   1.61520081250E-02
   3   2   1  -1.50952562500E-03
   4   2   1  -2.07801362500E-02
   1   3   1   1.73472347598E-18
   2   3   1  -1.50952562500E-03
   3   3   1   4.00541250000E-04
   4   3   1  -1.50952562500E-03
   1   4   1   0.00000000000E+00
   2   4   1  -2.07801362500E-02
   3   4   1  -1.50952562500E-03
   4   4   1   1.61520081250E-02
   1   1   2   2.07801362500E-02
   2   1   2   1.50952562500E-03
   3   1   2  -1.61520081250E-02
   4   1   2   1.08420217249E-19
   1   2   2   1.50952562500E-03
   2   2   2   0.00000000000E+00
   3   2   2  -1.50952562500E-03
   4   2   2   0.00000000000E+00
   1   3   2  -1.61520081250E-02
   2   3   2  -1.50952562500E-03
   3   3   2   1.35758175000E-02
   4   3   2  -1.08420217249E-19
   1   4   2   0.00000000000E+00
   2   4   2   0.00000000000E+00
   3   4   2   0.00000000000E+00
   4   4   2   0.00000000000E+00
   1   1   3  -4.00541250000E-04
   2   1   3   1.50952562500E-03
   3   1   3   0.00000000000E+00
   4   1   3   1.50952562500E-03
   1   2   3   1.50952562500E-03
   2   2   3   1.61520081250E-02
   3   2   3   0.00000000000E+00
   4   2   3  -1.35758175000E-02
   1   3   3   1.73472347598E-18
   2   3   3  -1.08420217249E-19
   3   3   3   4.33680868994E-19
   4   3   3  -1.08420217249E-19
   1   4   3   1.50952562500E-03
   2   4   3  -1.35758175000E-02
   3   4   3   0.00000000000E+00
   4   4   3   1.61520081250E-02
   1   1   4   2.07801362500E-02
   2   1   4   1.08420217249E-19
   3   1   4  -1.61520081250E-02
   4   1   4   1.50952562500E-03
   1   2   4   0.00000000000E+00
   2   2   4   0.00000000000E+00
   3   2   4   0.00000000000E+00
   4   2   4   0.00000000000E+00
   1   3   4  -1.61520081250E-02
   2   3   4  -1.08420217249E-19
   3   3   4   1.35758175000E-02
   4   3   4  -1.50952562500E-03
   1   4   4   1.50952562500E-03
   2   4   4   0.00000000000E+00
   3   4   4  -1.50952562500E-03
   4   4   4   0.00000000000E+00
   1   3   1   1
   1   1   1   1.08420217249E-18
   2   1   1   2.07801362500E-02
   3   1   1  -4.00541250000E-04
   4   1   1   2.07801362500E-02
   1   2   1   1.08420217249E-19
   2   2   1   1.50952562500E-03
   3   2   1   1.50952562500E-03
   4   2   1  -1.08420217249E-19
   1   3   1  -1.08420217249E-18
   2   3   1  -1.61520081250E-02
   3   3   1   2.16840434497E-19
   4   3   1  -1.61520081250E-02
   1   4   1   1.08420217249E-19
   2   4   1  -1.08420217249E-19
   3   4   1   1.50952562500E-03
   4   4   1   1.50952562500E-03
   1   1   2   0.00000000000E+00
   2   1   2   1.50952562500E-03
   3   1   2   1.50952562500E-03
   4   1   2  -1.08420217249E-19
   1   2   2   1.61520081250E-02
   2   2   2   0.00000000000E+00
   3   2   2   1.61520081250E-02
   4   2   2   0.00000000000E+00
   1   3   2  -1.50952562500E-03
   2   3   2  -1.50952562500E-03
   3   3   2   0.00000000000E+00
   4   3   2   1.08420217249E-19
   1   4   2  -2.07801362500E-02
   2   4   2   0.00000000000E+00
   3   4   2  -1.35758175000E-02
   4   4   2   0.00000000000E+00
   1   1   3  -1.08420217249E-18
   2   1   3  -1.61520081250E-02
   3   1   3   2.16840434497E-19
   4   1   3  -1.61520081250E-02
   1   2   3  -1.50952562500E-03
   2   2   3  -1.50952562500E-03
   3   2   3  -1.08420217249E-19
   4   2   3   1.08420217249E-19
   1   3   3   4.00541250000E-04
   2   3   3   1.35758175000E-02
   3   3   3  -2.16840434497E-19
   4   3   3   1.35758175000E-02
   1   4   3  -1.50952562500E-03
   2   4   3   1.08420217249E-19
   3   4   3  -1.08420217249E-19
   4   4   3  -1.50952562500E-03
   1   1   4   0.00000000000E+00
   2   1   4  -1.08420217249E-19
   3   1   4   1.50952562500E-03
   4   1   4   1.50952562500E-03
   1   2   4  -2.07801362500E-02
   2   2   4   0.00000000000E+00
   3   2   4  -1.35758175000E-02
   4   2   4   0.00000000000E+00
   1   3   4  -1.50952562500E-03
   2   3   4   1.08420217249E-19
   3   3   4   0.00000000000E+00
   4   3   4  -1.50952562500E-03
   1   4   4   1.61520081250E-02
   2   4   4   0.00000000000E+00
   3   4   4   1.61520081250E-02
   4   4   4   0.00000000000E+00
   2   1   1   1
   1   1   1  -4.33680868994E-19
   2   1   1   1.08420217249E-19
   3   1   1   0.00000000000E+00
   4   1   1   1.08420217249E-19
   1   2   1   0.00000000000E+00
   2   2   1   1.61520081250E-02
   3   2   1  -1.50952562500E-03
   4   2   1  -2.07801362500E-02
   1   3   1   1.73472347598E-18
   2   3   1  -1.50952562500E-03
   3   3   1   4.00541250000E-04
   4   3   1  -1.50952562500E-03
   1   4   1   0.00000000000E+00
   2   4   1  -2.07801362500E-02
   3   4   1  -1.50952562500E-03
   4   4   1   1.61520081250E-02
   1   1   2   2.07801362500E-02
   2   1   2   1.50952562500E-03
   3   1   2  -1.61520081250E-02
   4   1   2   1.08420217249E-19
   1   2   2   1.50952562500E-03
   2   2   2   0.00000000000E+00
   3   2   2  -1.50952562500E-03
   4   2   2   0.00000000000E+00
   1   3   2  -1.61520081250E-02
   2   3   2  -1.50952562500E-03
   3   3   2   1.35758175000E-02
   4   3   2  -1.08420217249E-19
   1   4   2   0.00000000000E+00
   2   4   2   0.00000000000E+00
   3   4   2   0.00000000000E+00
   4   4   2   0.00000000000E+00
   1   1   3  -4.00541250000E-04
   2   1   3   1.50952562500E-03
   3   1   3   0.00000000000E+00
   4   1   3   1.50952562500E-03
   1   2   3   1.50952562500E-03
   2   2   3   1.61520081250E-02
   3   2   3   0.00000000000E+00
   4   2   3  -1.35758175000E-02
   1   3   3   1.73472347598E-18
   2   3   3  -1.08420217249E-19
   3   3   3   4.33680868994E-19
   4   3   3  -1.08420217249E-19
   1   4   3   1.50952562500E-03
   2   4   3  -1.35758175000E-02
   3   4   3   0.00000000000E+00
   4   4   3   1.61520081250E-02
   1   1   4   2.07801362500E-02
   2   1   4   1.08420217249E-19
   3   1   4  -1.61520081250E-02
   4   1   4   1.50952562500E-03
   1   2   4   0.00000000000E+00
   2   2   4   0.00000000000E+00
   3   2   4   0.00000000000E+00
   4   2   4   0.00000000000E+00
   1   3   4  -1.61520081250E-02
   2   3   4  -1.08420217249E-19
   3   3   4   1.35758175000E-02
   4   3   4  -1.50952562500E-03
   1   4   4   1.50952562500E-03
   2   4   4   0.00000000000E+00
   3   4   4  -1.50952562500E-03
   4   4   4   0.00000000000E+00
   2   2   1   1
   1   1   1   7.26426259375E-02
   2   1   1   9.69033656250E-03
   3   1   1  -3.07966265625E-02
   4   1   1   9.69033656250E-03
   1   2   1  -1.04974781250E-02
   2   2   1  -4.61739375000E-04
   3   2   1  -4.61739375000E-04
   4   2   1  -1.04974781250E-02
   1   3   1   8.59174062500E-04
   2   3   1  -9.76020312500E-04
   3   3   1   8.59174062500E-04
   4   3   1  -9.76020312500E-04
   1   4   1  -1.04974781250E-02
   2   4   1  -1.04974781250E-02
   3   4   1  -4.61739375000E-04
   4   4   1  -4.61739375000E-04
   1   1   2  -1.04974781250E-02
   2   1   2  -4.61739375000E-04
   3   1   2  -4.61739375000E-04
   4   1   2  -1.04974781250E-02
   1   2   2  -9.76020312500E-04
   2   2   2   3.53187709375E-02
   3   2   2  -9.76020312500E-04
   4   2   2  -2.94882528125E-02
   1   3   2  -4.61739375000E-04
   2   3   2  -4.61739375000E-04
   3   3   2   6.64521812500E-03
   4   3   2   6.64521812500E-03
   1   4   2   9.69033656250E-03
   2   4   2   1.46883656250E-03
   3   4   2  -1.01830446875E-02
   4   4   2   1.46883656250E-03
   1   1   3   8.59174062500E-04
   2   1   3  -9.76020312500E-04
   3   1   3   8.59174062500E-04
   4   1   3  -9.76020312500E-04
   1   2   3  -4.61739375000E-04
   2   2   3  -4.61739375000E-04
   3   2   3   6.64521812500E-03
   4   2   3   6.64521812500E-03
   1   3   3  -3.07966265625E-02
   2   3   3  -1.01830446875E-02
   3   3   3   1.59624534375E-02
   4   3   3  -1.01830446875E-02
   1   4   3  -4.61739375000E-04
   2   4   3   6.64521812500E-03
   3   4   3   6.64521812500E-03
   4   4   3  -4.61739375000E-04
   1   1   4  -1.04974781250E-02
   2   1   4  -1.04974781250E-02
   3   1   4  -4.61739375000E-04
   4   1   4  -4.61739375000E-04
   1   2   4   9.69033656250E-03
   2   2   4   1.46883656250E-03
   3   2   4  -1.01830446875E-02
   4   2   4   1.46883656250E-03
   1   3   4  -4.61739375000E-04
   2   3   4   6.64521812500E-03
   3   3   4   6.64521812500E-03
   4   3   4  -4.61739375000E-04
   1   4   4  -9.76020312500E-04
   2   4   4  -2.94882528125E-02
   3   4   4  -9.76020312500E-04
   4   4   4   3.53187709375E-02
   2   3   1   1
   1   1   1   1.08420217249E-18
   2   1   1  -1.08420217249E-19
   3   1   1   2.16840434497E-19
   4   1   1  -1.08420217249E-19
   1   2   1  -2.07801362500E-02
   2   2   1  -1.50952562500E-03
   3   2   1   1.61520081250E-02
   4   2   1  -1.08420217249E-19
   1   3   1   4.00541250000E-04
   2   3   1  -1.50952562500E-03
   3   3   1   2.16840434497E-19
   4   3   1  -1.50952562500E-03
   1   4   1  -2.07801362500E-02
   2   4   1  -1.08420217249E-19
   3   4   1   1.61520081250E-02
   4   4   1  -1.50952562500E-03
   1   1   2   0.00000000000E+00
   2   1   2  -1.61520081250E-02
   3   1   2   1.50952562500E-03
   4   1   2   2.07801362500E-02
   1   2   2  -1.50952562500E-03
   2   2   2   0.00000000000E+00
   3   2   2   1.50952562500E-03
   4   2   2   0.00000000000E+00
   1   3   2  -1.50952562500E-03
   2   3   2  -1.61520081250E-02
   3   3   2   0.00000000000E+00
   4   3   2   1.35758175000E-02
   1   4   2   1.08420217249E-19
   2   4   2   0.00000000000E+00
   3   4   2  -1.08420217249E-19
   4   4   2   0.00000000000E+00
   1   1   3  -1.08420217249E-18
   2   1   3   1.50952562500E-03
   3   1   3  -4.00541250000E-04
   4   1   3   1.50952562500E-03
   1   2   3   1.61520081250E-02
   2   2   3   1.50952562500E-03
   3   2   3  -1.35758175000E-02
   4   2   3   1.08420217249E-19
   1   3   3  -1.08420217249E-18
   2   3   3   1.08420217249E-19
   3   3   3  -2.16840434497E-19
   4   3   3   1.08420217249E-19
   1   4   3   1.61520081250E-02
   2   4   3   1.08420217249E-19
   3   4   3  -1.35758175000E-02
   4   4   3   1.50952562500E-03
   1   1   4   0.00000000000E+00
   2   1   4   2.07801362500E-02
   3   1   4   1.50952562500E-03
   4   1   4  -1.61520081250E-02
   1   2   4   1.08420217249E-19
   2   2   4   0.00000000000E+00
   3   2   4  -1.08420217249E-19
   4   2   4   0.00000000000E+00
   1   3   4  -1.50952562500E-03
   2   3   4   1.35758175000E-02
   3   3   4   0.00000000000E+00
   4   3   4  -1.61520081250E-02
   1   4   4  -1.50952562500E-03
   2   4   4   0.00000000000E+00
   3   4   4   1.50952562500E-03
   4   4   4   0.00000000000E+00
   3   1   1   1
   1   1   1   1.08420217249E-18
   2   1   1   2.07801362500E-02
   3   1   1  -4.00541250000E-04
   4   1   1   2.07801362500E-02
   1   2   1   1.08420217249E-19
   2   2   1   1.50952562500E-03
   3   2   1   1.50952562500E-03
   4   2   1  -1.08420217249E-19
   1   3   1  -1.08420217249E-18
   2   3   1  -1.61520081250E-02
   3   3   1   2.16840434497E-19
   4   3   1  -1.61520081250E-02
   1   4   1   1.08420217249E-19
   2   4   1  -1.08420217249E-19
   3   4   1   1.50952562500E-03
   4   4   1   1.50952562500E-03
   1   1   2   0.00000000000E+00
   2   1   2   1.50952562500E-03
   3   1   2   1.50952562500E-03
   4   1   2  -1.08420217249E-19
   1   2   2   1.61520081250E-02
   2   2   2   0.00000000000E+00
   3   2   2   1.61520081250E-02
   4   2   2   0.00000000000E+00
   1   3   2  -1.50952562500E-03
   2   3   2  -1.50952562500E-03
   3   3   2   0.00000000000E+00
   4   3   2   1.08420217249E-19
   1   4   2  -2.07801362500E-02
   2   4   2   0.00000000000E+00
   3   4   2  -1.35758175000E-02
   4   4   2   0.00000000000E+00
   1   1   3  -1.08420217249E-18
   2   1   3  -1.61520081250E-02
   3   1   3   2.16840434497E-19
   4   1   3  -1.61520081250E-02
   1   2   3  -1.50952562500E-03
   2   2   3  -1.50952562500E-03
   3   2   3  -1.08420217249E-19
   4   2   3   1.08420217249E-19
   1   3   3   4.00541250000E-04
   2   3   3   1.35758175000E-02
   3   3   3  -2.16840434497E-19
   4   3   3   1.35758175000E-02
   1   4   3  -1.50952562500E-03
   2   4   3   1.08420217249E-19
   3   4   3  -1.08420217249E-19
   4   4   3  -1.50952562500E-03
   1   1   4   0.00000000000E+00
   2   1   4  -1.08420217249E-19
   3   1   4   1.50952562500E-03
   4   1   4   1.50952562500E-03
   1   2   4  -2.07801362500E-02
   2   2   4   0.00000000000E+00
   3   2   4  -1.35758175000E-02
   4   2   4   0.00000000000E+00
   1   3   4  -1.50952562500E-03
   2   3   4   1.08420217249E-19
   3   3   4   0.00000000000E+00
   4   3   4  -1.50952562500E-03
   1   4   4   1.61520081250E-02
   2   4   4   0.00000000000E+00
   3   4   4   1.61520081250E-02
   4   4   4   0.00000000000E+00
   3   2   1   1
   1   1   1   1.08420217249E-18
   2   1   1  -1.08420217249E-19
   3   1   1   2.16840434497E-19
   4   1   1  -1.08420217249E-19
   1   2   1  -2.07801362500E-02
   2   2   1  -1.50952562500E-03
   3   2   1   1.61520081250E-02
   4   2   1  -1.08420217249E-19
   1   3   1   4.00541250000E-04
   2   3   1  -1.50952562500E-03
   3   3   1   2.16840434497E-19
   4   3   1  -1.50952562500E-03
   1   4   1  -2.07801362500E-02
   2   4   1  -1.08420217249E-19
   3   4   1   1.61520081250E-02
   4   4   1  -1.50952562500E-03
   1   1   2   0.00000000000E+00
   2   1   2  -1.61520081250E-02
   3   1   2   1.50952562500E-03
   4   1   2   2.07801362500E-02
   1   2   2  -1.50952562500E-03
   2   2   2   0.00000000000E+00
   3   2   2   1.50952562500E-03
   4   2   2   0.00000000000E+00
   1   3   2  -1.50952562500E-03
   2   3   2  -1.61520081250E-02
   3   3   2   0.00000000000E+00
   4   3   2   1.35758175000E-02
   1   4   2   1.08420217249E-19
   2   4   2   0.00000000000E+00
   3   4   2  -1.08420217249E-19
   4   4   2   0.00000000000E+00
   1   1   3  -1.08420217249E-18
   2   1   3   1.50952562500E-03
   3   1   3  -4.00541250000E-04
   4   1   3   1.50952562500E-03
   1   2   3   1.61520081250E-02
   2   2   3   1.50952562500E-03
   3   2   3  -1.35758175000E-02
   4   2   3   1.08420217249E-19
   1   3   3  -1.08420217249E-18
   2   3   3   1.08420217249E-19
   3   3   3  -2.16840434497E-19
   4   3   3   1.08420217249E-19
   1   4   3   1.61520081250E-02
   2   4   3   1.08420217249E-19
   3   4   3  -1.35758175000E-02
   4   4   3   1.50952562500E-03
   1   1   4   0.00000000000E+00
   2   1   4   2.07801362500E-02
   3   1   4   1.50952562500E-03
   4   1   4  -1.61520081250E-02
   1   2   4   1.08420217249E-19
   2   2   4   0.00000000000E+00
   3   2   4  -1.08420217249E-19
   4   2   4   0.00000000000E+00
   1   3   4  -1.50952562500E-03
   2   3   4   1.35758175000E-02
   3   3   4   0.00000000000E+00
   4   3   4  -1.61520081250E-02
   1   4   4  -1.50952562500E-03
   2   4   4   0.00000000000E+00
   3   4   4   1.50952562500E-03
   4   4   4   0.00000000000E+00
   3   3   1   1
   1   1   1   7.26426259375E-02
   2   1   1  -1.04974781250E-02
   3   1   1   8.59174062500E-04
   4   1   1  -1.04974781250E-02
   1   2   1  -1.04974781250E-02
   2   2   1  -9.76020312500E-04
   3   2   1  -4.61739375000E-04
   4   2   1   9.69033656250E-03
   1   3   1   8.59174062500E-04
   2   3   1  -4.61739375000E-04
   3   3   1  -3.07966265625E-02
   4   3   1  -4.61739375000E-04
   1   4   1  -1.04974781250E-02
   2   4   1   9.69033656250E-03
   3   4   1  -4.61739375000E-04
   4   4   1  -9.76020312500E-04
   1   1   2   9.69033656250E-03
   2   1   2  -4.61739375000E-04
   3   1   2  -9.76020312500E-04
   4   1   2  -1.04974781250E-02
   1   2   2  -4.61739375000E-04
   2   2   2   3.53187709375E-02
   3   2   2  -4.61739375000E-04
   4   2   2   1.46883656250E-03
   1   3   2  -9.76020312500E-04
   2   3   2  -4.61739375000E-04
   3   3   2  -1.01830446875E-02
   4   3   2   6.64521812500E-03
   1   4   2  -1.04974781250E-02
   2   4   2   1.46883656250E-03
   3   4   2   6.64521812500E-03
   4   4   2  -2.94882528125E-02
   1   1   3  -3.07966265625E-02
   2   1   3  -4.61739375000E-04
   3   1   3   8.59174062500E-04
   4   1   3  -4.61739375000E-04
   1   2   3  -4.61739375000E-04
   2   2   3  -9.76020312500E-04
   3   2   3   6.64521812500E-03
   4   2   3  -1.01830446875E-02
   1   3   3   8.59174062500E-04
   2   3   3   6.64521812500E-03
   3   3   3   1.59624534375E-02
   4   3   3   6.64521812500E-03
   1   4   3  -4.61739375000E-04
   2   4   3  -1.01830446875E-02
   3   4   3   6.64521812500E-03
   4   4   3  -9.76020312500E-04
   1   1   4   9.69033656250E-03
   2   1   4  -1.04974781250E-02
   3   1   4  -9.76020312500E-04
   4   1   4  -4.61739375000E-04
   1   2   4  -1.04974781250E-02
   2   2   4  -2.94882528125E-02
   3   2   4   6.64521812500E-03
   4   2   4   1.46883656250E-03
   1   3   4  -9.76020312500E-04
   2   3   4   6.64521812500E-03
   3   3   4  -1.01830446875E-02
   4   3   4  -4.61739375000E-04
   1   4   4  -4.61739375000E-04
   2   4   4   1.46883656250E-03
   3   4   4  -4.61739375000E-04
   4   4   4   3.53187709375E-02
