  1.500000000000000E-002  0.612137110380930        2.12324343671891     
   4   4   4
   1   1   1   1
   1   1   1   7.63850462500E-02
   2   1   1  -1.35921750000E-02
   3   1   1   1.96073125000E-03
   4   1   1  -1.35921750000E-02
   1   2   1   1.05153006250E-02
   2   2   1  -1.38143437500E-03
   3   2   1   5.05392500000E-04
   4   2   1  -1.35921750000E-02
   1   3   1  -1.78075050000E-02
   2   3   1  -1.38143437500E-03
   3   3   1   1.96073125000E-03
   4   3   1  -1.38143437500E-03
   1   4   1   1.05153006250E-02
   2   4   1  -1.35921750000E-02
   3   4   1   5.05392500000E-04
   4   4   1  -1.38143437500E-03
   1   1   2  -1.35921750000E-02
   2   1   2   5.05392500000E-04
   3   1   2  -1.38143437500E-03
   4   1   2   1.05153006250E-02
   1   2   2  -1.38143437500E-03
   2   2   2   2.30250356250E-02
   3   2   2  -1.38143437500E-03
   4   2   2   1.66029062500E-03
   1   3   2  -1.38143437500E-03
   2   3   2   5.05392500000E-04
   3   3   2   5.25139250000E-03
   4   3   2  -8.07350437500E-03
   1   4   2  -1.35921750000E-02
   2   4   2  -1.65955381250E-02
   3   4   2   5.25139250000E-03
   4   4   2   1.66029062500E-03
   1   1   3   1.96073125000E-03
   2   1   3  -1.38143437500E-03
   3   1   3  -1.78075050000E-02
   4   1   3  -1.38143437500E-03
   1   2   3   5.05392500000E-04
   2   2   3  -1.38143437500E-03
   3   2   3  -8.07350437500E-03
   4   2   3   5.25139250000E-03
   1   3   3   1.96073125000E-03
   2   3   3   5.25139250000E-03
   3   3   3   6.91190625000E-03
   4   3   3   5.25139250000E-03
   1   4   3   5.05392500000E-04
   2   4   3   5.25139250000E-03
   3   4   3  -8.07350437500E-03
   4   4   3  -1.38143437500E-03
   1   1   4  -1.35921750000E-02
   2   1   4   1.05153006250E-02
   3   1   4  -1.38143437500E-03
   4   1   4   5.05392500000E-04
   1   2   4  -1.35921750000E-02
   2   2   4   1.66029062500E-03
   3   2   4   5.25139250000E-03
   4   2   4  -1.65955381250E-02
   1   3   4  -1.38143437500E-03
   2   3   4  -8.07350437500E-03
   3   3   4   5.25139250000E-03
   4   3   4   5.05392500000E-04
   1   4   4  -1.38143437500E-03
   2   4   4   1.66029062500E-03
   3   4   4  -1.38143437500E-03
   4   4   4   2.30250356250E-02
   1   2   1   1
   1   1   1   1.08420217249E-18
   2   1   1  -2.16840434497E-19
   3   1   1  -8.67361737988E-19
   4   1   1  -2.16840434497E-19
   1   2   1  -1.08420217249E-19
   2   2   1   1.01383156250E-02
   3   2   1  -1.13252875000E-03
   4   2   1  -1.87984081250E-02
   1   3   1   0.00000000000E+00
   2   3   1  -1.13252875000E-03
   3   3   1   1.76601000000E-03
   4   3   1  -1.13252875000E-03
   1   4   1  -1.08420217249E-19
   2   4   1  -1.87984081250E-02
   3   4   1  -1.13252875000E-03
   4   4   1   1.01383156250E-02
   1   1   2   1.87984081250E-02
   2   1   2   1.13252875000E-03
   3   1   2  -1.01383156250E-02
   4   1   2  -2.16840434497E-19
   1   2   2   1.13252875000E-03
   2   2   2   0.00000000000E+00
   3   2   2  -1.13252875000E-03
   4   2   2   0.00000000000E+00
   1   3   2  -1.01383156250E-02
   2   3   2  -1.13252875000E-03
   3   3   2   7.41928312500E-03
   4   3   2   2.16840434497E-19
   1   4   2  -1.08420217249E-19
   2   4   2   0.00000000000E+00
   3   4   2   1.08420217249E-19
   4   4   2   0.00000000000E+00
   1   1   3  -1.76601000000E-03
   2   1   3   1.13252875000E-03
   3   1   3  -8.67361737988E-19
   4   1   3   1.13252875000E-03
   1   2   3   1.13252875000E-03
   2   2   3   1.01383156250E-02
   3   2   3   1.08420217249E-19
   4   2   3  -7.41928312500E-03
   1   3   3   0.00000000000E+00
   2   3   3   2.16840434497E-19
   3   3   3   2.16840434497E-19
   4   3   3   2.16840434497E-19
   1   4   3   1.13252875000E-03
   2   4   3  -7.41928312500E-03
   3   4   3   1.08420217249E-19
   4   4   3   1.01383156250E-02
   1   1   4   1.87984081250E-02
   2   1   4  -2.16840434497E-19
   3   1   4  -1.01383156250E-02
   4   1   4   1.13252875000E-03
   1   2   4  -1.08420217249E-19
   2   2   4   0.00000000000E+00
   3   2   4   1.08420217249E-19
   4   2   4   0.00000000000E+00
   1   3   4  -1.01383156250E-02
   2   3   4   2.16840434497E-19
   3   3   4   7.41928312500E-03
   4   3   4  -1.13252875000E-03
   1   4   4   1.13252875000E-03
   2   4   4   0.00000000000E+00
   3   4   4  -1.13252875000E-03
   4   4   4   0.00000000000E+00
   1   3   1   1
   1   1   1   4.33680868994E-19
   2   1   1   1.87984081250E-02
   3   1   1  -1.76601000000E-03
   4   1   1   1.87984081250E-02
   1   2   1   1.08420217249E-19
   2   2   1   1.13252875000E-03
   3   2   1   1.13252875000E-03
   4   2   1   2.16840434497E-19
   1   3   1  -2.16840434497E-19
   2   3   1  -1.01383156250E-02
   3   3   1   3.25260651746E-19
   4   3   1  -1.01383156250E-02
   1   4   1   1.08420217249E-19
   2   4   1   2.16840434497E-19
   3   4   1   1.13252875000E-03
   4   4   1   1.13252875000E-03
   1   1   2   1.08420217249E-19
   2   1   2   1.13252875000E-03
   3   1   2   1.13252875000E-03
   4   1   2   4.33680868994E-19
   1   2   2   1.01383156250E-02
   2   2   2   0.00000000000E+00
   3   2   2   1.01383156250E-02
   4   2   2   0.00000000000E+00
   1   3   2  -1.13252875000E-03
   2   3   2  -1.13252875000E-03
   3   3   2   0.00000000000E+00
   4   3   2  -2.16840434497E-19
   1   4   2  -1.87984081250E-02
   2   4   2   0.00000000000E+00
   3   4   2  -7.41928312500E-03
   4   4   2   0.00000000000E+00
   1   1   3  -2.16840434497E-19
   2   1   3  -1.01383156250E-02
   3   1   3   3.25260651746E-19
   4   1   3  -1.01383156250E-02
   1   2   3  -1.13252875000E-03
   2   2   3  -1.13252875000E-03
   3   2   3  -1.08420217249E-19
   4   2   3  -2.16840434497E-19
   1   3   3   1.76601000000E-03
   2   3   3   7.41928312500E-03
   3   3   3  -3.25260651746E-19
   4   3   3   7.41928312500E-03
   1   4   3  -1.13252875000E-03
   2   4   3  -2.16840434497E-19
   3   4   3  -1.08420217249E-19
   4   4   3  -1.13252875000E-03
   1   1   4   1.08420217249E-19
   2   1   4   4.33680868994E-19
   3   1   4   1.13252875000E-03
   4   1   4   1.13252875000E-03
   1   2   4  -1.87984081250E-02
   2   2   4   0.00000000000E+00
   3   2   4  -7.41928312500E-03
   4   2   4   0.00000000000E+00
   1   3   4  -1.13252875000E-03
   2   3   4  -2.16840434497E-19
   3   3   4   0.00000000000E+00
   4   3   4  -1.13252875000E-03
   1   4   4   1.01383156250E-02
   2   4   4   0.00000000000E+00
   3   4   4   1.01383156250E-02
   4   4   4   0.00000000000E+00
   2   1   1   1
   1   1   1   1.08420217249E-18
   2   1   1  -2.16840434497E-19
   3   1   1  -8.67361737988E-19
   4   1   1  -2.16840434497E-19
   1   2   1  -1.08420217249E-19
   2   2   1   1.01383156250E-02
   3   2   1  -1.13252875000E-03
   4   2   1  -1.87984081250E-02
   1   3   1   0.00000000000E+00
   2   3   1  -1.13252875000E-03
   3   3   1   1.76601000000E-03
   4   3   1  -1.13252875000E-03
   1   4   1  -1.08420217249E-19
   2   4   1  -1.87984081250E-02
   3   4   1  -1.13252875000E-03
   4   4   1   1.01383156250E-02
   1   1   2   1.87984081250E-02
   2   1   2   1.13252875000E-03
   3   1   2  -1.01383156250E-02
   4   1   2  -2.16840434497E-19
   1   2   2   1.13252875000E-03
   2   2   2   0.00000000000E+00
   3   2   2  -1.13252875000E-03
   4   2   2   0.00000000000E+00
   1   3   2  -1.01383156250E-02
   2   3   2  -1.13252875000E-03
   3   3   2   7.41928312500E-03
   4   3   2   2.16840434497E-19
   1   4   2  -1.08420217249E-19
   2   4   2   0.00000000000E+00
   3   4   2   1.08420217249E-19
   4   4   2   0.00000000000E+00
   1   1   3  -1.76601000000E-03
   2   1   3   1.13252875000E-03
   3   1   3  -8.67361737988E-19
   4   1   3   1.13252875000E-03
   1   2   3   1.13252875000E-03
   2   2   3   1.01383156250E-02
   3   2   3   1.08420217249E-19
   4   2   3  -7.41928312500E-03
   1   3   3   0.00000000000E+00
   2   3   3   2.16840434497E-19
   3   3   3   2.16840434497E-19
   4   3   3   2.16840434497E-19
   1   4   3   1.13252875000E-03
   2   4   3  -7.41928312500E-03
   3   4   3   1.08420217249E-19
   4   4   3   1.01383156250E-02
   1   1   4   1.87984081250E-02
   2   1   4  -2.16840434497E-19
   3   1   4  -1.01383156250E-02
   4   1   4   1.13252875000E-03
   1   2   4  -1.08420217249E-19
   2   2   4   0.00000000000E+00
   3   2   4   1.08420217249E-19
   4   2   4   0.00000000000E+00
   1   3   4  -1.01383156250E-02
   2   3   4   2.16840434497E-19
   3   3   4   7.41928312500E-03
   4   3   4  -1.13252875000E-03
   1   4   4   1.13252875000E-03
   2   4   4   0.00000000000E+00
   3   4   4  -1.13252875000E-03
   4   4   4   0.00000000000E+00
   2   2   1   1
   1   1   1   7.63850462500E-02
   2   1   1   1.05153006250E-02
   3   1   1  -1.78075050000E-02
   4   1   1   1.05153006250E-02
   1   2   1  -1.35921750000E-02
   2   2   1  -1.38143437500E-03
   3   2   1  -1.38143437500E-03
   4   2   1  -1.35921750000E-02
   1   3   1   1.96073125000E-03
   2   3   1   5.05392500000E-04
   3   3   1   1.96073125000E-03
   4   3   1   5.05392500000E-04
   1   4   1  -1.35921750000E-02
   2   4   1  -1.35921750000E-02
   3   4   1  -1.38143437500E-03
   4   4   1  -1.38143437500E-03
   1   1   2  -1.35921750000E-02
   2   1   2  -1.38143437500E-03
   3   1   2  -1.38143437500E-03
   4   1   2  -1.35921750000E-02
   1   2   2   5.05392500000E-04
   2   2   2   2.30250356250E-02
   3   2   2   5.05392500000E-04
   4   2   2  -1.65955381250E-02
   1   3   2  -1.38143437500E-03
   2   3   2  -1.38143437500E-03
   3   3   2   5.25139250000E-03
   4   3   2   5.25139250000E-03
   1   4   2   1.05153006250E-02
   2   4   2   1.66029062500E-03
   3   4   2  -8.07350437500E-03
   4   4   2   1.66029062500E-03
   1   1   3   1.96073125000E-03
   2   1   3   5.05392500000E-04
   3   1   3   1.96073125000E-03
   4   1   3   5.05392500000E-04
   1   2   3  -1.38143437500E-03
   2   2   3  -1.38143437500E-03
   3   2   3   5.25139250000E-03
   4   2   3   5.25139250000E-03
   1   3   3  -1.78075050000E-02
   2   3   3  -8.07350437500E-03
   3   3   3   6.91190625000E-03
   4   3   3  -8.07350437500E-03
   1   4   3  -1.38143437500E-03
   2   4   3   5.25139250000E-03
   3   4   3   5.25139250000E-03
   4   4   3  -1.38143437500E-03
   1   1   4  -1.35921750000E-02
   2   1   4  -1.35921750000E-02
   3   1   4  -1.38143437500E-03
   4   1   4  -1.38143437500E-03
   1   2   4   1.05153006250E-02
   2   2   4   1.66029062500E-03
   3   2   4  -8.07350437500E-03
   4   2   4   1.66029062500E-03
   1   3   4  -1.38143437500E-03
   2   3   4   5.25139250000E-03
   3   3   4   5.25139250000E-03
   4   3   4  -1.38143437500E-03
   1   4   4   5.05392500000E-04
   2   4   4  -1.65955381250E-02
   3   4   4   5.05392500000E-04
   4   4   4   2.30250356250E-02
   2   3   1   1
   1   1   1   4.33680868994E-19
   2   1   1   4.33680868994E-19
   3   1   1   3.25260651746E-19
   4   1   1   4.33680868994E-19
   1   2   1  -1.87984081250E-02
   2   2   1  -1.13252875000E-03
   3   2   1   1.01383156250E-02
   4   2   1   2.16840434497E-19
   1   3   1   1.76601000000E-03
   2   3   1  -1.13252875000E-03
   3   3   1   3.25260651746E-19
   4   3   1  -1.13252875000E-03
   1   4   1  -1.87984081250E-02
   2   4   1   2.16840434497E-19
   3   4   1   1.01383156250E-02
   4   4   1  -1.13252875000E-03
   1   1   2   1.08420217249E-19
   2   1   2  -1.01383156250E-02
   3   1   2   1.13252875000E-03
   4   1   2   1.87984081250E-02
   1   2   2  -1.13252875000E-03
   2   2   2   0.00000000000E+00
   3   2   2   1.13252875000E-03
   4   2   2   0.00000000000E+00
   1   3   2  -1.13252875000E-03
   2   3   2  -1.01383156250E-02
   3   3   2   0.00000000000E+00
   4   3   2   7.41928312500E-03
   1   4   2   1.08420217249E-19
   2   4   2   0.00000000000E+00
   3   4   2  -1.08420217249E-19
   4   4   2   0.00000000000E+00
   1   1   3  -2.16840434497E-19
   2   1   3   1.13252875000E-03
   3   1   3  -1.76601000000E-03
   4   1   3   1.13252875000E-03
   1   2   3   1.01383156250E-02
   2   2   3   1.13252875000E-03
   3   2   3  -7.41928312500E-03
   4   2   3  -2.16840434497E-19
   1   3   3  -2.16840434497E-19
   2   3   3  -2.16840434497E-19
   3   3   3  -3.25260651746E-19
   4   3   3  -2.16840434497E-19
   1   4   3   1.01383156250E-02
   2   4   3  -2.16840434497E-19
   3   4   3  -7.41928312500E-03
   4   4   3   1.13252875000E-03
   1   1   4   1.08420217249E-19
   2   1   4   1.87984081250E-02
   3   1   4   1.13252875000E-03
   4   1   4  -1.01383156250E-02
   1   2   4   1.08420217249E-19
   2   2   4   0.00000000000E+00
   3   2   4  -1.08420217249E-19
   4   2   4   0.00000000000E+00
   1   3   4  -1.13252875000E-03
   2   3   4   7.41928312500E-03
   3   3   4   0.00000000000E+00
   4   3   4  -1.01383156250E-02
   1   4   4  -1.13252875000E-03
   2   4   4   0.00000000000E+00
   3   4   4   1.13252875000E-03
   4   4   4   0.00000000000E+00
   3   1   1   1
   1   1   1   4.33680868994E-19
   2   1   1   1.87984081250E-02
   3   1   1  -1.76601000000E-03
   4   1   1   1.87984081250E-02
   1   2   1   1.08420217249E-19
   2   2   1   1.13252875000E-03
   3   2   1   1.13252875000E-03
   4   2   1   2.16840434497E-19
   1   3   1  -2.16840434497E-19
   2   3   1  -1.01383156250E-02
   3   3   1   3.25260651746E-19
   4   3   1  -1.01383156250E-02
   1   4   1   1.08420217249E-19
   2   4   1   2.16840434497E-19
   3   4   1   1.13252875000E-03
   4   4   1   1.13252875000E-03
   1   1   2   1.08420217249E-19
   2   1   2   1.13252875000E-03
   3   1   2   1.13252875000E-03
   4   1   2   4.33680868994E-19
   1   2   2   1.01383156250E-02
   2   2   2   0.00000000000E+00
   3   2   2   1.01383156250E-02
   4   2   2   0.00000000000E+00
   1   3   2  -1.13252875000E-03
   2   3   2  -1.13252875000E-03
   3   3   2   0.00000000000E+00
   4   3   2  -2.16840434497E-19
   1   4   2  -1.87984081250E-02
   2   4   2   0.00000000000E+00
   3   4   2  -7.41928312500E-03
   4   4   2   0.00000000000E+00
   1   1   3  -2.16840434497E-19
   2   1   3  -1.01383156250E-02
   3   1   3   3.25260651746E-19
   4   1   3  -1.01383156250E-02
   1   2   3  -1.13252875000E-03
   2   2   3  -1.13252875000E-03
   3   2   3  -1.08420217249E-19
   4   2   3  -2.16840434497E-19
   1   3   3   1.76601000000E-03
   2   3   3   7.41928312500E-03
   3   3   3  -3.25260651746E-19
   4   3   3   7.41928312500E-03
   1   4   3  -1.13252875000E-03
   2   4   3  -2.16840434497E-19
   3   4   3  -1.08420217249E-19
   4   4   3  -1.13252875000E-03
   1   1   4   1.08420217249E-19
   2   1   4   4.33680868994E-19
   3   1   4   1.13252875000E-03
   4   1   4   1.13252875000E-03
   1   2   4  -1.87984081250E-02
   2   2   4   0.00000000000E+00
   3   2   4  -7.41928312500E-03
   4   2   4   0.00000000000E+00
   1   3   4  -1.13252875000E-03
   2   3   4  -2.16840434497E-19
   3   3   4   0.00000000000E+00
   4   3   4  -1.13252875000E-03
   1   4   4   1.01383156250E-02
   2   4   4   0.00000000000E+00
   3   4   4   1.01383156250E-02
   4   4   4   0.00000000000E+00
   3   2   1   1
   1   1   1   4.33680868994E-19
   2   1   1   4.33680868994E-19
   3   1   1   3.25260651746E-19
   4   1   1   4.33680868994E-19
   1   2   1  -1.87984081250E-02
   2   2   1  -1.13252875000E-03
   3   2   1   1.01383156250E-02
   4   2   1   2.16840434497E-19
   1   3   1   1.76601000000E-03
   2   3   1  -1.13252875000E-03
   3   3   1   3.25260651746E-19
   4   3   1  -1.13252875000E-03
   1   4   1  -1.87984081250E-02
   2   4   1   2.16840434497E-19
   3   4   1   1.01383156250E-02
   4   4   1  -1.13252875000E-03
   1   1   2   1.08420217249E-19
   2   1   2  -1.01383156250E-02
   3   1   2   1.13252875000E-03
   4   1   2   1.87984081250E-02
   1   2   2  -1.13252875000E-03
   2   2   2   0.00000000000E+00
   3   2   2   1.13252875000E-03
   4   2   2   0.00000000000E+00
   1   3   2  -1.13252875000E-03
   2   3   2  -1.01383156250E-02
   3   3   2   0.00000000000E+00
   4   3   2   7.41928312500E-03
   1   4   2   1.08420217249E-19
   2   4   2   0.00000000000E+00
   3   4   2  -1.08420217249E-19
   4   4   2   0.00000000000E+00
   1   1   3  -2.16840434497E-19
   2   1   3   1.13252875000E-03
   3   1   3  -1.76601000000E-03
   4   1   3   1.13252875000E-03
   1   2   3   1.01383156250E-02
   2   2   3   1.13252875000E-03
   3   2   3  -7.41928312500E-03
   4   2   3  -2.16840434497E-19
   1   3   3  -2.16840434497E-19
   2   3   3  -2.16840434497E-19
   3   3   3  -3.25260651746E-19
   4   3   3  -2.16840434497E-19
   1   4   3   1.01383156250E-02
   2   4   3  -2.16840434497E-19
   3   4   3  -7.41928312500E-03
   4   4   3   1.13252875000E-03
   1   1   4   1.08420217249E-19
   2   1   4   1.87984081250E-02
   3   1   4   1.13252875000E-03
   4   1   4  -1.01383156250E-02
   1   2   4   1.08420217249E-19
   2   2   4   0.00000000000E+00
   3   2   4  -1.08420217249E-19
   4   2   4   0.00000000000E+00
   1   3   4  -1.13252875000E-03
   2   3   4   7.41928312500E-03
   3   3   4   0.00000000000E+00
   4   3   4  -1.01383156250E-02
   1   4   4  -1.13252875000E-03
   2   4   4   0.00000000000E+00
   3   4   4   1.13252875000E-03
   4   4   4   0.00000000000E+00
   3   3   1   1
   1   1   1   7.63850462500E-02
   2   1   1  -1.35921750000E-02
   3   1   1   1.96073125000E-03
   4   1   1  -1.35921750000E-02
   1   2   1  -1.35921750000E-02
   2   2   1   5.05392500000E-04
   3   2   1  -1.38143437500E-03
   4   2   1   1.05153006250E-02
   1   3   1   1.96073125000E-03
   2   3   1  -1.38143437500E-03
   3   3   1  -1.78075050000E-02
   4   3   1  -1.38143437500E-03
   1   4   1  -1.35921750000E-02
   2   4   1   1.05153006250E-02
   3   4   1  -1.38143437500E-03
   4   4   1   5.05392500000E-04
   1   1   2   1.05153006250E-02
   2   1   2  -1.38143437500E-03
   3   1   2   5.05392500000E-04
   4   1   2  -1.35921750000E-02
   1   2   2  -1.38143437500E-03
   2   2   2   2.30250356250E-02
   3   2   2  -1.38143437500E-03
   4   2   2   1.66029062500E-03
   1   3   2   5.05392500000E-04
   2   3   2  -1.38143437500E-03
   3   3   2  -8.07350437500E-03
   4   3   2   5.25139250000E-03
   1   4   2  -1.35921750000E-02
   2   4   2   1.66029062500E-03
   3   4   2   5.25139250000E-03
   4   4   2  -1.65955381250E-02
   1   1   3  -1.78075050000E-02
   2   1   3  -1.38143437500E-03
   3   1   3   1.96073125000E-03
   4   1   3  -1.38143437500E-03
   1   2   3  -1.38143437500E-03
   2   2   3   5.05392500000E-04
   3   2   3   5.25139250000E-03
   4   2   3  -8.07350437500E-03
   1   3   3   1.96073125000E-03
   2   3   3   5.25139250000E-03
   3   3   3   6.91190625000E-03
   4   3   3   5.25139250000E-03
   1   4   3  -1.38143437500E-03
   2   4   3  -8.07350437500E-03
   3   4   3   5.25139250000E-03
   4   4   3   5.05392500000E-04
   1   1   4   1.05153006250E-02
   2   1   4  -1.35921750000E-02
   3   1   4   5.05392500000E-04
   4   1   4  -1.38143437500E-03
   1   2   4  -1.35921750000E-02
   2   2   4  -1.65955381250E-02
   3   2   4   5.25139250000E-03
   4   2   4   1.66029062500E-03
   1   3   4   5.05392500000E-04
   2   3   4   5.25139250000E-03
   3   3   4  -8.07350437500E-03
   4   3   4  -1.38143437500E-03
   1   4   4  -1.38143437500E-03
   2   4   4   1.66029062500E-03
   3   4   4  -1.38143437500E-03
   4   4   4   2.30250356250E-02
