  4.000000000000000E-002  0.610030253915480        2.50787862102213     
   4   4   4
   1   1   1   1
   1   1   1   7.27821573438E-02
   2   1   1  -1.15761782813E-02
   3   1   1  -2.59521406250E-04
   4   1   1  -1.15761782813E-02
   1   2   1   8.08515484375E-03
   2   2   1  -5.14063906250E-04
   3   2   1  -1.42822703125E-03
   4   2   1  -1.15761782813E-02
   1   3   1  -3.35115890625E-03
   2   3   1  -5.14063906250E-04
   3   3   1  -2.59521406250E-04
   4   3   1  -5.14063906250E-04
   1   4   1   8.08515484375E-03
   2   4   1  -1.15761782813E-02
   3   4   1  -1.42822703125E-03
   4   4   1  -5.14063906250E-04
   1   1   2  -1.15761782813E-02
   2   1   2  -1.42822703125E-03
   3   1   2  -5.14063906250E-04
   4   1   2   8.08515484375E-03
   1   2   2  -5.14063906250E-04
   2   2   2   4.58129671875E-03
   3   2   2  -5.14063906250E-04
   4   2   2   7.70042968750E-04
   1   3   2  -5.14063906250E-04
   2   3   2  -1.42822703125E-03
   3   3   2   2.42021171875E-03
   4   3   2  -1.09296765625E-03
   1   4   2  -1.15761782813E-02
   2   4   2  -5.60556453125E-03
   3   4   2   2.42021171875E-03
   4   4   2   7.70042968750E-04
   1   1   3  -2.59521406250E-04
   2   1   3  -5.14063906250E-04
   3   1   3  -3.35115890625E-03
   4   1   3  -5.14063906250E-04
   1   2   3  -1.42822703125E-03
   2   2   3  -5.14063906250E-04
   3   2   3  -1.09296765625E-03
   4   2   3   2.42021171875E-03
   1   3   3  -2.59521406250E-04
   2   3   3   2.42021171875E-03
   3   3   3   6.19072343750E-04
   4   3   3   2.42021171875E-03
   1   4   3  -1.42822703125E-03
   2   4   3   2.42021171875E-03
   3   4   3  -1.09296765625E-03
   4   4   3  -5.14063906250E-04
   1   1   4  -1.15761782813E-02
   2   1   4   8.08515484375E-03
   3   1   4  -5.14063906250E-04
   4   1   4  -1.42822703125E-03
   1   2   4  -1.15761782813E-02
   2   2   4   7.70042968750E-04
   3   2   4   2.42021171875E-03
   4   2   4  -5.60556453125E-03
   1   3   4  -5.14063906250E-04
   2   3   4  -1.09296765625E-03
   3   3   4   2.42021171875E-03
   4   3   4  -1.42822703125E-03
   1   4   4  -5.14063906250E-04
   2   4   4   7.70042968750E-04
   3   4   4  -5.14063906250E-04
   4   4   4   4.58129671875E-03
   1   2   1   1
   1   1   1   8.67361737988E-19
   2   1   1   2.16840434497E-19
   3   1   1   0.00000000000E+00
   4   1   1   2.16840434497E-19
   1   2   1  -2.16840434497E-19
   2   2   1   2.95112500000E-03
   3   2   1  -2.37858125000E-04
   4   2   1  -1.67354743750E-02
   1   3   1  -4.33680868994E-19
   2   3   1  -2.37858125000E-04
   3   3   1   3.29962875000E-03
   4   3   1  -2.37858125000E-04
   1   4   1  -2.16840434497E-19
   2   4   1  -1.67354743750E-02
   3   4   1  -2.37858125000E-04
   4   4   1   2.95112500000E-03
   1   1   2   1.67354743750E-02
   2   1   2   2.37858125000E-04
   3   1   2  -2.95112500000E-03
   4   1   2   2.16840434497E-19
   1   2   2   2.37858125000E-04
   2   2   2   0.00000000000E+00
   3   2   2  -2.37858125000E-04
   4   2   2   0.00000000000E+00
   1   3   2  -2.95112500000E-03
   2   3   2  -2.37858125000E-04
   3   3   2   3.13018125000E-04
   4   3   2  -2.16840434497E-19
   1   4   2  -2.16840434497E-19
   2   4   2   0.00000000000E+00
   3   4   2   0.00000000000E+00
   4   4   2   0.00000000000E+00
   1   1   3  -3.29962875000E-03
   2   1   3   2.37858125000E-04
   3   1   3   0.00000000000E+00
   4   1   3   2.37858125000E-04
   1   2   3   2.37858125000E-04
   2   2   3   2.95112500000E-03
   3   2   3   0.00000000000E+00
   4   2   3  -3.13018125000E-04
   1   3   3  -4.33680868994E-19
   2   3   3  -2.16840434497E-19
   3   3   3   0.00000000000E+00
   4   3   3  -2.16840434497E-19
   1   4   3   2.37858125000E-04
   2   4   3  -3.13018125000E-04
   3   4   3   0.00000000000E+00
   4   4   3   2.95112500000E-03
   1   1   4   1.67354743750E-02
   2   1   4   2.16840434497E-19
   3   1   4  -2.95112500000E-03
   4   1   4   2.37858125000E-04
   1   2   4  -2.16840434497E-19
   2   2   4   0.00000000000E+00
   3   2   4   0.00000000000E+00
   4   2   4   0.00000000000E+00
   1   3   4  -2.95112500000E-03
   2   3   4  -2.16840434497E-19
   3   3   4   3.13018125000E-04
   4   3   4  -2.37858125000E-04
   1   4   4   2.37858125000E-04
   2   4   4   0.00000000000E+00
   3   4   4  -2.37858125000E-04
   4   4   4   0.00000000000E+00
   1   3   1   1
   1   1   1  -4.33680868994E-19
   2   1   1   1.67354743750E-02
   3   1   1  -3.29962875000E-03
   4   1   1   1.67354743750E-02
   1   2   1   2.16840434497E-19
   2   2   1   2.37858125000E-04
   3   2   1   2.37858125000E-04
   4   2   1  -2.16840434497E-19
   1   3   1   4.33680868994E-19
   2   3   1  -2.95112500000E-03
   3   3   1   0.00000000000E+00
   4   3   1  -2.95112500000E-03
   1   4   1   2.16840434497E-19
   2   4   1  -2.16840434497E-19
   3   4   1   2.37858125000E-04
   4   4   1   2.37858125000E-04
   1   1   2   2.16840434497E-19
   2   1   2   2.37858125000E-04
   3   1   2   2.37858125000E-04
   4   1   2  -2.16840434497E-19
   1   2   2   2.95112500000E-03
   2   2   2   0.00000000000E+00
   3   2   2   2.95112500000E-03
   4   2   2   0.00000000000E+00
   1   3   2  -2.37858125000E-04
   2   3   2  -2.37858125000E-04
   3   3   2   0.00000000000E+00
   4   3   2   2.16840434497E-19
   1   4   2  -1.67354743750E-02
   2   4   2   0.00000000000E+00
   3   4   2  -3.13018125000E-04
   4   4   2   0.00000000000E+00
   1   1   3   4.33680868994E-19
   2   1   3  -2.95112500000E-03
   3   1   3   0.00000000000E+00
   4   1   3  -2.95112500000E-03
   1   2   3  -2.37858125000E-04
   2   2   3  -2.37858125000E-04
   3   2   3   0.00000000000E+00
   4   2   3   2.16840434497E-19
   1   3   3   3.29962875000E-03
   2   3   3   3.13018125000E-04
   3   3   3   0.00000000000E+00
   4   3   3   3.13018125000E-04
   1   4   3  -2.37858125000E-04
   2   4   3   2.16840434497E-19
   3   4   3   0.00000000000E+00
   4   4   3  -2.37858125000E-04
   1   1   4   2.16840434497E-19
   2   1   4  -2.16840434497E-19
   3   1   4   2.37858125000E-04
   4   1   4   2.37858125000E-04
   1   2   4  -1.67354743750E-02
   2   2   4   0.00000000000E+00
   3   2   4  -3.13018125000E-04
   4   2   4   0.00000000000E+00
   1   3   4  -2.37858125000E-04
   2   3   4   2.16840434497E-19
   3   3   4   0.00000000000E+00
   4   3   4  -2.37858125000E-04
   1   4   4   2.95112500000E-03
   2   4   4   0.00000000000E+00
   3   4   4   2.95112500000E-03
   4   4   4   0.00000000000E+00
   2   1   1   1
   1   1   1   8.67361737988E-19
   2   1   1   2.16840434497E-19
   3   1   1   0.00000000000E+00
   4   1   1   2.16840434497E-19
   1   2   1  -2.16840434497E-19
   2   2   1   2.95112500000E-03
   3   2   1  -2.37858125000E-04
   4   2   1  -1.67354743750E-02
   1   3   1  -4.33680868994E-19
   2   3   1  -2.37858125000E-04
   3   3   1   3.29962875000E-03
   4   3   1  -2.37858125000E-04
   1   4   1  -2.16840434497E-19
   2   4   1  -1.67354743750E-02
   3   4   1  -2.37858125000E-04
   4   4   1   2.95112500000E-03
   1   1   2   1.67354743750E-02
   2   1   2   2.37858125000E-04
   3   1   2  -2.95112500000E-03
   4   1   2   2.16840434497E-19
   1   2   2   2.37858125000E-04
   2   2   2   0.00000000000E+00
   3   2   2  -2.37858125000E-04
   4   2   2   0.00000000000E+00
   1   3   2  -2.95112500000E-03
   2   3   2  -2.37858125000E-04
   3   3   2   3.13018125000E-04
   4   3   2  -2.16840434497E-19
   1   4   2  -2.16840434497E-19
   2   4   2   0.00000000000E+00
   3   4   2   0.00000000000E+00
   4   4   2   0.00000000000E+00
   1   1   3  -3.29962875000E-03
   2   1   3   2.37858125000E-04
   3   1   3   0.00000000000E+00
   4   1   3   2.37858125000E-04
   1   2   3   2.37858125000E-04
   2   2   3   2.95112500000E-03
   3   2   3   0.00000000000E+00
   4   2   3  -3.13018125000E-04
   1   3   3  -4.33680868994E-19
   2   3   3  -2.16840434497E-19
   3   3   3   0.00000000000E+00
   4   3   3  -2.16840434497E-19
   1   4   3   2.37858125000E-04
   2   4   3  -3.13018125000E-04
   3   4   3   0.00000000000E+00
   4   4   3   2.95112500000E-03
   1   1   4   1.67354743750E-02
   2   1   4   2.16840434497E-19
   3   1   4  -2.95112500000E-03
   4   1   4   2.37858125000E-04
   1   2   4  -2.16840434497E-19
   2   2   4   0.00000000000E+00
   3   2   4   0.00000000000E+00
   4   2   4   0.00000000000E+00
   1   3   4  -2.95112500000E-03
   2   3   4  -2.16840434497E-19
   3   3   4   3.13018125000E-04
   4   3   4  -2.37858125000E-04
   1   4   4   2.37858125000E-04
   2   4   4   0.00000000000E+00
   3   4   4  -2.37858125000E-04
   4   4   4   0.00000000000E+00
   2   2   1   1
   1   1   1   7.27821573438E-02
   2   1   1   8.08515484375E-03
   3   1   1  -3.35115890625E-03
   4   1   1   8.08515484375E-03
   1   2   1  -1.15761782813E-02
   2   2   1  -5.14063906250E-04
   3   2   1  -5.14063906250E-04
   4   2   1  -1.15761782813E-02
   1   3   1  -2.59521406250E-04
   2   3   1  -1.42822703125E-03
   3   3   1  -2.59521406250E-04
   4   3   1  -1.42822703125E-03
   1   4   1  -1.15761782813E-02
   2   4   1  -1.15761782813E-02
   3   4   1  -5.14063906250E-04
   4   4   1  -5.14063906250E-04
   1   1   2  -1.15761782813E-02
   2   1   2  -5.14063906250E-04
   3   1   2  -5.14063906250E-04
   4   1   2  -1.15761782813E-02
   1   2   2  -1.42822703125E-03
   2   2   2   4.58129671875E-03
   3   2   2  -1.42822703125E-03
   4   2   2  -5.60556453125E-03
   1   3   2  -5.14063906250E-04
   2   3   2  -5.14063906250E-04
   3   3   2   2.42021171875E-03
   4   3   2   2.42021171875E-03
   1   4   2   8.08515484375E-03
   2   4   2   7.70042968750E-04
   3   4   2  -1.09296765625E-03
   4   4   2   7.70042968750E-04
   1   1   3  -2.59521406250E-04
   2   1   3  -1.42822703125E-03
   3   1   3  -2.59521406250E-04
   4   1   3  -1.42822703125E-03
   1   2   3  -5.14063906250E-04
   2   2   3  -5.14063906250E-04
   3   2   3   2.42021171875E-03
   4   2   3   2.42021171875E-03
   1   3   3  -3.35115890625E-03
   2   3   3  -1.09296765625E-03
   3   3   3   6.19072343750E-04
   4   3   3  -1.09296765625E-03
   1   4   3  -5.14063906250E-04
   2   4   3   2.42021171875E-03
   3   4   3   2.42021171875E-03
   4   4   3  -5.14063906250E-04
   1   1   4  -1.15761782813E-02
   2   1   4  -1.15761782813E-02
   3   1   4  -5.14063906250E-04
   4   1   4  -5.14063906250E-04
   1   2   4   8.08515484375E-03
   2   2   4   7.70042968750E-04
   3   2   4  -1.09296765625E-03
   4   2   4   7.70042968750E-04
   1   3   4  -5.14063906250E-04
   2   3   4   2.42021171875E-03
   3   3   4   2.42021171875E-03
   4   3   4  -5.14063906250E-04
   1   4   4  -1.42822703125E-03
   2   4   4  -5.60556453125E-03
   3   4   4  -1.42822703125E-03
   4   4   4   4.58129671875E-03
   2   3   1   1
   1   1   1  -4.33680868994E-19
   2   1   1  -2.16840434497E-19
   3   1   1   0.00000000000E+00
   4   1   1  -2.16840434497E-19
   1   2   1  -1.67354743750E-02
   2   2   1  -2.37858125000E-04
   3   2   1   2.95112500000E-03
   4   2   1  -2.16840434497E-19
   1   3   1   3.29962875000E-03
   2   3   1  -2.37858125000E-04
   3   3   1   0.00000000000E+00
   4   3   1  -2.37858125000E-04
   1   4   1  -1.67354743750E-02
   2   4   1  -2.16840434497E-19
   3   4   1   2.95112500000E-03
   4   4   1  -2.37858125000E-04
   1   1   2   2.16840434497E-19
   2   1   2  -2.95112500000E-03
   3   1   2   2.37858125000E-04
   4   1   2   1.67354743750E-02
   1   2   2  -2.37858125000E-04
   2   2   2   0.00000000000E+00
   3   2   2   2.37858125000E-04
   4   2   2   0.00000000000E+00
   1   3   2  -2.37858125000E-04
   2   3   2  -2.95112500000E-03
   3   3   2   0.00000000000E+00
   4   3   2   3.13018125000E-04
   1   4   2   2.16840434497E-19
   2   4   2   0.00000000000E+00
   3   4   2   0.00000000000E+00
   4   4   2   0.00000000000E+00
   1   1   3   4.33680868994E-19
   2   1   3   2.37858125000E-04
   3   1   3  -3.29962875000E-03
   4   1   3   2.37858125000E-04
   1   2   3   2.95112500000E-03
   2   2   3   2.37858125000E-04
   3   2   3  -3.13018125000E-04
   4   2   3   2.16840434497E-19
   1   3   3   4.33680868994E-19
   2   3   3   2.16840434497E-19
   3   3   3   0.00000000000E+00
   4   3   3   2.16840434497E-19
   1   4   3   2.95112500000E-03
   2   4   3   2.16840434497E-19
   3   4   3  -3.13018125000E-04
   4   4   3   2.37858125000E-04
   1   1   4   2.16840434497E-19
   2   1   4   1.67354743750E-02
   3   1   4   2.37858125000E-04
   4   1   4  -2.95112500000E-03
   1   2   4   2.16840434497E-19
   2   2   4   0.00000000000E+00
   3   2   4   0.00000000000E+00
   4   2   4   0.00000000000E+00
   1   3   4  -2.37858125000E-04
   2   3   4   3.13018125000E-04
   3   3   4   0.00000000000E+00
   4   3   4  -2.95112500000E-03
   1   4   4  -2.37858125000E-04
   2   4   4   0.00000000000E+00
   3   4   4   2.37858125000E-04
   4   4   4   0.00000000000E+00
   3   1   1   1
   1   1   1  -4.33680868994E-19
   2   1   1   1.67354743750E-02
   3   1   1  -3.29962875000E-03
   4   1   1   1.67354743750E-02
   1   2   1   2.16840434497E-19
   2   2   1   2.37858125000E-04
   3   2   1   2.37858125000E-04
   4   2   1  -2.16840434497E-19
   1   3   1   4.33680868994E-19
   2   3   1  -2.95112500000E-03
   3   3   1   0.00000000000E+00
   4   3   1  -2.95112500000E-03
   1   4   1   2.16840434497E-19
   2   4   1  -2.16840434497E-19
   3   4   1   2.37858125000E-04
   4   4   1   2.37858125000E-04
   1   1   2   2.16840434497E-19
   2   1   2   2.37858125000E-04
   3   1   2   2.37858125000E-04
   4   1   2  -2.16840434497E-19
   1   2   2   2.95112500000E-03
   2   2   2   0.00000000000E+00
   3   2   2   2.95112500000E-03
   4   2   2   0.00000000000E+00
   1   3   2  -2.37858125000E-04
   2   3   2  -2.37858125000E-04
   3   3   2   0.00000000000E+00
   4   3   2   2.16840434497E-19
   1   4   2  -1.67354743750E-02
   2   4   2   0.00000000000E+00
   3   4   2  -3.13018125000E-04
   4   4   2   0.00000000000E+00
   1   1   3   4.33680868994E-19
   2   1   3  -2.95112500000E-03
   3   1   3   0.00000000000E+00
   4   1   3  -2.95112500000E-03
   1   2   3  -2.37858125000E-04
   2   2   3  -2.37858125000E-04
   3   2   3   0.00000000000E+00
   4   2   3   2.16840434497E-19
   1   3   3   3.29962875000E-03
   2   3   3   3.13018125000E-04
   3   3   3   0.00000000000E+00
   4   3   3   3.13018125000E-04
   1   4   3  -2.37858125000E-04
   2   4   3   2.16840434497E-19
   3   4   3   0.00000000000E+00
   4   4   3  -2.37858125000E-04
   1   1   4   2.16840434497E-19
   2   1   4  -2.16840434497E-19
   3   1   4   2.37858125000E-04
   4   1   4   2.37858125000E-04
   1   2   4  -1.67354743750E-02
   2   2   4   0.00000000000E+00
   3   2   4  -3.13018125000E-04
   4   2   4   0.00000000000E+00
   1   3   4  -2.37858125000E-04
   2   3   4   2.16840434497E-19
   3   3   4   0.00000000000E+00
   4   3   4  -2.37858125000E-04
   1   4   4   2.95112500000E-03
   2   4   4   0.00000000000E+00
   3   4   4   2.95112500000E-03
   4   4   4   0.00000000000E+00
   3   2   1   1
   1   1   1  -4.33680868994E-19
   2   1   1  -2.16840434497E-19
   3   1   1   0.00000000000E+00
   4   1   1  -2.16840434497E-19
   1   2   1  -1.67354743750E-02
   2   2   1  -2.37858125000E-04
   3   2   1   2.95112500000E-03
   4   2   1  -2.16840434497E-19
   1   3   1   3.29962875000E-03
   2   3   1  -2.37858125000E-04
   3   3   1   0.00000000000E+00
   4   3   1  -2.37858125000E-04
   1   4   1  -1.67354743750E-02
   2   4   1  -2.16840434497E-19
   3   4   1   2.95112500000E-03
   4   4   1  -2.37858125000E-04
   1   1   2   2.16840434497E-19
   2   1   2  -2.95112500000E-03
   3   1   2   2.37858125000E-04
   4   1   2   1.67354743750E-02
   1   2   2  -2.37858125000E-04
   2   2   2   0.00000000000E+00
   3   2   2   2.37858125000E-04
   4   2   2   0.00000000000E+00
   1   3   2  -2.37858125000E-04
   2   3   2  -2.95112500000E-03
   3   3   2   0.00000000000E+00
   4   3   2   3.13018125000E-04
   1   4   2   2.16840434497E-19
   2   4   2   0.00000000000E+00
   3   4   2   0.00000000000E+00
   4   4   2   0.00000000000E+00
   1   1   3   4.33680868994E-19
   2   1   3   2.37858125000E-04
   3   1   3  -3.29962875000E-03
   4   1   3   2.37858125000E-04
   1   2   3   2.95112500000E-03
   2   2   3   2.37858125000E-04
   3   2   3  -3.13018125000E-04
   4   2   3   2.16840434497E-19
   1   3   3   4.33680868994E-19
   2   3   3   2.16840434497E-19
   3   3   3   0.00000000000E+00
   4   3   3   2.16840434497E-19
   1   4   3   2.95112500000E-03
   2   4   3   2.16840434497E-19
   3   4   3  -3.13018125000E-04
   4   4   3   2.37858125000E-04
   1   1   4   2.16840434497E-19
   2   1   4   1.67354743750E-02
   3   1   4   2.37858125000E-04
   4   1   4  -2.95112500000E-03
   1   2   4   2.16840434497E-19
   2   2   4   0.00000000000E+00
   3   2   4   0.00000000000E+00
   4   2   4   0.00000000000E+00
   1   3   4  -2.37858125000E-04
   2   3   4   3.13018125000E-04
   3   3   4   0.00000000000E+00
   4   3   4  -2.95112500000E-03
   1   4   4  -2.37858125000E-04
   2   4   4   0.00000000000E+00
   3   4   4   2.37858125000E-04
   4   4   4   0.00000000000E+00
   3   3   1   1
   1   1   1   7.27821573438E-02
   2   1   1  -1.15761782813E-02
   3   1   1  -2.59521406250E-04
   4   1   1  -1.15761782813E-02
   1   2   1  -1.15761782813E-02
   2   2   1  -1.42822703125E-03
   3   2   1  -5.14063906250E-04
   4   2   1   8.08515484375E-03
   1   3   1  -2.59521406250E-04
   2   3   1  -5.14063906250E-04
   3   3   1  -3.35115890625E-03
   4   3   1  -5.14063906250E-04
   1   4   1  -1.15761782813E-02
   2   4   1   8.08515484375E-03
   3   4   1  -5.14063906250E-04
   4   4   1  -1.42822703125E-03
   1   1   2   8.08515484375E-03
   2   1   2  -5.14063906250E-04
   3   1   2  -1.42822703125E-03
   4   1   2  -1.15761782813E-02
   1   2   2  -5.14063906250E-04
   2   2   2   4.58129671875E-03
   3   2   2  -5.14063906250E-04
   4   2   2   7.70042968750E-04
   1   3   2  -1.42822703125E-03
   2   3   2  -5.14063906250E-04
   3   3   2  -1.09296765625E-03
   4   3   2   2.42021171875E-03
   1   4   2  -1.15761782813E-02
   2   4   2   7.70042968750E-04
   3   4   2   2.42021171875E-03
   4   4   2  -5.60556453125E-03
   1   1   3  -3.35115890625E-03
   2   1   3  -5.14063906250E-04
   3   1   3  -2.59521406250E-04
   4   1   3  -5.14063906250E-04
   1   2   3  -5.14063906250E-04
   2   2   3  -1.42822703125E-03
   3   2   3   2.42021171875E-03
   4   2   3  -1.09296765625E-03
   1   3   3  -2.59521406250E-04
   2   3   3   2.42021171875E-03
   3   3   3   6.19072343750E-04
   4   3   3   2.42021171875E-03
   1   4   3  -5.14063906250E-04
   2   4   3  -1.09296765625E-03
   3   4   3   2.42021171875E-03
   4   4   3  -1.42822703125E-03
   1   1   4   8.08515484375E-03
   2   1   4  -1.15761782813E-02
   3   1   4  -1.42822703125E-03
   4   1   4  -5.14063906250E-04
   1   2   4  -1.15761782813E-02
   2   2   4  -5.60556453125E-03
   3   2   4   2.42021171875E-03
   4   2   4   7.70042968750E-04
   1   3   4  -1.42822703125E-03
   2   3   4   2.42021171875E-03
   3   3   4  -1.09296765625E-03
   4   3   4  -5.14063906250E-04
   1   4   4  -5.14063906250E-04
   2   4   4   7.70042968750E-04
   3   4   4  -5.14063906250E-04
   4   4   4   4.58129671875E-03
