  2.500000000000000E-002  0.611346389722652        2.32981852390816     
   4   4   4
   1   1   1   1
   1   1   1   7.12334175000E-02
   2   1   1  -1.29199468750E-02
   3   1   1   1.41099312500E-03
   4   1   1  -1.29199468750E-02
   1   2   1   8.84257375000E-03
   2   2   1  -1.40434562500E-03
   3   2   1   1.86433125000E-04
   4   2   1  -1.29199468750E-02
   1   3   1  -6.44106500000E-03
   2   3   1  -1.40434562500E-03
   3   3   1   1.41099312500E-03
   4   3   1  -1.40434562500E-03
   1   4   1   8.84257375000E-03
   2   4   1  -1.29199468750E-02
   3   4   1   1.86433125000E-04
   4   4   1  -1.40434562500E-03
   1   1   2  -1.29199468750E-02
   2   1   2   1.86433125000E-04
   3   1   2  -1.40434562500E-03
   4   1   2   8.84257375000E-03
   1   2   2  -1.40434562500E-03
   2   2   2   1.11999300000E-02
   3   2   2  -1.40434562500E-03
   4   2   2   9.48253125000E-04
   1   3   2  -1.40434562500E-03
   2   3   2   1.86433125000E-04
   3   3   2   3.66182687500E-03
   4   3   2  -3.88001750000E-03
   1   4   2  -1.29199468750E-02
   2   4   2  -7.72398375000E-03
   3   4   2   3.66182687500E-03
   4   4   2   9.48253125000E-04
   1   1   3   1.41099312500E-03
   2   1   3  -1.40434562500E-03
   3   1   3  -6.44106500000E-03
   4   1   3  -1.40434562500E-03
   1   2   3   1.86433125000E-04
   2   2   3  -1.40434562500E-03
   3   2   3  -3.88001750000E-03
   4   2   3   3.66182687500E-03
   1   3   3   1.41099312500E-03
   2   3   3   3.66182687500E-03
   3   3   3   8.84215000000E-04
   4   3   3   3.66182687500E-03
   1   4   3   1.86433125000E-04
   2   4   3   3.66182687500E-03
   3   4   3  -3.88001750000E-03
   4   4   3  -1.40434562500E-03
   1   1   4  -1.29199468750E-02
   2   1   4   8.84257375000E-03
   3   1   4  -1.40434562500E-03
   4   1   4   1.86433125000E-04
   1   2   4  -1.29199468750E-02
   2   2   4   9.48253125000E-04
   3   2   4   3.66182687500E-03
   4   2   4  -7.72398375000E-03
   1   3   4  -1.40434562500E-03
   2   3   4  -3.88001750000E-03
   3   3   4   3.66182687500E-03
   4   3   4   1.86433125000E-04
   1   4   4  -1.40434562500E-03
   2   4   4   9.48253125000E-04
   3   4   4  -1.40434562500E-03
   4   4   4   1.11999300000E-02
   1   2   1   1
   1   1   1  -8.67361737988E-19
   2   1   1  -2.16840434497E-19
   3   1   1   0.00000000000E+00
   4   1   1  -2.16840434497E-19
   1   2   1  -2.16840434497E-19
   2   2   1   4.78831750000E-03
   3   2   1  -4.30738750000E-04
   4   2   1  -1.66689550000E-02
   1   3   1   4.33680868994E-19
   2   3   1  -4.30738750000E-04
   3   3   1   3.57479750000E-03
   4   3   1  -4.30738750000E-04
   1   4   1  -2.16840434497E-19
   2   4   1  -1.66689550000E-02
   3   4   1  -4.30738750000E-04
   4   4   1   4.78831750000E-03
   1   1   2   1.66689550000E-02
   2   1   2   4.30738750000E-04
   3   1   2  -4.78831750000E-03
   4   1   2  -2.16840434497E-19
   1   2   2   4.30738750000E-04
   2   2   2   0.00000000000E+00
   3   2   2  -4.30738750000E-04
   4   2   2   0.00000000000E+00
   1   3   2  -4.78831750000E-03
   2   3   2  -4.30738750000E-04
   3   3   2   2.19798750000E-03
   4   3   2   2.16840434497E-19
   1   4   2  -2.16840434497E-19
   2   4   2   0.00000000000E+00
   3   4   2   0.00000000000E+00
   4   4   2   0.00000000000E+00
   1   1   3  -3.57479750000E-03
   2   1   3   4.30738750000E-04
   3   1   3   0.00000000000E+00
   4   1   3   4.30738750000E-04
   1   2   3   4.30738750000E-04
   2   2   3   4.78831750000E-03
   3   2   3   0.00000000000E+00
   4   2   3  -2.19798750000E-03
   1   3   3   4.33680868994E-19
   2   3   3   2.16840434497E-19
   3   3   3   0.00000000000E+00
   4   3   3   2.16840434497E-19
   1   4   3   4.30738750000E-04
   2   4   3  -2.19798750000E-03
   3   4   3   0.00000000000E+00
   4   4   3   4.78831750000E-03
   1   1   4   1.66689550000E-02
   2   1   4  -2.16840434497E-19
   3   1   4  -4.78831750000E-03
   4   1   4   4.30738750000E-04
   1   2   4  -2.16840434497E-19
   2   2   4   0.00000000000E+00
   3   2   4   0.00000000000E+00
   4   2   4   0.00000000000E+00
   1   3   4  -4.78831750000E-03
   2   3   4   2.16840434497E-19
   3   3   4   2.19798750000E-03
   4   3   4  -4.30738750000E-04
   1   4   4   4.30738750000E-04
   2   4   4   0.00000000000E+00
   3   4   4  -4.30738750000E-04
   4   4   4   0.00000000000E+00
   1   3   1   1
   1   1   1   4.33680868994E-19
   2   1   1   1.66689550000E-02
   3   1   1  -3.57479750000E-03
   4   1   1   1.66689550000E-02
   1   2   1   2.16840434497E-19
   2   2   1   4.30738750000E-04
   3   2   1   4.30738750000E-04
   4   2   1   2.16840434497E-19
   1   3   1  -4.33680868994E-19
   2   3   1  -4.78831750000E-03
   3   3   1   0.00000000000E+00
   4   3   1  -4.78831750000E-03
   1   4   1   2.16840434497E-19
   2   4   1   2.16840434497E-19
   3   4   1   4.30738750000E-04
   4   4   1   4.30738750000E-04
   1   1   2   2.16840434497E-19
   2   1   2   4.30738750000E-04
   3   1   2   4.30738750000E-04
   4   1   2   2.16840434497E-19
   1   2   2   4.78831750000E-03
   2   2   2   0.00000000000E+00
   3   2   2   4.78831750000E-03
   4   2   2   0.00000000000E+00
   1   3   2  -4.30738750000E-04
   2   3   2  -4.30738750000E-04
   3   3   2   0.00000000000E+00
   4   3   2  -2.16840434497E-19
   1   4   2  -1.66689550000E-02
   2   4   2   0.00000000000E+00
   3   4   2  -2.19798750000E-03
   4   4   2   0.00000000000E+00
   1   1   3  -4.33680868994E-19
   2   1   3  -4.78831750000E-03
   3   1   3   0.00000000000E+00
   4   1   3  -4.78831750000E-03
   1   2   3  -4.30738750000E-04
   2   2   3  -4.30738750000E-04
   3   2   3   0.00000000000E+00
   4   2   3  -2.16840434497E-19
   1   3   3   3.57479750000E-03
   2   3   3   2.19798750000E-03
   3   3   3   0.00000000000E+00
   4   3   3   2.19798750000E-03
   1   4   3  -4.30738750000E-04
   2   4   3  -2.16840434497E-19
   3   4   3   0.00000000000E+00
   4   4   3  -4.30738750000E-04
   1   1   4   2.16840434497E-19
   2   1   4   2.16840434497E-19
   3   1   4   4.30738750000E-04
   4   1   4   4.30738750000E-04
   1   2   4  -1.66689550000E-02
   2   2   4   0.00000000000E+00
   3   2   4  -2.19798750000E-03
   4   2   4   0.00000000000E+00
   1   3   4  -4.30738750000E-04
   2   3   4  -2.16840434497E-19
   3   3   4   0.00000000000E+00
   4   3   4  -4.30738750000E-04
   1   4   4   4.78831750000E-03
   2   4   4   0.00000000000E+00
   3   4   4   4.78831750000E-03
   4   4   4   0.00000000000E+00
   2   1   1   1
   1   1   1  -8.67361737988E-19
   2   1   1  -2.16840434497E-19
   3   1   1   0.00000000000E+00
   4   1   1  -2.16840434497E-19
   1   2   1  -2.16840434497E-19
   2   2   1   4.78831750000E-03
   3   2   1  -4.30738750000E-04
   4   2   1  -1.66689550000E-02
   1   3   1   4.33680868994E-19
   2   3   1  -4.30738750000E-04
   3   3   1   3.57479750000E-03
   4   3   1  -4.30738750000E-04
   1   4   1  -2.16840434497E-19
   2   4   1  -1.66689550000E-02
   3   4   1  -4.30738750000E-04
   4   4   1   4.78831750000E-03
   1   1   2   1.66689550000E-02
   2   1   2   4.30738750000E-04
   3   1   2  -4.78831750000E-03
   4   1   2  -2.16840434497E-19
   1   2   2   4.30738750000E-04
   2   2   2   0.00000000000E+00
   3   2   2  -4.30738750000E-04
   4   2   2   0.00000000000E+00
   1   3   2  -4.78831750000E-03
   2   3   2  -4.30738750000E-04
   3   3   2   2.19798750000E-03
   4   3   2   2.16840434497E-19
   1   4   2  -2.16840434497E-19
   2   4   2   0.00000000000E+00
   3   4   2   0.00000000000E+00
   4   4   2   0.00000000000E+00
   1   1   3  -3.57479750000E-03
   2   1   3   4.30738750000E-04
   3   1   3   0.00000000000E+00
   4   1   3   4.30738750000E-04
   1   2   3   4.30738750000E-04
   2   2   3   4.78831750000E-03
   3   2   3   0.00000000000E+00
   4   2   3  -2.19798750000E-03
   1   3   3   4.33680868994E-19
   2   3   3   2.16840434497E-19
   3   3   3   0.00000000000E+00
   4   3   3   2.16840434497E-19
   1   4   3   4.30738750000E-04
   2   4   3  -2.19798750000E-03
   3   4   3   0.00000000000E+00
   4   4   3   4.78831750000E-03
   1   1   4   1.66689550000E-02
   2   1   4  -2.16840434497E-19
   3   1   4  -4.78831750000E-03
   4   1   4   4.30738750000E-04
   1   2   4  -2.16840434497E-19
   2   2   4   0.00000000000E+00
   3   2   4   0.00000000000E+00
   4   2   4   0.00000000000E+00
   1   3   4  -4.78831750000E-03
   2   3   4   2.16840434497E-19
   3   3   4   2.19798750000E-03
   4   3   4  -4.30738750000E-04
   1   4   4   4.30738750000E-04
   2   4   4   0.00000000000E+00
   3   4   4  -4.30738750000E-04
   4   4   4   0.00000000000E+00
   2   2   1   1
   1   1   1   7.12334175000E-02
   2   1   1   8.84257375000E-03
   3   1   1  -6.44106500000E-03
   4   1   1   8.84257375000E-03
   1   2   1  -1.29199468750E-02
   2   2   1  -1.40434562500E-03
   3   2   1  -1.40434562500E-03
   4   2   1  -1.29199468750E-02
   1   3   1   1.41099312500E-03
   2   3   1   1.86433125000E-04
   3   3   1   1.41099312500E-03
   4   3   1   1.86433125000E-04
   1   4   1  -1.29199468750E-02
   2   4   1  -1.29199468750E-02
   3   4   1  -1.40434562500E-03
   4   4   1  -1.40434562500E-03
   1   1   2  -1.29199468750E-02
   2   1   2  -1.40434562500E-03
   3   1   2  -1.40434562500E-03
   4   1   2  -1.29199468750E-02
   1   2   2   1.86433125000E-04
   2   2   2   1.11999300000E-02
   3   2   2   1.86433125000E-04
   4   2   2  -7.72398375000E-03
   1   3   2  -1.40434562500E-03
   2   3   2  -1.40434562500E-03
   3   3   2   3.66182687500E-03
   4   3   2   3.66182687500E-03
   1   4   2   8.84257375000E-03
   2   4   2   9.48253125000E-04
   3   4   2  -3.88001750000E-03
   4   4   2   9.48253125000E-04
   1   1   3   1.41099312500E-03
   2   1   3   1.86433125000E-04
   3   1   3   1.41099312500E-03
   4   1   3   1.86433125000E-04
   1   2   3  -1.40434562500E-03
   2   2   3  -1.40434562500E-03
   3   2   3   3.66182687500E-03
   4   2   3   3.66182687500E-03
   1   3   3  -6.44106500000E-03
   2   3   3  -3.88001750000E-03
   3   3   3   8.84215000000E-04
   4   3   3  -3.88001750000E-03
   1   4   3  -1.40434562500E-03
   2   4   3   3.66182687500E-03
   3   4   3   3.66182687500E-03
   4   4   3  -1.40434562500E-03
   1   1   4  -1.29199468750E-02
   2   1   4  -1.29199468750E-02
   3   1   4  -1.40434562500E-03
   4   1   4  -1.40434562500E-03
   1   2   4   8.84257375000E-03
   2   2   4   9.48253125000E-04
   3   2   4  -3.88001750000E-03
   4   2   4   9.48253125000E-04
   1   3   4  -1.40434562500E-03
   2   3   4   3.66182687500E-03
   3   3   4   3.66182687500E-03
   4   3   4  -1.40434562500E-03
   1   4   4   1.86433125000E-04
   2   4   4  -7.72398375000E-03
   3   4   4   1.86433125000E-04
   4   4   4   1.11999300000E-02
   2   3   1   1
   1   1   1   4.33680868994E-19
   2   1   1   2.16840434497E-19
   3   1   1   0.00000000000E+00
   4   1   1   2.16840434497E-19
   1   2   1  -1.66689550000E-02
   2   2   1  -4.30738750000E-04
   3   2   1   4.78831750000E-03
   4   2   1   2.16840434497E-19
   1   3   1   3.57479750000E-03
   2   3   1  -4.30738750000E-04
   3   3   1   0.00000000000E+00
   4   3   1  -4.30738750000E-04
   1   4   1  -1.66689550000E-02
   2   4   1   2.16840434497E-19
   3   4   1   4.78831750000E-03
   4   4   1  -4.30738750000E-04
   1   1   2   2.16840434497E-19
   2   1   2  -4.78831750000E-03
   3   1   2   4.30738750000E-04
   4   1   2   1.66689550000E-02
   1   2   2  -4.30738750000E-04
   2   2   2   0.00000000000E+00
   3   2   2   4.30738750000E-04
   4   2   2   0.00000000000E+00
   1   3   2  -4.30738750000E-04
   2   3   2  -4.78831750000E-03
   3   3   2   0.00000000000E+00
   4   3   2   2.19798750000E-03
   1   4   2   2.16840434497E-19
   2   4   2   0.00000000000E+00
   3   4   2   0.00000000000E+00
   4   4   2   0.00000000000E+00
   1   1   3  -4.33680868994E-19
   2   1   3   4.30738750000E-04
   3   1   3  -3.57479750000E-03
   4   1   3   4.30738750000E-04
   1   2   3   4.78831750000E-03
   2   2   3   4.30738750000E-04
   3   2   3  -2.19798750000E-03
   4   2   3  -2.16840434497E-19
   1   3   3  -4.33680868994E-19
   2   3   3  -2.16840434497E-19
   3   3   3   0.00000000000E+00
   4   3   3  -2.16840434497E-19
   1   4   3   4.78831750000E-03
   2   4   3  -2.16840434497E-19
   3   4   3  -2.19798750000E-03
   4   4   3   4.30738750000E-04
   1   1   4   2.16840434497E-19
   2   1   4   1.66689550000E-02
   3   1   4   4.30738750000E-04
   4   1   4  -4.78831750000E-03
   1   2   4   2.16840434497E-19
   2   2   4   0.00000000000E+00
   3   2   4   0.00000000000E+00
   4   2   4   0.00000000000E+00
   1   3   4  -4.30738750000E-04
   2   3   4   2.19798750000E-03
   3   3   4   0.00000000000E+00
   4   3   4  -4.78831750000E-03
   1   4   4  -4.30738750000E-04
   2   4   4   0.00000000000E+00
   3   4   4   4.30738750000E-04
   4   4   4   0.00000000000E+00
   3   1   1   1
   1   1   1   4.33680868994E-19
   2   1   1   1.66689550000E-02
   3   1   1  -3.57479750000E-03
   4   1   1   1.66689550000E-02
   1   2   1   2.16840434497E-19
   2   2   1   4.30738750000E-04
   3   2   1   4.30738750000E-04
   4   2   1   2.16840434497E-19
   1   3   1  -4.33680868994E-19
   2   3   1  -4.78831750000E-03
   3   3   1   0.00000000000E+00
   4   3   1  -4.78831750000E-03
   1   4   1   2.16840434497E-19
   2   4   1   2.16840434497E-19
   3   4   1   4.30738750000E-04
   4   4   1   4.30738750000E-04
   1   1   2   2.16840434497E-19
   2   1   2   4.30738750000E-04
   3   1   2   4.30738750000E-04
   4   1   2   2.16840434497E-19
   1   2   2   4.78831750000E-03
   2   2   2   0.00000000000E+00
   3   2   2   4.78831750000E-03
   4   2   2   0.00000000000E+00
   1   3   2  -4.30738750000E-04
   2   3   2  -4.30738750000E-04
   3   3   2   0.00000000000E+00
   4   3   2  -2.16840434497E-19
   1   4   2  -1.66689550000E-02
   2   4   2   0.00000000000E+00
   3   4   2  -2.19798750000E-03
   4   4   2   0.00000000000E+00
   1   1   3  -4.33680868994E-19
   2   1   3  -4.78831750000E-03
   3   1   3   0.00000000000E+00
   4   1   3  -4.78831750000E-03
   1   2   3  -4.30738750000E-04
   2   2   3  -4.30738750000E-04
   3   2   3   0.00000000000E+00
   4   2   3  -2.16840434497E-19
   1   3   3   3.57479750000E-03
   2   3   3   2.19798750000E-03
   3   3   3   0.00000000000E+00
   4   3   3   2.19798750000E-03
   1   4   3  -4.30738750000E-04
   2   4   3  -2.16840434497E-19
   3   4   3   0.00000000000E+00
   4   4   3  -4.30738750000E-04
   1   1   4   2.16840434497E-19
   2   1   4   2.16840434497E-19
   3   1   4   4.30738750000E-04
   4   1   4   4.30738750000E-04
   1   2   4  -1.66689550000E-02
   2   2   4   0.00000000000E+00
   3   2   4  -2.19798750000E-03
   4   2   4   0.00000000000E+00
   1   3   4  -4.30738750000E-04
   2   3   4  -2.16840434497E-19
   3   3   4   0.00000000000E+00
   4   3   4  -4.30738750000E-04
   1   4   4   4.78831750000E-03
   2   4   4   0.00000000000E+00
   3   4   4   4.78831750000E-03
   4   4   4   0.00000000000E+00
   3   2   1   1
   1   1   1   4.33680868994E-19
   2   1   1   2.16840434497E-19
   3   1   1   0.00000000000E+00
   4   1   1   2.16840434497E-19
   1   2   1  -1.66689550000E-02
   2   2   1  -4.30738750000E-04
   3   2   1   4.78831750000E-03
   4   2   1   2.16840434497E-19
   1   3   1   3.57479750000E-03
   2   3   1  -4.30738750000E-04
   3   3   1   0.00000000000E+00
   4   3   1  -4.30738750000E-04
   1   4   1  -1.66689550000E-02
   2   4   1   2.16840434497E-19
   3   4   1   4.78831750000E-03
   4   4   1  -4.30738750000E-04
   1   1   2   2.16840434497E-19
   2   1   2  -4.78831750000E-03
   3   1   2   4.30738750000E-04
   4   1   2   1.66689550000E-02
   1   2   2  -4.30738750000E-04
   2   2   2   0.00000000000E+00
   3   2   2   4.30738750000E-04
   4   2   2   0.00000000000E+00
   1   3   2  -4.30738750000E-04
   2   3   2  -4.78831750000E-03
   3   3   2   0.00000000000E+00
   4   3   2   2.19798750000E-03
   1   4   2   2.16840434497E-19
   2   4   2   0.00000000000E+00
   3   4   2   0.00000000000E+00
   4   4   2   0.00000000000E+00
   1   1   3  -4.33680868994E-19
   2   1   3   4.30738750000E-04
   3   1   3  -3.57479750000E-03
   4   1   3   4.30738750000E-04
   1   2   3   4.78831750000E-03
   2   2   3   4.30738750000E-04
   3   2   3  -2.19798750000E-03
   4   2   3  -2.16840434497E-19
   1   3   3  -4.33680868994E-19
   2   3   3  -2.16840434497E-19
   3   3   3   0.00000000000E+00
   4   3   3  -2.16840434497E-19
   1   4   3   4.78831750000E-03
   2   4   3  -2.16840434497E-19
   3   4   3  -2.19798750000E-03
   4   4   3   4.30738750000E-04
   1   1   4   2.16840434497E-19
   2   1   4   1.66689550000E-02
   3   1   4   4.30738750000E-04
   4   1   4  -4.78831750000E-03
   1   2   4   2.16840434497E-19
   2   2   4   0.00000000000E+00
   3   2   4   0.00000000000E+00
   4   2   4   0.00000000000E+00
   1   3   4  -4.30738750000E-04
   2   3   4   2.19798750000E-03
   3   3   4   0.00000000000E+00
   4   3   4  -4.78831750000E-03
   1   4   4  -4.30738750000E-04
   2   4   4   0.00000000000E+00
   3   4   4   4.30738750000E-04
   4   4   4   0.00000000000E+00
   3   3   1   1
   1   1   1   7.12334175000E-02
   2   1   1  -1.29199468750E-02
   3   1   1   1.41099312500E-03
   4   1   1  -1.29199468750E-02
   1   2   1  -1.29199468750E-02
   2   2   1   1.86433125000E-04
   3   2   1  -1.40434562500E-03
   4   2   1   8.84257375000E-03
   1   3   1   1.41099312500E-03
   2   3   1  -1.40434562500E-03
   3   3   1  -6.44106500000E-03
   4   3   1  -1.40434562500E-03
   1   4   1  -1.29199468750E-02
   2   4   1   8.84257375000E-03
   3   4   1  -1.40434562500E-03
   4   4   1   1.86433125000E-04
   1   1   2   8.84257375000E-03
   2   1   2  -1.40434562500E-03
   3   1   2   1.86433125000E-04
   4   1   2  -1.29199468750E-02
   1   2   2  -1.40434562500E-03
   2   2   2   1.11999300000E-02
   3   2   2  -1.40434562500E-03
   4   2   2   9.48253125000E-04
   1   3   2   1.86433125000E-04
   2   3   2  -1.40434562500E-03
   3   3   2  -3.88001750000E-03
   4   3   2   3.66182687500E-03
   1   4   2  -1.29199468750E-02
   2   4   2   9.48253125000E-04
   3   4   2   3.66182687500E-03
   4   4   2  -7.72398375000E-03
   1   1   3  -6.44106500000E-03
   2   1   3  -1.40434562500E-03
   3   1   3   1.41099312500E-03
   4   1   3  -1.40434562500E-03
   1   2   3  -1.40434562500E-03
   2   2   3   1.86433125000E-04
   3   2   3   3.66182687500E-03
   4   2   3  -3.88001750000E-03
   1   3   3   1.41099312500E-03
   2   3   3   3.66182687500E-03
   3   3   3   8.84215000000E-04
   4   3   3   3.66182687500E-03
   1   4   3  -1.40434562500E-03
   2   4   3  -3.88001750000E-03
   3   4   3   3.66182687500E-03
   4   4   3   1.86433125000E-04
   1   1   4   8.84257375000E-03
   2   1   4  -1.29199468750E-02
   3   1   4   1.86433125000E-04
   4   1   4  -1.40434562500E-03
   1   2   4  -1.29199468750E-02
   2   2   4  -7.72398375000E-03
   3   2   4   3.66182687500E-03
   4   2   4   9.48253125000E-04
   1   3   4   1.86433125000E-04
   2   3   4   3.66182687500E-03
   3   3   4  -3.88001750000E-03
   4   3   4  -1.40434562500E-03
   1   4   4  -1.40434562500E-03
   2   4   4   9.48253125000E-04
   3   4   4  -1.40434562500E-03
   4   4   4   1.11999300000E-02
