  3.500000000000000E-002  0.610420282661058        2.45523444826181     
   4   4   4
   1   1   1   1
   1   1   1   7.11327031250E-02
   2   1   1  -1.18322531250E-02
   3   1   1   4.21683750000E-04
   4   1   1  -1.18322531250E-02
   1   2   1   8.11557375000E-03
   2   2   1  -7.97105000000E-04
   3   2   1  -9.25916250000E-04
   4   2   1  -1.18322531250E-02
   1   3   1  -3.74630562500E-03
   2   3   1  -7.97105000000E-04
   3   3   1   4.21683750000E-04
   4   3   1  -7.97105000000E-04
   1   4   1   8.11557375000E-03
   2   4   1  -1.18322531250E-02
   3   4   1  -9.25916250000E-04
   4   4   1  -7.97105000000E-04
   1   1   2  -1.18322531250E-02
   2   1   2  -9.25916250000E-04
   3   1   2  -7.97105000000E-04
   4   1   2   8.11557375000E-03
   1   2   2  -7.97105000000E-04
   2   2   2   6.07256000000E-03
   3   2   2  -7.97105000000E-04
   4   2   2   6.18148125000E-04
   1   3   2  -7.97105000000E-04
   2   3   2  -9.25916250000E-04
   3   3   2   2.86543312500E-03
   4   3   2  -1.93450250000E-03
   1   4   2  -1.18322531250E-02
   2   4   2  -5.99829250000E-03
   3   4   2   2.86543312500E-03
   4   4   2   6.18148125000E-04
   1   1   3   4.21683750000E-04
   2   1   3  -7.97105000000E-04
   3   1   3  -3.74630562500E-03
   4   1   3  -7.97105000000E-04
   1   2   3  -9.25916250000E-04
   2   2   3  -7.97105000000E-04
   3   2   3  -1.93450250000E-03
   4   2   3   2.86543312500E-03
   1   3   3   4.21683750000E-04
   2   3   3   2.86543312500E-03
   3   3   3   4.78540625000E-04
   4   3   3   2.86543312500E-03
   1   4   3  -9.25916250000E-04
   2   4   3   2.86543312500E-03
   3   4   3  -1.93450250000E-03
   4   4   3  -7.97105000000E-04
   1   1   4  -1.18322531250E-02
   2   1   4   8.11557375000E-03
   3   1   4  -7.97105000000E-04
   4   1   4  -9.25916250000E-04
   1   2   4  -1.18322531250E-02
   2   2   4   6.18148125000E-04
   3   2   4   2.86543312500E-03
   4   2   4  -5.99829250000E-03
   1   3   4  -7.97105000000E-04
   2   3   4  -1.93450250000E-03
   3   3   4   2.86543312500E-03
   4   3   4  -9.25916250000E-04
   1   4   4  -7.97105000000E-04
   2   4   4   6.18148125000E-04
   3   4   4  -7.97105000000E-04
   4   4   4   6.07256000000E-03
   1   2   1   1
   1   1   1   4.33680868994E-19
   2   1   1   0.00000000000E+00
   3   1   1   0.00000000000E+00
   4   1   1   0.00000000000E+00
   1   2   1   0.00000000000E+00
   2   2   1   3.16215750000E-03
   3   2   1  -2.58946875000E-04
   4   2   1  -1.65555706250E-02
   1   3   1   8.67361737988E-19
   2   3   1  -2.58946875000E-04
   3   3   1   3.68602625000E-03
   4   3   1  -2.58946875000E-04
   1   4   1   0.00000000000E+00
   2   4   1  -1.65555706250E-02
   3   4   1  -2.58946875000E-04
   4   4   1   3.16215750000E-03
   1   1   2   1.65555706250E-02
   2   1   2   2.58946875000E-04
   3   1   2  -3.16215750000E-03
   4   1   2   0.00000000000E+00
   1   2   2   2.58946875000E-04
   2   2   2   0.00000000000E+00
   3   2   2  -2.58946875000E-04
   4   2   2   0.00000000000E+00
   1   3   2  -3.16215750000E-03
   2   3   2  -2.58946875000E-04
   3   3   2   7.85486875000E-04
   4   3   2   0.00000000000E+00
   1   4   2   0.00000000000E+00
   2   4   2   0.00000000000E+00
   3   4   2   0.00000000000E+00
   4   4   2   0.00000000000E+00
   1   1   3  -3.68602625000E-03
   2   1   3   2.58946875000E-04
   3   1   3   0.00000000000E+00
   4   1   3   2.58946875000E-04
   1   2   3   2.58946875000E-04
   2   2   3   3.16215750000E-03
   3   2   3   0.00000000000E+00
   4   2   3  -7.85486875000E-04
   1   3   3   8.67361737988E-19
   2   3   3   0.00000000000E+00
   3   3   3   0.00000000000E+00
   4   3   3   0.00000000000E+00
   1   4   3   2.58946875000E-04
   2   4   3  -7.85486875000E-04
   3   4   3   0.00000000000E+00
   4   4   3   3.16215750000E-03
   1   1   4   1.65555706250E-02
   2   1   4   0.00000000000E+00
   3   1   4  -3.16215750000E-03
   4   1   4   2.58946875000E-04
   1   2   4   0.00000000000E+00
   2   2   4   0.00000000000E+00
   3   2   4   0.00000000000E+00
   4   2   4   0.00000000000E+00
   1   3   4  -3.16215750000E-03
   2   3   4   0.00000000000E+00
   3   3   4   7.85486875000E-04
   4   3   4  -2.58946875000E-04
   1   4   4   2.58946875000E-04
   2   4   4   0.00000000000E+00
   3   4   4  -2.58946875000E-04
   4   4   4   0.00000000000E+00
   1   3   1   1
   1   1   1   4.33680868994E-19
   2   1   1   1.65555706250E-02
   3   1   1  -3.68602625000E-03
   4   1   1   1.65555706250E-02
   1   2   1   4.33680868994E-19
   2   2   1   2.58946875000E-04
   3   2   1   2.58946875000E-04
   4   2   1   0.00000000000E+00
   1   3   1  -1.08420217249E-18
   2   3   1  -3.16215750000E-03
   3   3   1   0.00000000000E+00
   4   3   1  -3.16215750000E-03
   1   4   1   4.33680868994E-19
   2   4   1   0.00000000000E+00
   3   4   1   2.58946875000E-04
   4   4   1   2.58946875000E-04
   1   1   2   0.00000000000E+00
   2   1   2   2.58946875000E-04
   3   1   2   2.58946875000E-04
   4   1   2   0.00000000000E+00
   1   2   2   3.16215750000E-03
   2   2   2   0.00000000000E+00
   3   2   2   3.16215750000E-03
   4   2   2   0.00000000000E+00
   1   3   2  -2.58946875000E-04
   2   3   2  -2.58946875000E-04
   3   3   2   0.00000000000E+00
   4   3   2   0.00000000000E+00
   1   4   2  -1.65555706250E-02
   2   4   2   0.00000000000E+00
   3   4   2  -7.85486875000E-04
   4   4   2   0.00000000000E+00
   1   1   3  -8.67361737988E-19
   2   1   3  -3.16215750000E-03
   3   1   3   0.00000000000E+00
   4   1   3  -3.16215750000E-03
   1   2   3  -2.58946875000E-04
   2   2   3  -2.58946875000E-04
   3   2   3   0.00000000000E+00
   4   2   3   0.00000000000E+00
   1   3   3   3.68602625000E-03
   2   3   3   7.85486875000E-04
   3   3   3   0.00000000000E+00
   4   3   3   7.85486875000E-04
   1   4   3  -2.58946875000E-04
   2   4   3   0.00000000000E+00
   3   4   3   0.00000000000E+00
   4   4   3  -2.58946875000E-04
   1   1   4   0.00000000000E+00
   2   1   4   0.00000000000E+00
   3   1   4   2.58946875000E-04
   4   1   4   2.58946875000E-04
   1   2   4  -1.65555706250E-02
   2   2   4   0.00000000000E+00
   3   2   4  -7.85486875000E-04
   4   2   4   0.00000000000E+00
   1   3   4  -2.58946875000E-04
   2   3   4   0.00000000000E+00
   3   3   4   0.00000000000E+00
   4   3   4  -2.58946875000E-04
   1   4   4   3.16215750000E-03
   2   4   4   0.00000000000E+00
   3   4   4   3.16215750000E-03
   4   4   4   0.00000000000E+00
   2   1   1   1
   1   1   1   4.33680868994E-19
   2   1   1   0.00000000000E+00
   3   1   1   0.00000000000E+00
   4   1   1   0.00000000000E+00
   1   2   1   0.00000000000E+00
   2   2   1   3.16215750000E-03
   3   2   1  -2.58946875000E-04
   4   2   1  -1.65555706250E-02
   1   3   1   8.67361737988E-19
   2   3   1  -2.58946875000E-04
   3   3   1   3.68602625000E-03
   4   3   1  -2.58946875000E-04
   1   4   1   0.00000000000E+00
   2   4   1  -1.65555706250E-02
   3   4   1  -2.58946875000E-04
   4   4   1   3.16215750000E-03
   1   1   2   1.65555706250E-02
   2   1   2   2.58946875000E-04
   3   1   2  -3.16215750000E-03
   4   1   2   0.00000000000E+00
   1   2   2   2.58946875000E-04
   2   2   2   0.00000000000E+00
   3   2   2  -2.58946875000E-04
   4   2   2   0.00000000000E+00
   1   3   2  -3.16215750000E-03
   2   3   2  -2.58946875000E-04
   3   3   2   7.85486875000E-04
   4   3   2   0.00000000000E+00
   1   4   2   0.00000000000E+00
   2   4   2   0.00000000000E+00
   3   4   2   0.00000000000E+00
   4   4   2   0.00000000000E+00
   1   1   3  -3.68602625000E-03
   2   1   3   2.58946875000E-04
   3   1   3   0.00000000000E+00
   4   1   3   2.58946875000E-04
   1   2   3   2.58946875000E-04
   2   2   3   3.16215750000E-03
   3   2   3   0.00000000000E+00
   4   2   3  -7.85486875000E-04
   1   3   3   8.67361737988E-19
   2   3   3   0.00000000000E+00
   3   3   3   0.00000000000E+00
   4   3   3   0.00000000000E+00
   1   4   3   2.58946875000E-04
   2   4   3  -7.85486875000E-04
   3   4   3   0.00000000000E+00
   4   4   3   3.16215750000E-03
   1   1   4   1.65555706250E-02
   2   1   4   0.00000000000E+00
   3   1   4  -3.16215750000E-03
   4   1   4   2.58946875000E-04
   1   2   4   0.00000000000E+00
   2   2   4   0.00000000000E+00
   3   2   4   0.00000000000E+00
   4   2   4   0.00000000000E+00
   1   3   4  -3.16215750000E-03
   2   3   4   0.00000000000E+00
   3   3   4   7.85486875000E-04
   4   3   4  -2.58946875000E-04
   1   4   4   2.58946875000E-04
   2   4   4   0.00000000000E+00
   3   4   4  -2.58946875000E-04
   4   4   4   0.00000000000E+00
   2   2   1   1
   1   1   1   7.11327031250E-02
   2   1   1   8.11557375000E-03
   3   1   1  -3.74630562500E-03
   4   1   1   8.11557375000E-03
   1   2   1  -1.18322531250E-02
   2   2   1  -7.97105000000E-04
   3   2   1  -7.97105000000E-04
   4   2   1  -1.18322531250E-02
   1   3   1   4.21683750000E-04
   2   3   1  -9.25916250000E-04
   3   3   1   4.21683750000E-04
   4   3   1  -9.25916250000E-04
   1   4   1  -1.18322531250E-02
   2   4   1  -1.18322531250E-02
   3   4   1  -7.97105000000E-04
   4   4   1  -7.97105000000E-04
   1   1   2  -1.18322531250E-02
   2   1   2  -7.97105000000E-04
   3   1   2  -7.97105000000E-04
   4   1   2  -1.18322531250E-02
   1   2   2  -9.25916250000E-04
   2   2   2   6.07256000000E-03
   3   2   2  -9.25916250000E-04
   4   2   2  -5.99829250000E-03
   1   3   2  -7.97105000000E-04
   2   3   2  -7.97105000000E-04
   3   3   2   2.86543312500E-03
   4   3   2   2.86543312500E-03
   1   4   2   8.11557375000E-03
   2   4   2   6.18148125000E-04
   3   4   2  -1.93450250000E-03
   4   4   2   6.18148125000E-04
   1   1   3   4.21683750000E-04
   2   1   3  -9.25916250000E-04
   3   1   3   4.21683750000E-04
   4   1   3  -9.25916250000E-04
   1   2   3  -7.97105000000E-04
   2   2   3  -7.97105000000E-04
   3   2   3   2.86543312500E-03
   4   2   3   2.86543312500E-03
   1   3   3  -3.74630562500E-03
   2   3   3  -1.93450250000E-03
   3   3   3   4.78540625000E-04
   4   3   3  -1.93450250000E-03
   1   4   3  -7.97105000000E-04
   2   4   3   2.86543312500E-03
   3   4   3   2.86543312500E-03
   4   4   3  -7.97105000000E-04
   1   1   4  -1.18322531250E-02
   2   1   4  -1.18322531250E-02
   3   1   4  -7.97105000000E-04
   4   1   4  -7.97105000000E-04
   1   2   4   8.11557375000E-03
   2   2   4   6.18148125000E-04
   3   2   4  -1.93450250000E-03
   4   2   4   6.18148125000E-04
   1   3   4  -7.97105000000E-04
   2   3   4   2.86543312500E-03
   3   3   4   2.86543312500E-03
   4   3   4  -7.97105000000E-04
   1   4   4  -9.25916250000E-04
   2   4   4  -5.99829250000E-03
   3   4   4  -9.25916250000E-04
   4   4   4   6.07256000000E-03
   2   3   1   1
   1   1   1   4.33680868994E-19
   2   1   1   0.00000000000E+00
   3   1   1   0.00000000000E+00
   4   1   1   0.00000000000E+00
   1   2   1  -1.65555706250E-02
   2   2   1  -2.58946875000E-04
   3   2   1   3.16215750000E-03
   4   2   1   0.00000000000E+00
   1   3   1   3.68602625000E-03
   2   3   1  -2.58946875000E-04
   3   3   1   0.00000000000E+00
   4   3   1  -2.58946875000E-04
   1   4   1  -1.65555706250E-02
   2   4   1   0.00000000000E+00
   3   4   1   3.16215750000E-03
   4   4   1  -2.58946875000E-04
   1   1   2   0.00000000000E+00
   2   1   2  -3.16215750000E-03
   3   1   2   2.58946875000E-04
   4   1   2   1.65555706250E-02
   1   2   2  -2.58946875000E-04
   2   2   2   0.00000000000E+00
   3   2   2   2.58946875000E-04
   4   2   2   0.00000000000E+00
   1   3   2  -2.58946875000E-04
   2   3   2  -3.16215750000E-03
   3   3   2   0.00000000000E+00
   4   3   2   7.85486875000E-04
   1   4   2   4.33680868994E-19
   2   4   2   0.00000000000E+00
   3   4   2   0.00000000000E+00
   4   4   2   0.00000000000E+00
   1   1   3  -8.67361737988E-19
   2   1   3   2.58946875000E-04
   3   1   3  -3.68602625000E-03
   4   1   3   2.58946875000E-04
   1   2   3   3.16215750000E-03
   2   2   3   2.58946875000E-04
   3   2   3  -7.85486875000E-04
   4   2   3   0.00000000000E+00
   1   3   3  -1.08420217249E-18
   2   3   3   0.00000000000E+00
   3   3   3   0.00000000000E+00
   4   3   3   0.00000000000E+00
   1   4   3   3.16215750000E-03
   2   4   3   0.00000000000E+00
   3   4   3  -7.85486875000E-04
   4   4   3   2.58946875000E-04
   1   1   4   0.00000000000E+00
   2   1   4   1.65555706250E-02
   3   1   4   2.58946875000E-04
   4   1   4  -3.16215750000E-03
   1   2   4   4.33680868994E-19
   2   2   4   0.00000000000E+00
   3   2   4   0.00000000000E+00
   4   2   4   0.00000000000E+00
   1   3   4  -2.58946875000E-04
   2   3   4   7.85486875000E-04
   3   3   4   0.00000000000E+00
   4   3   4  -3.16215750000E-03
   1   4   4  -2.58946875000E-04
   2   4   4   0.00000000000E+00
   3   4   4   2.58946875000E-04
   4   4   4   0.00000000000E+00
   3   1   1   1
   1   1   1   4.33680868994E-19
   2   1   1   1.65555706250E-02
   3   1   1  -3.68602625000E-03
   4   1   1   1.65555706250E-02
   1   2   1   4.33680868994E-19
   2   2   1   2.58946875000E-04
   3   2   1   2.58946875000E-04
   4   2   1   0.00000000000E+00
   1   3   1  -1.08420217249E-18
   2   3   1  -3.16215750000E-03
   3   3   1   0.00000000000E+00
   4   3   1  -3.16215750000E-03
   1   4   1   4.33680868994E-19
   2   4   1   0.00000000000E+00
   3   4   1   2.58946875000E-04
   4   4   1   2.58946875000E-04
   1   1   2   0.00000000000E+00
   2   1   2   2.58946875000E-04
   3   1   2   2.58946875000E-04
   4   1   2   0.00000000000E+00
   1   2   2   3.16215750000E-03
   2   2   2   0.00000000000E+00
   3   2   2   3.16215750000E-03
   4   2   2   0.00000000000E+00
   1   3   2  -2.58946875000E-04
   2   3   2  -2.58946875000E-04
   3   3   2   0.00000000000E+00
   4   3   2   0.00000000000E+00
   1   4   2  -1.65555706250E-02
   2   4   2   0.00000000000E+00
   3   4   2  -7.85486875000E-04
   4   4   2   0.00000000000E+00
   1   1   3  -8.67361737988E-19
   2   1   3  -3.16215750000E-03
   3   1   3   0.00000000000E+00
   4   1   3  -3.16215750000E-03
   1   2   3  -2.58946875000E-04
   2   2   3  -2.58946875000E-04
   3   2   3   0.00000000000E+00
   4   2   3   0.00000000000E+00
   1   3   3   3.68602625000E-03
   2   3   3   7.85486875000E-04
   3   3   3   0.00000000000E+00
   4   3   3   7.85486875000E-04
   1   4   3  -2.58946875000E-04
   2   4   3   0.00000000000E+00
   3   4   3   0.00000000000E+00
   4   4   3  -2.58946875000E-04
   1   1   4   0.00000000000E+00
   2   1   4   0.00000000000E+00
   3   1   4   2.58946875000E-04
   4   1   4   2.58946875000E-04
   1   2   4  -1.65555706250E-02
   2   2   4   0.00000000000E+00
   3   2   4  -7.85486875000E-04
   4   2   4   0.00000000000E+00
   1   3   4  -2.58946875000E-04
   2   3   4   0.00000000000E+00
   3   3   4   0.00000000000E+00
   4   3   4  -2.58946875000E-04
   1   4   4   3.16215750000E-03
   2   4   4   0.00000000000E+00
   3   4   4   3.16215750000E-03
   4   4   4   0.00000000000E+00
   3   2   1   1
   1   1   1   4.33680868994E-19
   2   1   1   0.00000000000E+00
   3   1   1   0.00000000000E+00
   4   1   1   0.00000000000E+00
   1   2   1  -1.65555706250E-02
   2   2   1  -2.58946875000E-04
   3   2   1   3.16215750000E-03
   4   2   1   0.00000000000E+00
   1   3   1   3.68602625000E-03
   2   3   1  -2.58946875000E-04
   3   3   1   0.00000000000E+00
   4   3   1  -2.58946875000E-04
   1   4   1  -1.65555706250E-02
   2   4   1   0.00000000000E+00
   3   4   1   3.16215750000E-03
   4   4   1  -2.58946875000E-04
   1   1   2   0.00000000000E+00
   2   1   2  -3.16215750000E-03
   3   1   2   2.58946875000E-04
   4   1   2   1.65555706250E-02
   1   2   2  -2.58946875000E-04
   2   2   2   0.00000000000E+00
   3   2   2   2.58946875000E-04
   4   2   2   0.00000000000E+00
   1   3   2  -2.58946875000E-04
   2   3   2  -3.16215750000E-03
   3   3   2   0.00000000000E+00
   4   3   2   7.85486875000E-04
   1   4   2   4.33680868994E-19
   2   4   2   0.00000000000E+00
   3   4   2   0.00000000000E+00
   4   4   2   0.00000000000E+00
   1   1   3  -8.67361737988E-19
   2   1   3   2.58946875000E-04
   3   1   3  -3.68602625000E-03
   4   1   3   2.58946875000E-04
   1   2   3   3.16215750000E-03
   2   2   3   2.58946875000E-04
   3   2   3  -7.85486875000E-04
   4   2   3   0.00000000000E+00
   1   3   3  -1.08420217249E-18
   2   3   3   0.00000000000E+00
   3   3   3   0.00000000000E+00
   4   3   3   0.00000000000E+00
   1   4   3   3.16215750000E-03
   2   4   3   0.00000000000E+00
   3   4   3  -7.85486875000E-04
   4   4   3   2.58946875000E-04
   1   1   4   0.00000000000E+00
   2   1   4   1.65555706250E-02
   3   1   4   2.58946875000E-04
   4   1   4  -3.16215750000E-03
   1   2   4   4.33680868994E-19
   2   2   4   0.00000000000E+00
   3   2   4   0.00000000000E+00
   4   2   4   0.00000000000E+00
   1   3   4  -2.58946875000E-04
   2   3   4   7.85486875000E-04
   3   3   4   0.00000000000E+00
   4   3   4  -3.16215750000E-03
   1   4   4  -2.58946875000E-04
   2   4   4   0.00000000000E+00
   3   4   4   2.58946875000E-04
   4   4   4   0.00000000000E+00
   3   3   1   1
   1   1   1   7.11327031250E-02
   2   1   1  -1.18322531250E-02
   3   1   1   4.21683750000E-04
   4   1   1  -1.18322531250E-02
   1   2   1  -1.18322531250E-02
   2   2   1  -9.25916250000E-04
   3   2   1  -7.97105000000E-04
   4   2   1   8.11557375000E-03
   1   3   1   4.21683750000E-04
   2   3   1  -7.97105000000E-04
   3   3   1  -3.74630562500E-03
   4   3   1  -7.97105000000E-04
   1   4   1  -1.18322531250E-02
   2   4   1   8.11557375000E-03
   3   4   1  -7.97105000000E-04
   4   4   1  -9.25916250000E-04
   1   1   2   8.11557375000E-03
   2   1   2  -7.97105000000E-04
   3   1   2  -9.25916250000E-04
   4   1   2  -1.18322531250E-02
   1   2   2  -7.97105000000E-04
   2   2   2   6.07256000000E-03
   3   2   2  -7.97105000000E-04
   4   2   2   6.18148125000E-04
   1   3   2  -9.25916250000E-04
   2   3   2  -7.97105000000E-04
   3   3   2  -1.93450250000E-03
   4   3   2   2.86543312500E-03
   1   4   2  -1.18322531250E-02
   2   4   2   6.18148125000E-04
   3   4   2   2.86543312500E-03
   4   4   2  -5.99829250000E-03
   1   1   3  -3.74630562500E-03
   2   1   3  -7.97105000000E-04
   3   1   3   4.21683750000E-04
   4   1   3  -7.97105000000E-04
   1   2   3  -7.97105000000E-04
   2   2   3  -9.25916250000E-04
   3   2   3   2.86543312500E-03
   4   2   3  -1.93450250000E-03
   1   3   3   4.21683750000E-04
   2   3   3   2.86543312500E-03
   3   3   3   4.78540625000E-04
   4   3   3   2.86543312500E-03
   1   4   3  -7.97105000000E-04
   2   4   3  -1.93450250000E-03
   3   4   3   2.86543312500E-03
   4   4   3  -9.25916250000E-04
   1   1   4   8.11557375000E-03
   2   1   4  -1.18322531250E-02
   3   1   4  -9.25916250000E-04
   4   1   4  -7.97105000000E-04
   1   2   4  -1.18322531250E-02
   2   2   4  -5.99829250000E-03
   3   2   4   2.86543312500E-03
   4   2   4   6.18148125000E-04
   1   3   4  -9.25916250000E-04
   2   3   4   2.86543312500E-03
   3   3   4  -1.93450250000E-03
   4   3   4  -7.97105000000E-04
   1   4   4  -7.97105000000E-04
   2   4   4   6.18148125000E-04
   3   4   4  -7.97105000000E-04
   4   4   4   6.07256000000E-03
