  3.000000000000000E-002  0.610863812641773        2.39604124232376     
   4   4   4
   1   1   1   1
   1   1   1   7.04302834375E-02
   2   1   1  -1.22526528125E-02
   3   1   1   9.78735312500E-04
   4   1   1  -1.22526528125E-02
   1   2   1   8.33482093750E-03
   2   2   1  -1.10005343750E-03
   3   2   1  -4.05176562500E-04
   4   2   1  -1.22526528125E-02
   1   3   1  -4.57869281250E-03
   2   3   1  -1.10005343750E-03
   3   3   1   9.78735312500E-04
   4   3   1  -1.10005343750E-03
   1   4   1   8.33482093750E-03
   2   4   1  -1.22526528125E-02
   3   4   1  -4.05176562500E-04
   4   4   1  -1.10005343750E-03
   1   1   2  -1.22526528125E-02
   2   1   2  -4.05176562500E-04
   3   1   2  -1.10005343750E-03
   4   1   2   8.33482093750E-03
   1   2   2  -1.10005343750E-03
   2   2   2   8.11030218750E-03
   3   2   2  -1.10005343750E-03
   4   2   2   7.09620312500E-04
   1   3   2  -1.10005343750E-03
   2   3   2  -4.05176562500E-04
   3   3   2   3.24760468750E-03
   4   3   2  -2.77341906250E-03
   1   4   2  -1.22526528125E-02
   2   4   2  -6.61192156250E-03
   3   4   2   3.24760468750E-03
   4   4   2   7.09620312500E-04
   1   1   3   9.78735312500E-04
   2   1   3  -1.10005343750E-03
   3   1   3  -4.57869281250E-03
   4   1   3  -1.10005343750E-03
   1   2   3  -4.05176562500E-04
   2   2   3  -1.10005343750E-03
   3   2   3  -2.77341906250E-03
   4   2   3   3.24760468750E-03
   1   3   3   9.78735312500E-04
   2   3   3   3.24760468750E-03
   3   3   3   4.38133437500E-04
   4   3   3   3.24760468750E-03
   1   4   3  -4.05176562500E-04
   2   4   3   3.24760468750E-03
   3   4   3  -2.77341906250E-03
   4   4   3  -1.10005343750E-03
   1   1   4  -1.22526528125E-02
   2   1   4   8.33482093750E-03
   3   1   4  -1.10005343750E-03
   4   1   4  -4.05176562500E-04
   1   2   4  -1.22526528125E-02
   2   2   4   7.09620312500E-04
   3   2   4   3.24760468750E-03
   4   2   4  -6.61192156250E-03
   1   3   4  -1.10005343750E-03
   2   3   4  -2.77341906250E-03
   3   3   4   3.24760468750E-03
   4   3   4  -4.05176562500E-04
   1   4   4  -1.10005343750E-03
   2   4   4   7.09620312500E-04
   3   4   4  -1.10005343750E-03
   4   4   4   8.11030218750E-03
   1   2   1   1
   1   1   1  -1.08420217249E-18
   2   1   1   1.08420217249E-19
   3   1   1  -2.16840434497E-19
   4   1   1   1.08420217249E-19
   1   2   1  -1.08420217249E-19
   2   2   1   3.69997000000E-03
   3   2   1  -3.08976250000E-04
   4   2   1  -1.64832800000E-02
   1   3   1  -4.33680868994E-19
   2   3   1  -3.08976250000E-04
   3   3   1   3.77382500000E-03
   4   3   1  -3.08976250000E-04
   1   4   1  -1.08420217249E-19
   2   4   1  -1.64832800000E-02
   3   4   1  -3.08976250000E-04
   4   4   1   3.69997000000E-03
   1   1   2   1.64832800000E-02
   2   1   2   3.08976250000E-04
   3   1   2  -3.69997000000E-03
   4   1   2   1.08420217249E-19
   1   2   2   3.08976250000E-04
   2   2   2   0.00000000000E+00
   3   2   2  -3.08976250000E-04
   4   2   2   0.00000000000E+00
   1   3   2  -3.69997000000E-03
   2   3   2  -3.08976250000E-04
   3   3   2   1.32721000000E-03
   4   3   2  -1.08420217249E-19
   1   4   2  -1.08420217249E-19
   2   4   2   0.00000000000E+00
   3   4   2   0.00000000000E+00
   4   4   2   0.00000000000E+00
   1   1   3  -3.77382500000E-03
   2   1   3   3.08976250000E-04
   3   1   3  -2.16840434497E-19
   4   1   3   3.08976250000E-04
   1   2   3   3.08976250000E-04
   2   2   3   3.69997000000E-03
   3   2   3   0.00000000000E+00
   4   2   3  -1.32721000000E-03
   1   3   3  -4.33680868994E-19
   2   3   3  -1.08420217249E-19
   3   3   3   0.00000000000E+00
   4   3   3  -1.08420217249E-19
   1   4   3   3.08976250000E-04
   2   4   3  -1.32721000000E-03
   3   4   3   0.00000000000E+00
   4   4   3   3.69997000000E-03
   1   1   4   1.64832800000E-02
   2   1   4   1.08420217249E-19
   3   1   4  -3.69997000000E-03
   4   1   4   3.08976250000E-04
   1   2   4  -1.08420217249E-19
   2   2   4   0.00000000000E+00
   3   2   4   0.00000000000E+00
   4   2   4   0.00000000000E+00
   1   3   4  -3.69997000000E-03
   2   3   4  -1.08420217249E-19
   3   3   4   1.32721000000E-03
   4   3   4  -3.08976250000E-04
   1   4   4   3.08976250000E-04
   2   4   4   0.00000000000E+00
   3   4   4  -3.08976250000E-04
   4   4   4   0.00000000000E+00
   1   3   1   1
   1   1   1  -2.16840434497E-19
   2   1   1   1.64832800000E-02
   3   1   1  -3.77382500000E-03
   4   1   1   1.64832800000E-02
   1   2   1   1.08420217249E-19
   2   2   1   3.08976250000E-04
   3   2   1   3.08976250000E-04
   4   2   1  -1.08420217249E-19
   1   3   1   4.33680868994E-19
   2   3   1  -3.69997000000E-03
   3   3   1   1.08420217249E-19
   4   3   1  -3.69997000000E-03
   1   4   1   1.08420217249E-19
   2   4   1  -1.08420217249E-19
   3   4   1   3.08976250000E-04
   4   4   1   3.08976250000E-04
   1   1   2   1.08420217249E-19
   2   1   2   3.08976250000E-04
   3   1   2   3.08976250000E-04
   4   1   2  -5.42101086243E-19
   1   2   2   3.69997000000E-03
   2   2   2   0.00000000000E+00
   3   2   2   3.69997000000E-03
   4   2   2   0.00000000000E+00
   1   3   2  -3.08976250000E-04
   2   3   2  -3.08976250000E-04
   3   3   2   0.00000000000E+00
   4   3   2   1.08420217249E-19
   1   4   2  -1.64832800000E-02
   2   4   2   0.00000000000E+00
   3   4   2  -1.32721000000E-03
   4   4   2   0.00000000000E+00
   1   1   3   4.33680868994E-19
   2   1   3  -3.69997000000E-03
   3   1   3   2.16840434497E-19
   4   1   3  -3.69997000000E-03
   1   2   3  -3.08976250000E-04
   2   2   3  -3.08976250000E-04
   3   2   3   0.00000000000E+00
   4   2   3   1.08420217249E-19
   1   3   3   3.77382500000E-03
   2   3   3   1.32721000000E-03
   3   3   3  -1.08420217249E-19
   4   3   3   1.32721000000E-03
   1   4   3  -3.08976250000E-04
   2   4   3   1.08420217249E-19
   3   4   3   0.00000000000E+00
   4   4   3  -3.08976250000E-04
   1   1   4   1.08420217249E-19
   2   1   4  -5.42101086243E-19
   3   1   4   3.08976250000E-04
   4   1   4   3.08976250000E-04
   1   2   4  -1.64832800000E-02
   2   2   4   0.00000000000E+00
   3   2   4  -1.32721000000E-03
   4   2   4   0.00000000000E+00
   1   3   4  -3.08976250000E-04
   2   3   4   1.08420217249E-19
   3   3   4   0.00000000000E+00
   4   3   4  -3.08976250000E-04
   1   4   4   3.69997000000E-03
   2   4   4   0.00000000000E+00
   3   4   4   3.69997000000E-03
   4   4   4   0.00000000000E+00
   2   1   1   1
   1   1   1  -1.08420217249E-18
   2   1   1   1.08420217249E-19
   3   1   1  -2.16840434497E-19
   4   1   1   1.08420217249E-19
   1   2   1  -1.08420217249E-19
   2   2   1   3.69997000000E-03
   3   2   1  -3.08976250000E-04
   4   2   1  -1.64832800000E-02
   1   3   1  -4.33680868994E-19
   2   3   1  -3.08976250000E-04
   3   3   1   3.77382500000E-03
   4   3   1  -3.08976250000E-04
   1   4   1  -1.08420217249E-19
   2   4   1  -1.64832800000E-02
   3   4   1  -3.08976250000E-04
   4   4   1   3.69997000000E-03
   1   1   2   1.64832800000E-02
   2   1   2   3.08976250000E-04
   3   1   2  -3.69997000000E-03
   4   1   2   1.08420217249E-19
   1   2   2   3.08976250000E-04
   2   2   2   0.00000000000E+00
   3   2   2  -3.08976250000E-04
   4   2   2   0.00000000000E+00
   1   3   2  -3.69997000000E-03
   2   3   2  -3.08976250000E-04
   3   3   2   1.32721000000E-03
   4   3   2  -1.08420217249E-19
   1   4   2  -1.08420217249E-19
   2   4   2   0.00000000000E+00
   3   4   2   0.00000000000E+00
   4   4   2   0.00000000000E+00
   1   1   3  -3.77382500000E-03
   2   1   3   3.08976250000E-04
   3   1   3  -2.16840434497E-19
   4   1   3   3.08976250000E-04
   1   2   3   3.08976250000E-04
   2   2   3   3.69997000000E-03
   3   2   3   0.00000000000E+00
   4   2   3  -1.32721000000E-03
   1   3   3  -4.33680868994E-19
   2   3   3  -1.08420217249E-19
   3   3   3   0.00000000000E+00
   4   3   3  -1.08420217249E-19
   1   4   3   3.08976250000E-04
   2   4   3  -1.32721000000E-03
   3   4   3   0.00000000000E+00
   4   4   3   3.69997000000E-03
   1   1   4   1.64832800000E-02
   2   1   4   1.08420217249E-19
   3   1   4  -3.69997000000E-03
   4   1   4   3.08976250000E-04
   1   2   4  -1.08420217249E-19
   2   2   4   0.00000000000E+00
   3   2   4   0.00000000000E+00
   4   2   4   0.00000000000E+00
   1   3   4  -3.69997000000E-03
   2   3   4  -1.08420217249E-19
   3   3   4   1.32721000000E-03
   4   3   4  -3.08976250000E-04
   1   4   4   3.08976250000E-04
   2   4   4   0.00000000000E+00
   3   4   4  -3.08976250000E-04
   4   4   4   0.00000000000E+00
   2   2   1   1
   1   1   1   7.04302834375E-02
   2   1   1   8.33482093750E-03
   3   1   1  -4.57869281250E-03
   4   1   1   8.33482093750E-03
   1   2   1  -1.22526528125E-02
   2   2   1  -1.10005343750E-03
   3   2   1  -1.10005343750E-03
   4   2   1  -1.22526528125E-02
   1   3   1   9.78735312500E-04
   2   3   1  -4.05176562500E-04
   3   3   1   9.78735312500E-04
   4   3   1  -4.05176562500E-04
   1   4   1  -1.22526528125E-02
   2   4   1  -1.22526528125E-02
   3   4   1  -1.10005343750E-03
   4   4   1  -1.10005343750E-03
   1   1   2  -1.22526528125E-02
   2   1   2  -1.10005343750E-03
   3   1   2  -1.10005343750E-03
   4   1   2  -1.22526528125E-02
   1   2   2  -4.05176562500E-04
   2   2   2   8.11030218750E-03
   3   2   2  -4.05176562500E-04
   4   2   2  -6.61192156250E-03
   1   3   2  -1.10005343750E-03
   2   3   2  -1.10005343750E-03
   3   3   2   3.24760468750E-03
   4   3   2   3.24760468750E-03
   1   4   2   8.33482093750E-03
   2   4   2   7.09620312500E-04
   3   4   2  -2.77341906250E-03
   4   4   2   7.09620312500E-04
   1   1   3   9.78735312500E-04
   2   1   3  -4.05176562500E-04
   3   1   3   9.78735312500E-04
   4   1   3  -4.05176562500E-04
   1   2   3  -1.10005343750E-03
   2   2   3  -1.10005343750E-03
   3   2   3   3.24760468750E-03
   4   2   3   3.24760468750E-03
   1   3   3  -4.57869281250E-03
   2   3   3  -2.77341906250E-03
   3   3   3   4.38133437500E-04
   4   3   3  -2.77341906250E-03
   1   4   3  -1.10005343750E-03
   2   4   3   3.24760468750E-03
   3   4   3   3.24760468750E-03
   4   4   3  -1.10005343750E-03
   1   1   4  -1.22526528125E-02
   2   1   4  -1.22526528125E-02
   3   1   4  -1.10005343750E-03
   4   1   4  -1.10005343750E-03
   1   2   4   8.33482093750E-03
   2   2   4   7.09620312500E-04
   3   2   4  -2.77341906250E-03
   4   2   4   7.09620312500E-04
   1   3   4  -1.10005343750E-03
   2   3   4   3.24760468750E-03
   3   3   4   3.24760468750E-03
   4   3   4  -1.10005343750E-03
   1   4   4  -4.05176562500E-04
   2   4   4  -6.61192156250E-03
   3   4   4  -4.05176562500E-04
   4   4   4   8.11030218750E-03
   2   3   1   1
   1   1   1  -2.16840434497E-19
   2   1   1  -5.42101086243E-19
   3   1   1   2.16840434497E-19
   4   1   1  -5.42101086243E-19
   1   2   1  -1.64832800000E-02
   2   2   1  -3.08976250000E-04
   3   2   1   3.69997000000E-03
   4   2   1  -1.08420217249E-19
   1   3   1   3.77382500000E-03
   2   3   1  -3.08976250000E-04
   3   3   1   1.08420217249E-19
   4   3   1  -3.08976250000E-04
   1   4   1  -1.64832800000E-02
   2   4   1  -1.08420217249E-19
   3   4   1   3.69997000000E-03
   4   4   1  -3.08976250000E-04
   1   1   2   1.08420217249E-19
   2   1   2  -3.69997000000E-03
   3   1   2   3.08976250000E-04
   4   1   2   1.64832800000E-02
   1   2   2  -3.08976250000E-04
   2   2   2   0.00000000000E+00
   3   2   2   3.08976250000E-04
   4   2   2   0.00000000000E+00
   1   3   2  -3.08976250000E-04
   2   3   2  -3.69997000000E-03
   3   3   2   0.00000000000E+00
   4   3   2   1.32721000000E-03
   1   4   2   1.08420217249E-19
   2   4   2   0.00000000000E+00
   3   4   2   0.00000000000E+00
   4   4   2   0.00000000000E+00
   1   1   3   4.33680868994E-19
   2   1   3   3.08976250000E-04
   3   1   3  -3.77382500000E-03
   4   1   3   3.08976250000E-04
   1   2   3   3.69997000000E-03
   2   2   3   3.08976250000E-04
   3   2   3  -1.32721000000E-03
   4   2   3   1.08420217249E-19
   1   3   3   4.33680868994E-19
   2   3   3   1.08420217249E-19
   3   3   3  -1.08420217249E-19
   4   3   3   1.08420217249E-19
   1   4   3   3.69997000000E-03
   2   4   3   1.08420217249E-19
   3   4   3  -1.32721000000E-03
   4   4   3   3.08976250000E-04
   1   1   4   1.08420217249E-19
   2   1   4   1.64832800000E-02
   3   1   4   3.08976250000E-04
   4   1   4  -3.69997000000E-03
   1   2   4   1.08420217249E-19
   2   2   4   0.00000000000E+00
   3   2   4   0.00000000000E+00
   4   2   4   0.00000000000E+00
   1   3   4  -3.08976250000E-04
   2   3   4   1.32721000000E-03
   3   3   4   0.00000000000E+00
   4   3   4  -3.69997000000E-03
   1   4   4  -3.08976250000E-04
   2   4   4   0.00000000000E+00
   3   4   4   3.08976250000E-04
   4   4   4   0.00000000000E+00
   3   1   1   1
   1   1   1  -2.16840434497E-19
   2   1   1   1.64832800000E-02
   3   1   1  -3.77382500000E-03
   4   1   1   1.64832800000E-02
   1   2   1   1.08420217249E-19
   2   2   1   3.08976250000E-04
   3   2   1   3.08976250000E-04
   4   2   1  -1.08420217249E-19
   1   3   1   4.33680868994E-19
   2   3   1  -3.69997000000E-03
   3   3   1   1.08420217249E-19
   4   3   1  -3.69997000000E-03
   1   4   1   1.08420217249E-19
   2   4   1  -1.08420217249E-19
   3   4   1   3.08976250000E-04
   4   4   1   3.08976250000E-04
   1   1   2   1.08420217249E-19
   2   1   2   3.08976250000E-04
   3   1   2   3.08976250000E-04
   4   1   2  -5.42101086243E-19
   1   2   2   3.69997000000E-03
   2   2   2   0.00000000000E+00
   3   2   2   3.69997000000E-03
   4   2   2   0.00000000000E+00
   1   3   2  -3.08976250000E-04
   2   3   2  -3.08976250000E-04
   3   3   2   0.00000000000E+00
   4   3   2   1.08420217249E-19
   1   4   2  -1.64832800000E-02
   2   4   2   0.00000000000E+00
   3   4   2  -1.32721000000E-03
   4   4   2   0.00000000000E+00
   1   1   3   4.33680868994E-19
   2   1   3  -3.69997000000E-03
   3   1   3   2.16840434497E-19
   4   1   3  -3.69997000000E-03
   1   2   3  -3.08976250000E-04
   2   2   3  -3.08976250000E-04
   3   2   3   0.00000000000E+00
   4   2   3   1.08420217249E-19
   1   3   3   3.77382500000E-03
   2   3   3   1.32721000000E-03
   3   3   3  -1.08420217249E-19
   4   3   3   1.32721000000E-03
   1   4   3  -3.08976250000E-04
   2   4   3   1.08420217249E-19
   3   4   3   0.00000000000E+00
   4   4   3  -3.08976250000E-04
   1   1   4   1.08420217249E-19
   2   1   4  -5.42101086243E-19
   3   1   4   3.08976250000E-04
   4   1   4   3.08976250000E-04
   1   2   4  -1.64832800000E-02
   2   2   4   0.00000000000E+00
   3   2   4  -1.32721000000E-03
   4   2   4   0.00000000000E+00
   1   3   4  -3.08976250000E-04
   2   3   4   1.08420217249E-19
   3   3   4   0.00000000000E+00
   4   3   4  -3.08976250000E-04
   1   4   4   3.69997000000E-03
   2   4   4   0.00000000000E+00
   3   4   4   3.69997000000E-03
   4   4   4   0.00000000000E+00
   3   2   1   1
   1   1   1  -2.16840434497E-19
   2   1   1  -5.42101086243E-19
   3   1   1   2.16840434497E-19
   4   1   1  -5.42101086243E-19
   1   2   1  -1.64832800000E-02
   2   2   1  -3.08976250000E-04
   3   2   1   3.69997000000E-03
   4   2   1  -1.08420217249E-19
   1   3   1   3.77382500000E-03
   2   3   1  -3.08976250000E-04
   3   3   1   1.08420217249E-19
   4   3   1  -3.08976250000E-04
   1   4   1  -1.64832800000E-02
   2   4   1  -1.08420217249E-19
   3   4   1   3.69997000000E-03
   4   4   1  -3.08976250000E-04
   1   1   2   1.08420217249E-19
   2   1   2  -3.69997000000E-03
   3   1   2   3.08976250000E-04
   4   1   2   1.64832800000E-02
   1   2   2  -3.08976250000E-04
   2   2   2   0.00000000000E+00
   3   2   2   3.08976250000E-04
   4   2   2   0.00000000000E+00
   1   3   2  -3.08976250000E-04
   2   3   2  -3.69997000000E-03
   3   3   2   0.00000000000E+00
   4   3   2   1.32721000000E-03
   1   4   2   1.08420217249E-19
   2   4   2   0.00000000000E+00
   3   4   2   0.00000000000E+00
   4   4   2   0.00000000000E+00
   1   1   3   4.33680868994E-19
   2   1   3   3.08976250000E-04
   3   1   3  -3.77382500000E-03
   4   1   3   3.08976250000E-04
   1   2   3   3.69997000000E-03
   2   2   3   3.08976250000E-04
   3   2   3  -1.32721000000E-03
   4   2   3   1.08420217249E-19
   1   3   3   4.33680868994E-19
   2   3   3   1.08420217249E-19
   3   3   3  -1.08420217249E-19
   4   3   3   1.08420217249E-19
   1   4   3   3.69997000000E-03
   2   4   3   1.08420217249E-19
   3   4   3  -1.32721000000E-03
   4   4   3   3.08976250000E-04
   1   1   4   1.08420217249E-19
   2   1   4   1.64832800000E-02
   3   1   4   3.08976250000E-04
   4   1   4  -3.69997000000E-03
   1   2   4   1.08420217249E-19
   2   2   4   0.00000000000E+00
   3   2   4   0.00000000000E+00
   4   2   4   0.00000000000E+00
   1   3   4  -3.08976250000E-04
   2   3   4   1.32721000000E-03
   3   3   4   0.00000000000E+00
   4   3   4  -3.69997000000E-03
   1   4   4  -3.08976250000E-04
   2   4   4   0.00000000000E+00
   3   4   4   3.08976250000E-04
   4   4   4   0.00000000000E+00
   3   3   1   1
   1   1   1   7.04302834375E-02
   2   1   1  -1.22526528125E-02
   3   1   1   9.78735312500E-04
   4   1   1  -1.22526528125E-02
   1   2   1  -1.22526528125E-02
   2   2   1  -4.05176562500E-04
   3   2   1  -1.10005343750E-03
   4   2   1   8.33482093750E-03
   1   3   1   9.78735312500E-04
   2   3   1  -1.10005343750E-03
   3   3   1  -4.57869281250E-03
   4   3   1  -1.10005343750E-03
   1   4   1  -1.22526528125E-02
   2   4   1   8.33482093750E-03
   3   4   1  -1.10005343750E-03
   4   4   1  -4.05176562500E-04
   1   1   2   8.33482093750E-03
   2   1   2  -1.10005343750E-03
   3   1   2  -4.05176562500E-04
   4   1   2  -1.22526528125E-02
   1   2   2  -1.10005343750E-03
   2   2   2   8.11030218750E-03
   3   2   2  -1.10005343750E-03
   4   2   2   7.09620312500E-04
   1   3   2  -4.05176562500E-04
   2   3   2  -1.10005343750E-03
   3   3   2  -2.77341906250E-03
   4   3   2   3.24760468750E-03
   1   4   2  -1.22526528125E-02
   2   4   2   7.09620312500E-04
   3   4   2   3.24760468750E-03
   4   4   2  -6.61192156250E-03
   1   1   3  -4.57869281250E-03
   2   1   3  -1.10005343750E-03
   3   1   3   9.78735312500E-04
   4   1   3  -1.10005343750E-03
   1   2   3  -1.10005343750E-03
   2   2   3  -4.05176562500E-04
   3   2   3   3.24760468750E-03
   4   2   3  -2.77341906250E-03
   1   3   3   9.78735312500E-04
   2   3   3   3.24760468750E-03
   3   3   3   4.38133437500E-04
   4   3   3   3.24760468750E-03
   1   4   3  -1.10005343750E-03
   2   4   3  -2.77341906250E-03
   3   4   3   3.24760468750E-03
   4   4   3  -4.05176562500E-04
   1   1   4   8.33482093750E-03
   2   1   4  -1.22526528125E-02
   3   1   4  -4.05176562500E-04
   4   1   4  -1.10005343750E-03
   1   2   4  -1.22526528125E-02
   2   2   4  -6.61192156250E-03
   3   2   4   3.24760468750E-03
   4   2   4   7.09620312500E-04
   1   3   4  -4.05176562500E-04
   2   3   4   3.24760468750E-03
   3   3   4  -2.77341906250E-03
   4   3   4  -1.10005343750E-03
   1   4   4  -1.10005343750E-03
   2   4   4   7.09620312500E-04
   3   4   4  -1.10005343750E-03
   4   4   4   8.11030218750E-03
