  5.000000000000000E-002  0.609412669368522        2.58958404862546     
   4   4   4
   1   1   1   1
   1   1   1   7.69505740625E-02
   2   1   1  -1.17521334375E-02
   3   1   1  -9.11352187500E-04
   4   1   1  -1.17521334375E-02
   1   2   1   8.45696781250E-03
   2   2   1  -1.43234687500E-04
   3   2   1  -1.78895218750E-03
   4   2   1  -1.17521334375E-02
   1   3   1  -3.16870593750E-03
   2   3   1  -1.43234687500E-04
   3   3   1  -9.11352187500E-04
   4   3   1  -1.43234687500E-04
   1   4   1   8.45696781250E-03
   2   4   1  -1.17521334375E-02
   3   4   1  -1.78895218750E-03
   4   4   1  -1.43234687500E-04
   1   1   2  -1.17521334375E-02
   2   1   2  -1.78895218750E-03
   3   1   2  -1.43234687500E-04
   4   1   2   8.45696781250E-03
   1   2   2  -1.43234687500E-04
   2   2   2   2.57208093750E-03
   3   2   2  -1.43234687500E-04
   4   2   2   9.03575937500E-04
   1   3   2  -1.43234687500E-04
   2   3   2  -1.78895218750E-03
   3   3   2   1.83023281250E-03
   4   3   2  -4.46943437500E-04
   1   4   2  -1.17521334375E-02
   2   4   2  -4.76984031250E-03
   3   4   2   1.83023281250E-03
   4   4   2   9.03575937500E-04
   1   1   3  -9.11352187500E-04
   2   1   3  -1.43234687500E-04
   3   1   3  -3.16870593750E-03
   4   1   3  -1.43234687500E-04
   1   2   3  -1.78895218750E-03
   2   2   3  -1.43234687500E-04
   3   2   3  -4.46943437500E-04
   4   2   3   1.83023281250E-03
   1   3   3  -9.11352187500E-04
   2   3   3   1.83023281250E-03
   3   3   3   7.41331562500E-04
   4   3   3   1.83023281250E-03
   1   4   3  -1.78895218750E-03
   2   4   3   1.83023281250E-03
   3   4   3  -4.46943437500E-04
   4   4   3  -1.43234687500E-04
   1   1   4  -1.17521334375E-02
   2   1   4   8.45696781250E-03
   3   1   4  -1.43234687500E-04
   4   1   4  -1.78895218750E-03
   1   2   4  -1.17521334375E-02
   2   2   4   9.03575937500E-04
   3   2   4   1.83023281250E-03
   4   2   4  -4.76984031250E-03
   1   3   4  -1.43234687500E-04
   2   3   4  -4.46943437500E-04
   3   3   4   1.83023281250E-03
   4   3   4  -1.78895218750E-03
   1   4   4  -1.43234687500E-04
   2   4   4   9.03575937500E-04
   3   4   4  -1.43234687500E-04
   4   4   4   2.57208093750E-03
   1   2   1   1
   1   1   1   2.16840434497E-19
   2   1   1  -3.25260651746E-19
   3   1   1   2.16840434497E-19
   4   1   1  -3.25260651746E-19
   1   2   1   1.08420217249E-19
   2   2   1   2.64935375000E-03
   3   2   1  -3.19370625000E-04
   4   2   1  -1.73754581250E-02
   1   3   1   0.00000000000E+00
   2   3   1  -3.19370625000E-04
   3   3   1   2.88829375000E-03
   4   3   1  -3.19370625000E-04
   1   4   1   1.08420217249E-19
   2   4   1  -1.73754581250E-02
   3   4   1  -3.19370625000E-04
   4   4   1   2.64935375000E-03
   1   1   2   1.73754581250E-02
   2   1   2   3.19370625000E-04
   3   1   2  -2.64935375000E-03
   4   1   2  -3.25260651746E-19
   1   2   2   3.19370625000E-04
   2   2   2   0.00000000000E+00
   3   2   2  -3.19370625000E-04
   4   2   2   0.00000000000E+00
   1   3   2  -2.64935375000E-03
   2   3   2  -3.19370625000E-04
   3   3   2  -2.70628125000E-04
   4   3   2   3.25260651746E-19
   1   4   2   1.08420217249E-19
   2   4   2   0.00000000000E+00
   3   4   2   0.00000000000E+00
   4   4   2   0.00000000000E+00
   1   1   3  -2.88829375000E-03
   2   1   3   3.19370625000E-04
   3   1   3   2.16840434497E-19
   4   1   3   3.19370625000E-04
   1   2   3   3.19370625000E-04
   2   2   3   2.64935375000E-03
   3   2   3   0.00000000000E+00
   4   2   3   2.70628125000E-04
   1   3   3   0.00000000000E+00
   2   3   3   3.25260651746E-19
   3   3   3  -2.16840434497E-19
   4   3   3   3.25260651746E-19
   1   4   3   3.19370625000E-04
   2   4   3   2.70628125000E-04
   3   4   3   0.00000000000E+00
   4   4   3   2.64935375000E-03
   1   1   4   1.73754581250E-02
   2   1   4  -3.25260651746E-19
   3   1   4  -2.64935375000E-03
   4   1   4   3.19370625000E-04
   1   2   4   1.08420217249E-19
   2   2   4   0.00000000000E+00
   3   2   4   0.00000000000E+00
   4   2   4   0.00000000000E+00
   1   3   4  -2.64935375000E-03
   2   3   4   3.25260651746E-19
   3   3   4  -2.70628125000E-04
   4   3   4  -3.19370625000E-04
   1   4   4   3.19370625000E-04
   2   4   4   0.00000000000E+00
   3   4   4  -3.19370625000E-04
   4   4   4   0.00000000000E+00
   1   3   1   1
   1   1   1  -4.33680868994E-19
   2   1   1   1.73754581250E-02
   3   1   1  -2.88829375000E-03
   4   1   1   1.73754581250E-02
   1   2   1   1.08420217249E-19
   2   2   1   3.19370625000E-04
   3   2   1   3.19370625000E-04
   4   2   1   3.25260651746E-19
   1   3   1   0.00000000000E+00
   2   3   1  -2.64935375000E-03
   3   3   1  -1.08420217249E-19
   4   3   1  -2.64935375000E-03
   1   4   1   1.08420217249E-19
   2   4   1   3.25260651746E-19
   3   4   1   3.19370625000E-04
   4   4   1   3.19370625000E-04
   1   1   2  -1.08420217249E-19
   2   1   2   3.19370625000E-04
   3   1   2   3.19370625000E-04
   4   1   2   3.25260651746E-19
   1   2   2   2.64935375000E-03
   2   2   2   0.00000000000E+00
   3   2   2   2.64935375000E-03
   4   2   2   0.00000000000E+00
   1   3   2  -3.19370625000E-04
   2   3   2  -3.19370625000E-04
   3   3   2   0.00000000000E+00
   4   3   2  -3.25260651746E-19
   1   4   2  -1.73754581250E-02
   2   4   2   0.00000000000E+00
   3   4   2   2.70628125000E-04
   4   4   2   0.00000000000E+00
   1   1   3  -2.16840434497E-19
   2   1   3  -2.64935375000E-03
   3   1   3  -2.16840434497E-19
   4   1   3  -2.64935375000E-03
   1   2   3  -3.19370625000E-04
   2   2   3  -3.19370625000E-04
   3   2   3   0.00000000000E+00
   4   2   3  -3.25260651746E-19
   1   3   3   2.88829375000E-03
   2   3   3  -2.70628125000E-04
   3   3   3   1.08420217249E-19
   4   3   3  -2.70628125000E-04
   1   4   3  -3.19370625000E-04
   2   4   3  -3.25260651746E-19
   3   4   3   0.00000000000E+00
   4   4   3  -3.19370625000E-04
   1   1   4  -1.08420217249E-19
   2   1   4   3.25260651746E-19
   3   1   4   3.19370625000E-04
   4   1   4   3.19370625000E-04
   1   2   4  -1.73754581250E-02
   2   2   4   0.00000000000E+00
   3   2   4   2.70628125000E-04
   4   2   4   0.00000000000E+00
   1   3   4  -3.19370625000E-04
   2   3   4  -3.25260651746E-19
   3   3   4   0.00000000000E+00
   4   3   4  -3.19370625000E-04
   1   4   4   2.64935375000E-03
   2   4   4   0.00000000000E+00
   3   4   4   2.64935375000E-03
   4   4   4   0.00000000000E+00
   2   1   1   1
   1   1   1   2.16840434497E-19
   2   1   1  -3.25260651746E-19
   3   1   1   2.16840434497E-19
   4   1   1  -3.25260651746E-19
   1   2   1   1.08420217249E-19
   2   2   1   2.64935375000E-03
   3   2   1  -3.19370625000E-04
   4   2   1  -1.73754581250E-02
   1   3   1   0.00000000000E+00
   2   3   1  -3.19370625000E-04
   3   3   1   2.88829375000E-03
   4   3   1  -3.19370625000E-04
   1   4   1   1.08420217249E-19
   2   4   1  -1.73754581250E-02
   3   4   1  -3.19370625000E-04
   4   4   1   2.64935375000E-03
   1   1   2   1.73754581250E-02
   2   1   2   3.19370625000E-04
   3   1   2  -2.64935375000E-03
   4   1   2  -3.25260651746E-19
   1   2   2   3.19370625000E-04
   2   2   2   0.00000000000E+00
   3   2   2  -3.19370625000E-04
   4   2   2   0.00000000000E+00
   1   3   2  -2.64935375000E-03
   2   3   2  -3.19370625000E-04
   3   3   2  -2.70628125000E-04
   4   3   2   3.25260651746E-19
   1   4   2   1.08420217249E-19
   2   4   2   0.00000000000E+00
   3   4   2   0.00000000000E+00
   4   4   2   0.00000000000E+00
   1   1   3  -2.88829375000E-03
   2   1   3   3.19370625000E-04
   3   1   3   2.16840434497E-19
   4   1   3   3.19370625000E-04
   1   2   3   3.19370625000E-04
   2   2   3   2.64935375000E-03
   3   2   3   0.00000000000E+00
   4   2   3   2.70628125000E-04
   1   3   3   0.00000000000E+00
   2   3   3   3.25260651746E-19
   3   3   3  -2.16840434497E-19
   4   3   3   3.25260651746E-19
   1   4   3   3.19370625000E-04
   2   4   3   2.70628125000E-04
   3   4   3   0.00000000000E+00
   4   4   3   2.64935375000E-03
   1   1   4   1.73754581250E-02
   2   1   4  -3.25260651746E-19
   3   1   4  -2.64935375000E-03
   4   1   4   3.19370625000E-04
   1   2   4   1.08420217249E-19
   2   2   4   0.00000000000E+00
   3   2   4   0.00000000000E+00
   4   2   4   0.00000000000E+00
   1   3   4  -2.64935375000E-03
   2   3   4   3.25260651746E-19
   3   3   4  -2.70628125000E-04
   4   3   4  -3.19370625000E-04
   1   4   4   3.19370625000E-04
   2   4   4   0.00000000000E+00
   3   4   4  -3.19370625000E-04
   4   4   4   0.00000000000E+00
   2   2   1   1
   1   1   1   7.69505740625E-02
   2   1   1   8.45696781250E-03
   3   1   1  -3.16870593750E-03
   4   1   1   8.45696781250E-03
   1   2   1  -1.17521334375E-02
   2   2   1  -1.43234687500E-04
   3   2   1  -1.43234687500E-04
   4   2   1  -1.17521334375E-02
   1   3   1  -9.11352187500E-04
   2   3   1  -1.78895218750E-03
   3   3   1  -9.11352187500E-04
   4   3   1  -1.78895218750E-03
   1   4   1  -1.17521334375E-02
   2   4   1  -1.17521334375E-02
   3   4   1  -1.43234687500E-04
   4   4   1  -1.43234687500E-04
   1   1   2  -1.17521334375E-02
   2   1   2  -1.43234687500E-04
   3   1   2  -1.43234687500E-04
   4   1   2  -1.17521334375E-02
   1   2   2  -1.78895218750E-03
   2   2   2   2.57208093750E-03
   3   2   2  -1.78895218750E-03
   4   2   2  -4.76984031250E-03
   1   3   2  -1.43234687500E-04
   2   3   2  -1.43234687500E-04
   3   3   2   1.83023281250E-03
   4   3   2   1.83023281250E-03
   1   4   2   8.45696781250E-03
   2   4   2   9.03575937500E-04
   3   4   2  -4.46943437500E-04
   4   4   2   9.03575937500E-04
   1   1   3  -9.11352187500E-04
   2   1   3  -1.78895218750E-03
   3   1   3  -9.11352187500E-04
   4   1   3  -1.78895218750E-03
   1   2   3  -1.43234687500E-04
   2   2   3  -1.43234687500E-04
   3   2   3   1.83023281250E-03
   4   2   3   1.83023281250E-03
   1   3   3  -3.16870593750E-03
   2   3   3  -4.46943437500E-04
   3   3   3   7.41331562500E-04
   4   3   3  -4.46943437500E-04
   1   4   3  -1.43234687500E-04
   2   4   3   1.83023281250E-03
   3   4   3   1.83023281250E-03
   4   4   3  -1.43234687500E-04
   1   1   4  -1.17521334375E-02
   2   1   4  -1.17521334375E-02
   3   1   4  -1.43234687500E-04
   4   1   4  -1.43234687500E-04
   1   2   4   8.45696781250E-03
   2   2   4   9.03575937500E-04
   3   2   4  -4.46943437500E-04
   4   2   4   9.03575937500E-04
   1   3   4  -1.43234687500E-04
   2   3   4   1.83023281250E-03
   3   3   4   1.83023281250E-03
   4   3   4  -1.43234687500E-04
   1   4   4  -1.78895218750E-03
   2   4   4  -4.76984031250E-03
   3   4   4  -1.78895218750E-03
   4   4   4   2.57208093750E-03
   2   3   1   1
   1   1   1  -4.33680868994E-19
   2   1   1   3.25260651746E-19
   3   1   1  -2.16840434497E-19
   4   1   1   3.25260651746E-19
   1   2   1  -1.73754581250E-02
   2   2   1  -3.19370625000E-04
   3   2   1   2.64935375000E-03
   4   2   1   3.25260651746E-19
   1   3   1   2.88829375000E-03
   2   3   1  -3.19370625000E-04
   3   3   1  -1.08420217249E-19
   4   3   1  -3.19370625000E-04
   1   4   1  -1.73754581250E-02
   2   4   1   3.25260651746E-19
   3   4   1   2.64935375000E-03
   4   4   1  -3.19370625000E-04
   1   1   2  -1.08420217249E-19
   2   1   2  -2.64935375000E-03
   3   1   2   3.19370625000E-04
   4   1   2   1.73754581250E-02
   1   2   2  -3.19370625000E-04
   2   2   2   0.00000000000E+00
   3   2   2   3.19370625000E-04
   4   2   2   0.00000000000E+00
   1   3   2  -3.19370625000E-04
   2   3   2  -2.64935375000E-03
   3   3   2   0.00000000000E+00
   4   3   2  -2.70628125000E-04
   1   4   2   1.08420217249E-19
   2   4   2   0.00000000000E+00
   3   4   2   0.00000000000E+00
   4   4   2   0.00000000000E+00
   1   1   3  -2.16840434497E-19
   2   1   3   3.19370625000E-04
   3   1   3  -2.88829375000E-03
   4   1   3   3.19370625000E-04
   1   2   3   2.64935375000E-03
   2   2   3   3.19370625000E-04
   3   2   3   2.70628125000E-04
   4   2   3  -3.25260651746E-19
   1   3   3   0.00000000000E+00
   2   3   3  -3.25260651746E-19
   3   3   3   1.08420217249E-19
   4   3   3  -3.25260651746E-19
   1   4   3   2.64935375000E-03
   2   4   3  -3.25260651746E-19
   3   4   3   2.70628125000E-04
   4   4   3   3.19370625000E-04
   1   1   4  -1.08420217249E-19
   2   1   4   1.73754581250E-02
   3   1   4   3.19370625000E-04
   4   1   4  -2.64935375000E-03
   1   2   4   1.08420217249E-19
   2   2   4   0.00000000000E+00
   3   2   4   0.00000000000E+00
   4   2   4   0.00000000000E+00
   1   3   4  -3.19370625000E-04
   2   3   4  -2.70628125000E-04
   3   3   4   0.00000000000E+00
   4   3   4  -2.64935375000E-03
   1   4   4  -3.19370625000E-04
   2   4   4   0.00000000000E+00
   3   4   4   3.19370625000E-04
   4   4   4   0.00000000000E+00
   3   1   1   1
   1   1   1  -4.33680868994E-19
   2   1   1   1.73754581250E-02
   3   1   1  -2.88829375000E-03
   4   1   1   1.73754581250E-02
   1   2   1   1.08420217249E-19
   2   2   1   3.19370625000E-04
   3   2   1   3.19370625000E-04
   4   2   1   3.25260651746E-19
   1   3   1   0.00000000000E+00
   2   3   1  -2.64935375000E-03
   3   3   1  -1.08420217249E-19
   4   3   1  -2.64935375000E-03
   1   4   1   1.08420217249E-19
   2   4   1   3.25260651746E-19
   3   4   1   3.19370625000E-04
   4   4   1   3.19370625000E-04
   1   1   2  -1.08420217249E-19
   2   1   2   3.19370625000E-04
   3   1   2   3.19370625000E-04
   4   1   2   3.25260651746E-19
   1   2   2   2.64935375000E-03
   2   2   2   0.00000000000E+00
   3   2   2   2.64935375000E-03
   4   2   2   0.00000000000E+00
   1   3   2  -3.19370625000E-04
   2   3   2  -3.19370625000E-04
   3   3   2   0.00000000000E+00
   4   3   2  -3.25260651746E-19
   1   4   2  -1.73754581250E-02
   2   4   2   0.00000000000E+00
   3   4   2   2.70628125000E-04
   4   4   2   0.00000000000E+00
   1   1   3  -2.16840434497E-19
   2   1   3  -2.64935375000E-03
   3   1   3  -2.16840434497E-19
   4   1   3  -2.64935375000E-03
   1   2   3  -3.19370625000E-04
   2   2   3  -3.19370625000E-04
   3   2   3   0.00000000000E+00
   4   2   3  -3.25260651746E-19
   1   3   3   2.88829375000E-03
   2   3   3  -2.70628125000E-04
   3   3   3   1.08420217249E-19
   4   3   3  -2.70628125000E-04
   1   4   3  -3.19370625000E-04
   2   4   3  -3.25260651746E-19
   3   4   3   0.00000000000E+00
   4   4   3  -3.19370625000E-04
   1   1   4  -1.08420217249E-19
   2   1   4   3.25260651746E-19
   3   1   4   3.19370625000E-04
   4   1   4   3.19370625000E-04
   1   2   4  -1.73754581250E-02
   2   2   4   0.00000000000E+00
   3   2   4   2.70628125000E-04
   4   2   4   0.00000000000E+00
   1   3   4  -3.19370625000E-04
   2   3   4  -3.25260651746E-19
   3   3   4   0.00000000000E+00
   4   3   4  -3.19370625000E-04
   1   4   4   2.64935375000E-03
   2   4   4   0.00000000000E+00
   3   4   4   2.64935375000E-03
   4   4   4   0.00000000000E+00
   3   2   1   1
   1   1   1  -4.33680868994E-19
   2   1   1   3.25260651746E-19
   3   1   1  -2.16840434497E-19
   4   1   1   3.25260651746E-19
   1   2   1  -1.73754581250E-02
   2   2   1  -3.19370625000E-04
   3   2   1   2.64935375000E-03
   4   2   1   3.25260651746E-19
   1   3   1   2.88829375000E-03
   2   3   1  -3.19370625000E-04
   3   3   1  -1.08420217249E-19
   4   3   1  -3.19370625000E-04
   1   4   1  -1.73754581250E-02
   2   4   1   3.25260651746E-19
   3   4   1   2.64935375000E-03
   4   4   1  -3.19370625000E-04
   1   1   2  -1.08420217249E-19
   2   1   2  -2.64935375000E-03
   3   1   2   3.19370625000E-04
   4   1   2   1.73754581250E-02
   1   2   2  -3.19370625000E-04
   2   2   2   0.00000000000E+00
   3   2   2   3.19370625000E-04
   4   2   2   0.00000000000E+00
   1   3   2  -3.19370625000E-04
   2   3   2  -2.64935375000E-03
   3   3   2   0.00000000000E+00
   4   3   2  -2.70628125000E-04
   1   4   2   1.08420217249E-19
   2   4   2   0.00000000000E+00
   3   4   2   0.00000000000E+00
   4   4   2   0.00000000000E+00
   1   1   3  -2.16840434497E-19
   2   1   3   3.19370625000E-04
   3   1   3  -2.88829375000E-03
   4   1   3   3.19370625000E-04
   1   2   3   2.64935375000E-03
   2   2   3   3.19370625000E-04
   3   2   3   2.70628125000E-04
   4   2   3  -3.25260651746E-19
   1   3   3   0.00000000000E+00
   2   3   3  -3.25260651746E-19
   3   3   3   1.08420217249E-19
   4   3   3  -3.25260651746E-19
   1   4   3   2.64935375000E-03
   2   4   3  -3.25260651746E-19
   3   4   3   2.70628125000E-04
   4   4   3   3.19370625000E-04
   1   1   4  -1.08420217249E-19
   2   1   4   1.73754581250E-02
   3   1   4   3.19370625000E-04
   4   1   4  -2.64935375000E-03
   1   2   4   1.08420217249E-19
   2   2   4   0.00000000000E+00
   3   2   4   0.00000000000E+00
   4   2   4   0.00000000000E+00
   1   3   4  -3.19370625000E-04
   2   3   4  -2.70628125000E-04
   3   3   4   0.00000000000E+00
   4   3   4  -2.64935375000E-03
   1   4   4  -3.19370625000E-04
   2   4   4   0.00000000000E+00
   3   4   4   3.19370625000E-04
   4   4   4   0.00000000000E+00
   3   3   1   1
   1   1   1   7.69505740625E-02
   2   1   1  -1.17521334375E-02
   3   1   1  -9.11352187500E-04
   4   1   1  -1.17521334375E-02
   1   2   1  -1.17521334375E-02
   2   2   1  -1.78895218750E-03
   3   2   1  -1.43234687500E-04
   4   2   1   8.45696781250E-03
   1   3   1  -9.11352187500E-04
   2   3   1  -1.43234687500E-04
   3   3   1  -3.16870593750E-03
   4   3   1  -1.43234687500E-04
   1   4   1  -1.17521334375E-02
   2   4   1   8.45696781250E-03
   3   4   1  -1.43234687500E-04
   4   4   1  -1.78895218750E-03
   1   1   2   8.45696781250E-03
   2   1   2  -1.43234687500E-04
   3   1   2  -1.78895218750E-03
   4   1   2  -1.17521334375E-02
   1   2   2  -1.43234687500E-04
   2   2   2   2.57208093750E-03
   3   2   2  -1.43234687500E-04
   4   2   2   9.03575937500E-04
   1   3   2  -1.78895218750E-03
   2   3   2  -1.43234687500E-04
   3   3   2  -4.46943437500E-04
   4   3   2   1.83023281250E-03
   1   4   2  -1.17521334375E-02
   2   4   2   9.03575937500E-04
   3   4   2   1.83023281250E-03
   4   4   2  -4.76984031250E-03
   1   1   3  -3.16870593750E-03
   2   1   3  -1.43234687500E-04
   3   1   3  -9.11352187500E-04
   4   1   3  -1.43234687500E-04
   1   2   3  -1.43234687500E-04
   2   2   3  -1.78895218750E-03
   3   2   3   1.83023281250E-03
   4   2   3  -4.46943437500E-04
   1   3   3  -9.11352187500E-04
   2   3   3   1.83023281250E-03
   3   3   3   7.41331562500E-04
   4   3   3   1.83023281250E-03
   1   4   3  -1.43234687500E-04
   2   4   3  -4.46943437500E-04
   3   4   3   1.83023281250E-03
   4   4   3  -1.78895218750E-03
   1   1   4   8.45696781250E-03
   2   1   4  -1.17521334375E-02
   3   1   4  -1.78895218750E-03
   4   1   4  -1.43234687500E-04
   1   2   4  -1.17521334375E-02
   2   2   4  -4.76984031250E-03
   3   2   4   1.83023281250E-03
   4   2   4   9.03575937500E-04
   1   3   4  -1.78895218750E-03
   2   3   4   1.83023281250E-03
   3   3   4  -4.46943437500E-04
   4   3   4  -1.43234687500E-04
   1   4   4  -1.43234687500E-04
   2   4   4   9.03575937500E-04
   3   4   4  -1.43234687500E-04
   4   4   4   2.57208093750E-03
