  4.500000000000000E-002  0.609696205195422        2.55296959425764     
   4   4   4
   1   1   1   1
   1   1   1   7.48801367187E-02
   2   1   1  -1.16228154688E-02
   3   1   1  -6.32138281250E-04
   4   1   1  -1.16228154688E-02
   1   2   1   8.24118796875E-03
   2   2   1  -3.08602968750E-04
   3   2   1  -1.65144203125E-03
   4   2   1  -1.16228154688E-02
   1   3   1  -3.22076828125E-03
   2   3   1  -3.08602968750E-04
   3   3   1  -6.32138281250E-04
   4   3   1  -3.08602968750E-04
   1   4   1   8.24118796875E-03
   2   4   1  -1.16228154688E-02
   3   4   1  -1.65144203125E-03
   4   4   1  -3.08602968750E-04
   1   1   2  -1.16228154688E-02
   2   1   2  -1.65144203125E-03
   3   1   2  -3.08602968750E-04
   4   1   2   8.24118796875E-03
   1   2   2  -3.08602968750E-04
   2   2   2   3.46389171875E-03
   3   2   2  -3.08602968750E-04
   4   2   2   8.19874218750E-04
   1   3   2  -3.08602968750E-04
   2   3   2  -1.65144203125E-03
   3   3   2   2.09898953125E-03
   4   3   2  -6.95332031250E-04
   1   4   2  -1.16228154688E-02
   2   4   2  -5.16963328125E-03
   3   4   2   2.09898953125E-03
   4   4   2   8.19874218750E-04
   1   1   3  -6.32138281250E-04
   2   1   3  -3.08602968750E-04
   3   1   3  -3.22076828125E-03
   4   1   3  -3.08602968750E-04
   1   2   3  -1.65144203125E-03
   2   2   3  -3.08602968750E-04
   3   2   3  -6.95332031250E-04
   4   2   3   2.09898953125E-03
   1   3   3  -6.32138281250E-04
   2   3   3   2.09898953125E-03
   3   3   3   7.31186718750E-04
   4   3   3   2.09898953125E-03
   1   4   3  -1.65144203125E-03
   2   4   3   2.09898953125E-03
   3   4   3  -6.95332031250E-04
   4   4   3  -3.08602968750E-04
   1   1   4  -1.16228154688E-02
   2   1   4   8.24118796875E-03
   3   1   4  -3.08602968750E-04
   4   1   4  -1.65144203125E-03
   1   2   4  -1.16228154688E-02
   2   2   4   8.19874218750E-04
   3   2   4   2.09898953125E-03
   4   2   4  -5.16963328125E-03
   1   3   4  -3.08602968750E-04
   2   3   4  -6.95332031250E-04
   3   3   4   2.09898953125E-03
   4   3   4  -1.65144203125E-03
   1   4   4  -3.08602968750E-04
   2   4   4   8.19874218750E-04
   3   4   4  -3.08602968750E-04
   4   4   4   3.46389171875E-03
   1   2   1   1
   1   1   1  -1.73472347598E-18
   2   1   1   0.00000000000E+00
   3   1   1   0.00000000000E+00
   4   1   1   0.00000000000E+00
   1   2   1   0.00000000000E+00
   2   2   1   2.77556500000E-03
   3   2   1  -2.70911875000E-04
   4   2   1  -1.70578343750E-02
   1   3   1  -4.33680868994E-19
   2   3   1  -2.70911875000E-04
   3   3   1   3.09209625000E-03
   4   3   1  -2.70911875000E-04
   1   4   1   0.00000000000E+00
   2   4   1  -1.70578343750E-02
   3   4   1  -2.70911875000E-04
   4   4   1   2.77556500000E-03
   1   1   2   1.70578343750E-02
   2   1   2   2.70911875000E-04
   3   1   2  -2.77556500000E-03
   4   1   2   0.00000000000E+00
   1   2   2   2.70911875000E-04
   2   2   2   0.00000000000E+00
   3   2   2  -2.70911875000E-04
   4   2   2   0.00000000000E+00
   1   3   2  -2.77556500000E-03
   2   3   2  -2.70911875000E-04
   3   3   2   1.06562500000E-06
   4   3   2   0.00000000000E+00
   1   4   2   0.00000000000E+00
   2   4   2   0.00000000000E+00
   3   4   2   0.00000000000E+00
   4   4   2   0.00000000000E+00
   1   1   3  -3.09209625000E-03
   2   1   3   2.70911875000E-04
   3   1   3   0.00000000000E+00
   4   1   3   2.70911875000E-04
   1   2   3   2.70911875000E-04
   2   2   3   2.77556500000E-03
   3   2   3   0.00000000000E+00
   4   2   3  -1.06562500000E-06
   1   3   3  -4.33680868994E-19
   2   3   3   0.00000000000E+00
   3   3   3   0.00000000000E+00
   4   3   3   0.00000000000E+00
   1   4   3   2.70911875000E-04
   2   4   3  -1.06562500000E-06
   3   4   3   0.00000000000E+00
   4   4   3   2.77556500000E-03
   1   1   4   1.70578343750E-02
   2   1   4   0.00000000000E+00
   3   1   4  -2.77556500000E-03
   4   1   4   2.70911875000E-04
   1   2   4   0.00000000000E+00
   2   2   4   0.00000000000E+00
   3   2   4   0.00000000000E+00
   4   2   4   0.00000000000E+00
   1   3   4  -2.77556500000E-03
   2   3   4   0.00000000000E+00
   3   3   4   1.06562500000E-06
   4   3   4  -2.70911875000E-04
   1   4   4   2.70911875000E-04
   2   4   4   0.00000000000E+00
   3   4   4  -2.70911875000E-04
   4   4   4   0.00000000000E+00
   1   3   1   1
   1   1   1   4.33680868994E-19
   2   1   1   1.70578343750E-02
   3   1   1  -3.09209625000E-03
   4   1   1   1.70578343750E-02
   1   2   1   0.00000000000E+00
   2   2   1   2.70911875000E-04
   3   2   1   2.70911875000E-04
   4   2   1   0.00000000000E+00
   1   3   1   4.33680868994E-19
   2   3   1  -2.77556500000E-03
   3   3   1   0.00000000000E+00
   4   3   1  -2.77556500000E-03
   1   4   1   0.00000000000E+00
   2   4   1   0.00000000000E+00
   3   4   1   2.70911875000E-04
   4   4   1   2.70911875000E-04
   1   1   2   0.00000000000E+00
   2   1   2   2.70911875000E-04
   3   1   2   2.70911875000E-04
   4   1   2   0.00000000000E+00
   1   2   2   2.77556500000E-03
   2   2   2   0.00000000000E+00
   3   2   2   2.77556500000E-03
   4   2   2   0.00000000000E+00
   1   3   2  -2.70911875000E-04
   2   3   2  -2.70911875000E-04
   3   3   2   0.00000000000E+00
   4   3   2   0.00000000000E+00
   1   4   2  -1.70578343750E-02
   2   4   2   0.00000000000E+00
   3   4   2  -1.06562500000E-06
   4   4   2   0.00000000000E+00
   1   1   3   4.33680868994E-19
   2   1   3  -2.77556500000E-03
   3   1   3   0.00000000000E+00
   4   1   3  -2.77556500000E-03
   1   2   3  -2.70911875000E-04
   2   2   3  -2.70911875000E-04
   3   2   3   0.00000000000E+00
   4   2   3   0.00000000000E+00
   1   3   3   3.09209625000E-03
   2   3   3   1.06562500000E-06
   3   3   3   0.00000000000E+00
   4   3   3   1.06562500000E-06
   1   4   3  -2.70911875000E-04
   2   4   3   0.00000000000E+00
   3   4   3   0.00000000000E+00
   4   4   3  -2.70911875000E-04
   1   1   4   0.00000000000E+00
   2   1   4   0.00000000000E+00
   3   1   4   2.70911875000E-04
   4   1   4   2.70911875000E-04
   1   2   4  -1.70578343750E-02
   2   2   4   0.00000000000E+00
   3   2   4  -1.06562500000E-06
   4   2   4   0.00000000000E+00
   1   3   4  -2.70911875000E-04
   2   3   4   0.00000000000E+00
   3   3   4   0.00000000000E+00
   4   3   4  -2.70911875000E-04
   1   4   4   2.77556500000E-03
   2   4   4   0.00000000000E+00
   3   4   4   2.77556500000E-03
   4   4   4   0.00000000000E+00
   2   1   1   1
   1   1   1  -1.73472347598E-18
   2   1   1   0.00000000000E+00
   3   1   1   0.00000000000E+00
   4   1   1   0.00000000000E+00
   1   2   1   0.00000000000E+00
   2   2   1   2.77556500000E-03
   3   2   1  -2.70911875000E-04
   4   2   1  -1.70578343750E-02
   1   3   1  -4.33680868994E-19
   2   3   1  -2.70911875000E-04
   3   3   1   3.09209625000E-03
   4   3   1  -2.70911875000E-04
   1   4   1   0.00000000000E+00
   2   4   1  -1.70578343750E-02
   3   4   1  -2.70911875000E-04
   4   4   1   2.77556500000E-03
   1   1   2   1.70578343750E-02
   2   1   2   2.70911875000E-04
   3   1   2  -2.77556500000E-03
   4   1   2   0.00000000000E+00
   1   2   2   2.70911875000E-04
   2   2   2   0.00000000000E+00
   3   2   2  -2.70911875000E-04
   4   2   2   0.00000000000E+00
   1   3   2  -2.77556500000E-03
   2   3   2  -2.70911875000E-04
   3   3   2   1.06562500000E-06
   4   3   2   0.00000000000E+00
   1   4   2   0.00000000000E+00
   2   4   2   0.00000000000E+00
   3   4   2   0.00000000000E+00
   4   4   2   0.00000000000E+00
   1   1   3  -3.09209625000E-03
   2   1   3   2.70911875000E-04
   3   1   3   0.00000000000E+00
   4   1   3   2.70911875000E-04
   1   2   3   2.70911875000E-04
   2   2   3   2.77556500000E-03
   3   2   3   0.00000000000E+00
   4   2   3  -1.06562500000E-06
   1   3   3  -4.33680868994E-19
   2   3   3   0.00000000000E+00
   3   3   3   0.00000000000E+00
   4   3   3   0.00000000000E+00
   1   4   3   2.70911875000E-04
   2   4   3  -1.06562500000E-06
   3   4   3   0.00000000000E+00
   4   4   3   2.77556500000E-03
   1   1   4   1.70578343750E-02
   2   1   4   0.00000000000E+00
   3   1   4  -2.77556500000E-03
   4   1   4   2.70911875000E-04
   1   2   4   0.00000000000E+00
   2   2   4   0.00000000000E+00
   3   2   4   0.00000000000E+00
   4   2   4   0.00000000000E+00
   1   3   4  -2.77556500000E-03
   2   3   4   0.00000000000E+00
   3   3   4   1.06562500000E-06
   4   3   4  -2.70911875000E-04
   1   4   4   2.70911875000E-04
   2   4   4   0.00000000000E+00
   3   4   4  -2.70911875000E-04
   4   4   4   0.00000000000E+00
   2   2   1   1
   1   1   1   7.48801367187E-02
   2   1   1   8.24118796875E-03
   3   1   1  -3.22076828125E-03
   4   1   1   8.24118796875E-03
   1   2   1  -1.16228154688E-02
   2   2   1  -3.08602968750E-04
   3   2   1  -3.08602968750E-04
   4   2   1  -1.16228154688E-02
   1   3   1  -6.32138281250E-04
   2   3   1  -1.65144203125E-03
   3   3   1  -6.32138281250E-04
   4   3   1  -1.65144203125E-03
   1   4   1  -1.16228154688E-02
   2   4   1  -1.16228154688E-02
   3   4   1  -3.08602968750E-04
   4   4   1  -3.08602968750E-04
   1   1   2  -1.16228154688E-02
   2   1   2  -3.08602968750E-04
   3   1   2  -3.08602968750E-04
   4   1   2  -1.16228154688E-02
   1   2   2  -1.65144203125E-03
   2   2   2   3.46389171875E-03
   3   2   2  -1.65144203125E-03
   4   2   2  -5.16963328125E-03
   1   3   2  -3.08602968750E-04
   2   3   2  -3.08602968750E-04
   3   3   2   2.09898953125E-03
   4   3   2   2.09898953125E-03
   1   4   2   8.24118796875E-03
   2   4   2   8.19874218750E-04
   3   4   2  -6.95332031250E-04
   4   4   2   8.19874218750E-04
   1   1   3  -6.32138281250E-04
   2   1   3  -1.65144203125E-03
   3   1   3  -6.32138281250E-04
   4   1   3  -1.65144203125E-03
   1   2   3  -3.08602968750E-04
   2   2   3  -3.08602968750E-04
   3   2   3   2.09898953125E-03
   4   2   3   2.09898953125E-03
   1   3   3  -3.22076828125E-03
   2   3   3  -6.95332031250E-04
   3   3   3   7.31186718750E-04
   4   3   3  -6.95332031250E-04
   1   4   3  -3.08602968750E-04
   2   4   3   2.09898953125E-03
   3   4   3   2.09898953125E-03
   4   4   3  -3.08602968750E-04
   1   1   4  -1.16228154688E-02
   2   1   4  -1.16228154688E-02
   3   1   4  -3.08602968750E-04
   4   1   4  -3.08602968750E-04
   1   2   4   8.24118796875E-03
   2   2   4   8.19874218750E-04
   3   2   4  -6.95332031250E-04
   4   2   4   8.19874218750E-04
   1   3   4  -3.08602968750E-04
   2   3   4   2.09898953125E-03
   3   3   4   2.09898953125E-03
   4   3   4  -3.08602968750E-04
   1   4   4  -1.65144203125E-03
   2   4   4  -5.16963328125E-03
   3   4   4  -1.65144203125E-03
   4   4   4   3.46389171875E-03
   2   3   1   1
   1   1   1   4.33680868994E-19
   2   1   1   0.00000000000E+00
   3   1   1   0.00000000000E+00
   4   1   1   0.00000000000E+00
   1   2   1  -1.70578343750E-02
   2   2   1  -2.70911875000E-04
   3   2   1   2.77556500000E-03
   4   2   1   0.00000000000E+00
   1   3   1   3.09209625000E-03
   2   3   1  -2.70911875000E-04
   3   3   1   0.00000000000E+00
   4   3   1  -2.70911875000E-04
   1   4   1  -1.70578343750E-02
   2   4   1   0.00000000000E+00
   3   4   1   2.77556500000E-03
   4   4   1  -2.70911875000E-04
   1   1   2   0.00000000000E+00
   2   1   2  -2.77556500000E-03
   3   1   2   2.70911875000E-04
   4   1   2   1.70578343750E-02
   1   2   2  -2.70911875000E-04
   2   2   2   0.00000000000E+00
   3   2   2   2.70911875000E-04
   4   2   2   0.00000000000E+00
   1   3   2  -2.70911875000E-04
   2   3   2  -2.77556500000E-03
   3   3   2   0.00000000000E+00
   4   3   2   1.06562500000E-06
   1   4   2   0.00000000000E+00
   2   4   2   0.00000000000E+00
   3   4   2   0.00000000000E+00
   4   4   2   0.00000000000E+00
   1   1   3   4.33680868994E-19
   2   1   3   2.70911875000E-04
   3   1   3  -3.09209625000E-03
   4   1   3   2.70911875000E-04
   1   2   3   2.77556500000E-03
   2   2   3   2.70911875000E-04
   3   2   3  -1.06562500000E-06
   4   2   3   0.00000000000E+00
   1   3   3   4.33680868994E-19
   2   3   3   0.00000000000E+00
   3   3   3   0.00000000000E+00
   4   3   3   0.00000000000E+00
   1   4   3   2.77556500000E-03
   2   4   3   0.00000000000E+00
   3   4   3  -1.06562500000E-06
   4   4   3   2.70911875000E-04
   1   1   4   0.00000000000E+00
   2   1   4   1.70578343750E-02
   3   1   4   2.70911875000E-04
   4   1   4  -2.77556500000E-03
   1   2   4   0.00000000000E+00
   2   2   4   0.00000000000E+00
   3   2   4   0.00000000000E+00
   4   2   4   0.00000000000E+00
   1   3   4  -2.70911875000E-04
   2   3   4   1.06562500000E-06
   3   3   4   0.00000000000E+00
   4   3   4  -2.77556500000E-03
   1   4   4  -2.70911875000E-04
   2   4   4   0.00000000000E+00
   3   4   4   2.70911875000E-04
   4   4   4   0.00000000000E+00
   3   1   1   1
   1   1   1   4.33680868994E-19
   2   1   1   1.70578343750E-02
   3   1   1  -3.09209625000E-03
   4   1   1   1.70578343750E-02
   1   2   1   0.00000000000E+00
   2   2   1   2.70911875000E-04
   3   2   1   2.70911875000E-04
   4   2   1   0.00000000000E+00
   1   3   1   4.33680868994E-19
   2   3   1  -2.77556500000E-03
   3   3   1   0.00000000000E+00
   4   3   1  -2.77556500000E-03
   1   4   1   0.00000000000E+00
   2   4   1   0.00000000000E+00
   3   4   1   2.70911875000E-04
   4   4   1   2.70911875000E-04
   1   1   2   0.00000000000E+00
   2   1   2   2.70911875000E-04
   3   1   2   2.70911875000E-04
   4   1   2   0.00000000000E+00
   1   2   2   2.77556500000E-03
   2   2   2   0.00000000000E+00
   3   2   2   2.77556500000E-03
   4   2   2   0.00000000000E+00
   1   3   2  -2.70911875000E-04
   2   3   2  -2.70911875000E-04
   3   3   2   0.00000000000E+00
   4   3   2   0.00000000000E+00
   1   4   2  -1.70578343750E-02
   2   4   2   0.00000000000E+00
   3   4   2  -1.06562500000E-06
   4   4   2   0.00000000000E+00
   1   1   3   4.33680868994E-19
   2   1   3  -2.77556500000E-03
   3   1   3   0.00000000000E+00
   4   1   3  -2.77556500000E-03
   1   2   3  -2.70911875000E-04
   2   2   3  -2.70911875000E-04
   3   2   3   0.00000000000E+00
   4   2   3   0.00000000000E+00
   1   3   3   3.09209625000E-03
   2   3   3   1.06562500000E-06
   3   3   3   0.00000000000E+00
   4   3   3   1.06562500000E-06
   1   4   3  -2.70911875000E-04
   2   4   3   0.00000000000E+00
   3   4   3   0.00000000000E+00
   4   4   3  -2.70911875000E-04
   1   1   4   0.00000000000E+00
   2   1   4   0.00000000000E+00
   3   1   4   2.70911875000E-04
   4   1   4   2.70911875000E-04
   1   2   4  -1.70578343750E-02
   2   2   4   0.00000000000E+00
   3   2   4  -1.06562500000E-06
   4   2   4   0.00000000000E+00
   1   3   4  -2.70911875000E-04
   2   3   4   0.00000000000E+00
   3   3   4   0.00000000000E+00
   4   3   4  -2.70911875000E-04
   1   4   4   2.77556500000E-03
   2   4   4   0.00000000000E+00
   3   4   4   2.77556500000E-03
   4   4   4   0.00000000000E+00
   3   2   1   1
   1   1   1   4.33680868994E-19
   2   1   1   0.00000000000E+00
   3   1   1   0.00000000000E+00
   4   1   1   0.00000000000E+00
   1   2   1  -1.70578343750E-02
   2   2   1  -2.70911875000E-04
   3   2   1   2.77556500000E-03
   4   2   1   0.00000000000E+00
   1   3   1   3.09209625000E-03
   2   3   1  -2.70911875000E-04
   3   3   1   0.00000000000E+00
   4   3   1  -2.70911875000E-04
   1   4   1  -1.70578343750E-02
   2   4   1   0.00000000000E+00
   3   4   1   2.77556500000E-03
   4   4   1  -2.70911875000E-04
   1   1   2   0.00000000000E+00
   2   1   2  -2.77556500000E-03
   3   1   2   2.70911875000E-04
   4   1   2   1.70578343750E-02
   1   2   2  -2.70911875000E-04
   2   2   2   0.00000000000E+00
   3   2   2   2.70911875000E-04
   4   2   2   0.00000000000E+00
   1   3   2  -2.70911875000E-04
   2   3   2  -2.77556500000E-03
   3   3   2   0.00000000000E+00
   4   3   2   1.06562500000E-06
   1   4   2   0.00000000000E+00
   2   4   2   0.00000000000E+00
   3   4   2   0.00000000000E+00
   4   4   2   0.00000000000E+00
   1   1   3   4.33680868994E-19
   2   1   3   2.70911875000E-04
   3   1   3  -3.09209625000E-03
   4   1   3   2.70911875000E-04
   1   2   3   2.77556500000E-03
   2   2   3   2.70911875000E-04
   3   2   3  -1.06562500000E-06
   4   2   3   0.00000000000E+00
   1   3   3   4.33680868994E-19
   2   3   3   0.00000000000E+00
   3   3   3   0.00000000000E+00
   4   3   3   0.00000000000E+00
   1   4   3   2.77556500000E-03
   2   4   3   0.00000000000E+00
   3   4   3  -1.06562500000E-06
   4   4   3   2.70911875000E-04
   1   1   4   0.00000000000E+00
   2   1   4   1.70578343750E-02
   3   1   4   2.70911875000E-04
   4   1   4  -2.77556500000E-03
   1   2   4   0.00000000000E+00
   2   2   4   0.00000000000E+00
   3   2   4   0.00000000000E+00
   4   2   4   0.00000000000E+00
   1   3   4  -2.70911875000E-04
   2   3   4   1.06562500000E-06
   3   3   4   0.00000000000E+00
   4   3   4  -2.77556500000E-03
   1   4   4  -2.70911875000E-04
   2   4   4   0.00000000000E+00
   3   4   4   2.70911875000E-04
   4   4   4   0.00000000000E+00
   3   3   1   1
   1   1   1   7.48801367187E-02
   2   1   1  -1.16228154688E-02
   3   1   1  -6.32138281250E-04
   4   1   1  -1.16228154688E-02
   1   2   1  -1.16228154688E-02
   2   2   1  -1.65144203125E-03
   3   2   1  -3.08602968750E-04
   4   2   1   8.24118796875E-03
   1   3   1  -6.32138281250E-04
   2   3   1  -3.08602968750E-04
   3   3   1  -3.22076828125E-03
   4   3   1  -3.08602968750E-04
   1   4   1  -1.16228154688E-02
   2   4   1   8.24118796875E-03
   3   4   1  -3.08602968750E-04
   4   4   1  -1.65144203125E-03
   1   1   2   8.24118796875E-03
   2   1   2  -3.08602968750E-04
   3   1   2  -1.65144203125E-03
   4   1   2  -1.16228154688E-02
   1   2   2  -3.08602968750E-04
   2   2   2   3.46389171875E-03
   3   2   2  -3.08602968750E-04
   4   2   2   8.19874218750E-04
   1   3   2  -1.65144203125E-03
   2   3   2  -3.08602968750E-04
   3   3   2  -6.95332031250E-04
   4   3   2   2.09898953125E-03
   1   4   2  -1.16228154688E-02
   2   4   2   8.19874218750E-04
   3   4   2   2.09898953125E-03
   4   4   2  -5.16963328125E-03
   1   1   3  -3.22076828125E-03
   2   1   3  -3.08602968750E-04
   3   1   3  -6.32138281250E-04
   4   1   3  -3.08602968750E-04
   1   2   3  -3.08602968750E-04
   2   2   3  -1.65144203125E-03
   3   2   3   2.09898953125E-03
   4   2   3  -6.95332031250E-04
   1   3   3  -6.32138281250E-04
   2   3   3   2.09898953125E-03
   3   3   3   7.31186718750E-04
   4   3   3   2.09898953125E-03
   1   4   3  -3.08602968750E-04
   2   4   3  -6.95332031250E-04
   3   4   3   2.09898953125E-03
   4   4   3  -1.65144203125E-03
   1   1   4   8.24118796875E-03
   2   1   4  -1.16228154688E-02
   3   1   4  -1.65144203125E-03
   4   1   4  -3.08602968750E-04
   1   2   4  -1.16228154688E-02
   2   2   4  -5.16963328125E-03
   3   2   4   2.09898953125E-03
   4   2   4   8.19874218750E-04
   1   3   4  -1.65144203125E-03
   2   3   4   2.09898953125E-03
   3   3   4  -6.95332031250E-04
   4   3   4  -3.08602968750E-04
   1   4   4  -3.08602968750E-04
   2   4   4   8.19874218750E-04
   3   4   4  -3.08602968750E-04
   4   4   4   3.46389171875E-03
