  2.000000000000000E-002  0.611821026045212        2.24975514298931     
   4   4   4
   1   1   1   1
   1   1   1   7.38875239063E-02
   2   1   1  -1.37084270313E-02
   3   1   1   1.86082078125E-03
   4   1   1  -1.37084270313E-02
   1   2   1   9.66128390625E-03
   2   2   1  -1.62019515625E-03
   3   2   1   7.68618906250E-04
   4   2   1  -1.37084270312E-02
   1   3   1  -1.03097798438E-02
   2   3   1  -1.62019515625E-03
   3   3   1   1.86082078125E-03
   4   3   1  -1.62019515625E-03
   1   4   1   9.66128390625E-03
   2   4   1  -1.37084270312E-02
   3   4   1   7.68618906250E-04
   4   4   1  -1.62019515625E-03
   1   1   2  -1.37084270312E-02
   2   1   2   7.68618906250E-04
   3   1   2  -1.62019515625E-03
   4   1   2   9.66128390625E-03
   1   2   2  -1.62019515625E-03
   2   2   2   1.59088157813E-02
   3   2   2  -1.62019515625E-03
   4   2   2   1.18858015625E-03
   1   3   2  -1.62019515625E-03
   2   3   2   7.68618906250E-04
   3   3   2   4.26369671875E-03
   4   3   2  -5.63161234375E-03
   1   4   2  -1.37084270312E-02
   2   4   2  -1.02658117188E-02
   3   4   2   4.26369671875E-03
   4   4   2   1.18858015625E-03
   1   1   3   1.86082078125E-03
   2   1   3  -1.62019515625E-03
   3   1   3  -1.03097798438E-02
   4   1   3  -1.62019515625E-03
   1   2   3   7.68618906250E-04
   2   2   3  -1.62019515625E-03
   3   2   3  -5.63161234375E-03
   4   2   3   4.26369671875E-03
   1   3   3   1.86082078125E-03
   2   3   3   4.26369671875E-03
   3   3   3   2.58246140625E-03
   4   3   3   4.26369671875E-03
   1   4   3   7.68618906250E-04
   2   4   3   4.26369671875E-03
   3   4   3  -5.63161234375E-03
   4   4   3  -1.62019515625E-03
   1   1   4  -1.37084270312E-02
   2   1   4   9.66128390625E-03
   3   1   4  -1.62019515625E-03
   4   1   4   7.68618906250E-04
   1   2   4  -1.37084270312E-02
   2   2   4   1.18858015625E-03
   3   2   4   4.26369671875E-03
   4   2   4  -1.02658117188E-02
   1   3   4  -1.62019515625E-03
   2   3   4  -5.63161234375E-03
   3   3   4   4.26369671875E-03
   4   3   4   7.68618906250E-04
   1   4   4  -1.62019515625E-03
   2   4   4   1.18858015625E-03
   3   4   4  -1.62019515625E-03
   4   4   4   1.59088157813E-02
   1   2   1   1
   1   1   1  -4.33680868994E-19
   2   1   1   0.00000000000E+00
   3   1   1  -4.33680868994E-19
   4   1   1   0.00000000000E+00
   1   2   1   0.00000000000E+00
   2   2   1   6.69834937500E-03
   3   2   1  -6.93442500000E-04
   4   2   1  -1.74514893750E-02
   1   3   1   4.33680868994E-19
   2   3   1  -6.93442500000E-04
   3   3   1   3.07247000000E-03
   4   3   1  -6.93442500000E-04
   1   4   1   0.00000000000E+00
   2   4   1  -1.74514893750E-02
   3   4   1  -6.93442500000E-04
   4   4   1   6.69834937500E-03
   1   1   2   1.74514893750E-02
   2   1   2   6.93442500000E-04
   3   1   2  -6.69834937500E-03
   4   1   2   0.00000000000E+00
   1   2   2   6.93442500000E-04
   2   2   2   0.00000000000E+00
   3   2   2  -6.93442500000E-04
   4   2   2   0.00000000000E+00
   1   3   2  -6.69834937500E-03
   2   3   2  -6.93442500000E-04
   3   3   2   3.93986437500E-03
   4   3   2   0.00000000000E+00
   1   4   2   0.00000000000E+00
   2   4   2   0.00000000000E+00
   3   4   2   0.00000000000E+00
   4   4   2   0.00000000000E+00
   1   1   3  -3.07247000000E-03
   2   1   3   6.93442500000E-04
   3   1   3  -4.33680868994E-19
   4   1   3   6.93442500000E-04
   1   2   3   6.93442500000E-04
   2   2   3   6.69834937500E-03
   3   2   3   0.00000000000E+00
   4   2   3  -3.93986437500E-03
   1   3   3   4.33680868994E-19
   2   3   3   0.00000000000E+00
   3   3   3   0.00000000000E+00
   4   3   3   0.00000000000E+00
   1   4   3   6.93442500000E-04
   2   4   3  -3.93986437500E-03
   3   4   3   0.00000000000E+00
   4   4   3   6.69834937500E-03
   1   1   4   1.74514893750E-02
   2   1   4   0.00000000000E+00
   3   1   4  -6.69834937500E-03
   4   1   4   6.93442500000E-04
   1   2   4   0.00000000000E+00
   2   2   4   0.00000000000E+00
   3   2   4   0.00000000000E+00
   4   2   4   0.00000000000E+00
   1   3   4  -6.69834937500E-03
   2   3   4   0.00000000000E+00
   3   3   4   3.93986437500E-03
   4   3   4  -6.93442500000E-04
   1   4   4   6.93442500000E-04
   2   4   4   0.00000000000E+00
   3   4   4  -6.93442500000E-04
   4   4   4   0.00000000000E+00
   1   3   1   1
   1   1   1   2.16840434497E-19
   2   1   1   1.74514893750E-02
   3   1   1  -3.07247000000E-03
   4   1   1   1.74514893750E-02
   1   2   1  -2.16840434497E-19
   2   2   1   6.93442500000E-04
   3   2   1   6.93442500000E-04
   4   2   1   0.00000000000E+00
   1   3   1  -2.16840434497E-19
   2   3   1  -6.69834937500E-03
   3   3   1   2.16840434497E-19
   4   3   1  -6.69834937500E-03
   1   4   1  -2.16840434497E-19
   2   4   1   0.00000000000E+00
   3   4   1   6.93442500000E-04
   4   4   1   6.93442500000E-04
   1   1   2   0.00000000000E+00
   2   1   2   6.93442500000E-04
   3   1   2   6.93442500000E-04
   4   1   2   2.16840434497E-19
   1   2   2   6.69834937500E-03
   2   2   2   0.00000000000E+00
   3   2   2   6.69834937500E-03
   4   2   2   0.00000000000E+00
   1   3   2  -6.93442500000E-04
   2   3   2  -6.93442500000E-04
   3   3   2   0.00000000000E+00
   4   3   2   0.00000000000E+00
   1   4   2  -1.74514893750E-02
   2   4   2   0.00000000000E+00
   3   4   2  -3.93986437500E-03
   4   4   2   0.00000000000E+00
   1   1   3  -2.16840434497E-19
   2   1   3  -6.69834937500E-03
   3   1   3   2.16840434497E-19
   4   1   3  -6.69834937500E-03
   1   2   3  -6.93442500000E-04
   2   2   3  -6.93442500000E-04
   3   2   3   0.00000000000E+00
   4   2   3   0.00000000000E+00
   1   3   3   3.07247000000E-03
   2   3   3   3.93986437500E-03
   3   3   3  -2.16840434497E-19
   4   3   3   3.93986437500E-03
   1   4   3  -6.93442500000E-04
   2   4   3   0.00000000000E+00
   3   4   3   0.00000000000E+00
   4   4   3  -6.93442500000E-04
   1   1   4   0.00000000000E+00
   2   1   4   2.16840434497E-19
   3   1   4   6.93442500000E-04
   4   1   4   6.93442500000E-04
   1   2   4  -1.74514893750E-02
   2   2   4   0.00000000000E+00
   3   2   4  -3.93986437500E-03
   4   2   4   0.00000000000E+00
   1   3   4  -6.93442500000E-04
   2   3   4   0.00000000000E+00
   3   3   4   0.00000000000E+00
   4   3   4  -6.93442500000E-04
   1   4   4   6.69834937500E-03
   2   4   4   0.00000000000E+00
   3   4   4   6.69834937500E-03
   4   4   4   0.00000000000E+00
   2   1   1   1
   1   1   1  -4.33680868994E-19
   2   1   1   0.00000000000E+00
   3   1   1  -4.33680868994E-19
   4   1   1   0.00000000000E+00
   1   2   1   0.00000000000E+00
   2   2   1   6.69834937500E-03
   3   2   1  -6.93442500000E-04
   4   2   1  -1.74514893750E-02
   1   3   1   4.33680868994E-19
   2   3   1  -6.93442500000E-04
   3   3   1   3.07247000000E-03
   4   3   1  -6.93442500000E-04
   1   4   1   0.00000000000E+00
   2   4   1  -1.74514893750E-02
   3   4   1  -6.93442500000E-04
   4   4   1   6.69834937500E-03
   1   1   2   1.74514893750E-02
   2   1   2   6.93442500000E-04
   3   1   2  -6.69834937500E-03
   4   1   2   0.00000000000E+00
   1   2   2   6.93442500000E-04
   2   2   2   0.00000000000E+00
   3   2   2  -6.93442500000E-04
   4   2   2   0.00000000000E+00
   1   3   2  -6.69834937500E-03
   2   3   2  -6.93442500000E-04
   3   3   2   3.93986437500E-03
   4   3   2   0.00000000000E+00
   1   4   2   0.00000000000E+00
   2   4   2   0.00000000000E+00
   3   4   2   0.00000000000E+00
   4   4   2   0.00000000000E+00
   1   1   3  -3.07247000000E-03
   2   1   3   6.93442500000E-04
   3   1   3  -4.33680868994E-19
   4   1   3   6.93442500000E-04
   1   2   3   6.93442500000E-04
   2   2   3   6.69834937500E-03
   3   2   3   0.00000000000E+00
   4   2   3  -3.93986437500E-03
   1   3   3   4.33680868994E-19
   2   3   3   0.00000000000E+00
   3   3   3   0.00000000000E+00
   4   3   3   0.00000000000E+00
   1   4   3   6.93442500000E-04
   2   4   3  -3.93986437500E-03
   3   4   3   0.00000000000E+00
   4   4   3   6.69834937500E-03
   1   1   4   1.74514893750E-02
   2   1   4   0.00000000000E+00
   3   1   4  -6.69834937500E-03
   4   1   4   6.93442500000E-04
   1   2   4   0.00000000000E+00
   2   2   4   0.00000000000E+00
   3   2   4   0.00000000000E+00
   4   2   4   0.00000000000E+00
   1   3   4  -6.69834937500E-03
   2   3   4   0.00000000000E+00
   3   3   4   3.93986437500E-03
   4   3   4  -6.93442500000E-04
   1   4   4   6.93442500000E-04
   2   4   4   0.00000000000E+00
   3   4   4  -6.93442500000E-04
   4   4   4   0.00000000000E+00
   2   2   1   1
   1   1   1   7.38875239063E-02
   2   1   1   9.66128390625E-03
   3   1   1  -1.03097798438E-02
   4   1   1   9.66128390625E-03
   1   2   1  -1.37084270312E-02
   2   2   1  -1.62019515625E-03
   3   2   1  -1.62019515625E-03
   4   2   1  -1.37084270312E-02
   1   3   1   1.86082078125E-03
   2   3   1   7.68618906250E-04
   3   3   1   1.86082078125E-03
   4   3   1   7.68618906250E-04
   1   4   1  -1.37084270312E-02
   2   4   1  -1.37084270312E-02
   3   4   1  -1.62019515625E-03
   4   4   1  -1.62019515625E-03
   1   1   2  -1.37084270312E-02
   2   1   2  -1.62019515625E-03
   3   1   2  -1.62019515625E-03
   4   1   2  -1.37084270313E-02
   1   2   2   7.68618906250E-04
   2   2   2   1.59088157813E-02
   3   2   2   7.68618906250E-04
   4   2   2  -1.02658117188E-02
   1   3   2  -1.62019515625E-03
   2   3   2  -1.62019515625E-03
   3   3   2   4.26369671875E-03
   4   3   2   4.26369671875E-03
   1   4   2   9.66128390625E-03
   2   4   2   1.18858015625E-03
   3   4   2  -5.63161234375E-03
   4   4   2   1.18858015625E-03
   1   1   3   1.86082078125E-03
   2   1   3   7.68618906250E-04
   3   1   3   1.86082078125E-03
   4   1   3   7.68618906250E-04
   1   2   3  -1.62019515625E-03
   2   2   3  -1.62019515625E-03
   3   2   3   4.26369671875E-03
   4   2   3   4.26369671875E-03
   1   3   3  -1.03097798438E-02
   2   3   3  -5.63161234375E-03
   3   3   3   2.58246140625E-03
   4   3   3  -5.63161234375E-03
   1   4   3  -1.62019515625E-03
   2   4   3   4.26369671875E-03
   3   4   3   4.26369671875E-03
   4   4   3  -1.62019515625E-03
   1   1   4  -1.37084270312E-02
   2   1   4  -1.37084270313E-02
   3   1   4  -1.62019515625E-03
   4   1   4  -1.62019515625E-03
   1   2   4   9.66128390625E-03
   2   2   4   1.18858015625E-03
   3   2   4  -5.63161234375E-03
   4   2   4   1.18858015625E-03
   1   3   4  -1.62019515625E-03
   2   3   4   4.26369671875E-03
   3   3   4   4.26369671875E-03
   4   3   4  -1.62019515625E-03
   1   4   4   7.68618906250E-04
   2   4   4  -1.02658117188E-02
   3   4   4   7.68618906250E-04
   4   4   4   1.59088157813E-02
   2   3   1   1
   1   1   1   2.16840434497E-19
   2   1   1   2.16840434497E-19
   3   1   1   2.16840434497E-19
   4   1   1   2.16840434497E-19
   1   2   1  -1.74514893750E-02
   2   2   1  -6.93442500000E-04
   3   2   1   6.69834937500E-03
   4   2   1   0.00000000000E+00
   1   3   1   3.07247000000E-03
   2   3   1  -6.93442500000E-04
   3   3   1   2.16840434497E-19
   4   3   1  -6.93442500000E-04
   1   4   1  -1.74514893750E-02
   2   4   1   0.00000000000E+00
   3   4   1   6.69834937500E-03
   4   4   1  -6.93442500000E-04
   1   1   2   0.00000000000E+00
   2   1   2  -6.69834937500E-03
   3   1   2   6.93442500000E-04
   4   1   2   1.74514893750E-02
   1   2   2  -6.93442500000E-04
   2   2   2   0.00000000000E+00
   3   2   2   6.93442500000E-04
   4   2   2   0.00000000000E+00
   1   3   2  -6.93442500000E-04
   2   3   2  -6.69834937500E-03
   3   3   2   0.00000000000E+00
   4   3   2   3.93986437500E-03
   1   4   2  -2.16840434497E-19
   2   4   2   0.00000000000E+00
   3   4   2   0.00000000000E+00
   4   4   2   0.00000000000E+00
   1   1   3  -2.16840434497E-19
   2   1   3   6.93442500000E-04
   3   1   3  -3.07247000000E-03
   4   1   3   6.93442500000E-04
   1   2   3   6.69834937500E-03
   2   2   3   6.93442500000E-04
   3   2   3  -3.93986437500E-03
   4   2   3   0.00000000000E+00
   1   3   3  -2.16840434497E-19
   2   3   3   0.00000000000E+00
   3   3   3  -2.16840434497E-19
   4   3   3   0.00000000000E+00
   1   4   3   6.69834937500E-03
   2   4   3   0.00000000000E+00
   3   4   3  -3.93986437500E-03
   4   4   3   6.93442500000E-04
   1   1   4   0.00000000000E+00
   2   1   4   1.74514893750E-02
   3   1   4   6.93442500000E-04
   4   1   4  -6.69834937500E-03
   1   2   4  -2.16840434497E-19
   2   2   4   0.00000000000E+00
   3   2   4   0.00000000000E+00
   4   2   4   0.00000000000E+00
   1   3   4  -6.93442500000E-04
   2   3   4   3.93986437500E-03
   3   3   4   0.00000000000E+00
   4   3   4  -6.69834937500E-03
   1   4   4  -6.93442500000E-04
   2   4   4   0.00000000000E+00
   3   4   4   6.93442500000E-04
   4   4   4   0.00000000000E+00
   3   1   1   1
   1   1   1   2.16840434497E-19
   2   1   1   1.74514893750E-02
   3   1   1  -3.07247000000E-03
   4   1   1   1.74514893750E-02
   1   2   1  -2.16840434497E-19
   2   2   1   6.93442500000E-04
   3   2   1   6.93442500000E-04
   4   2   1   0.00000000000E+00
   1   3   1  -2.16840434497E-19
   2   3   1  -6.69834937500E-03
   3   3   1   2.16840434497E-19
   4   3   1  -6.69834937500E-03
   1   4   1  -2.16840434497E-19
   2   4   1   0.00000000000E+00
   3   4   1   6.93442500000E-04
   4   4   1   6.93442500000E-04
   1   1   2   0.00000000000E+00
   2   1   2   6.93442500000E-04
   3   1   2   6.93442500000E-04
   4   1   2   2.16840434497E-19
   1   2   2   6.69834937500E-03
   2   2   2   0.00000000000E+00
   3   2   2   6.69834937500E-03
   4   2   2   0.00000000000E+00
   1   3   2  -6.93442500000E-04
   2   3   2  -6.93442500000E-04
   3   3   2   0.00000000000E+00
   4   3   2   0.00000000000E+00
   1   4   2  -1.74514893750E-02
   2   4   2   0.00000000000E+00
   3   4   2  -3.93986437500E-03
   4   4   2   0.00000000000E+00
   1   1   3  -2.16840434497E-19
   2   1   3  -6.69834937500E-03
   3   1   3   2.16840434497E-19
   4   1   3  -6.69834937500E-03
   1   2   3  -6.93442500000E-04
   2   2   3  -6.93442500000E-04
   3   2   3   0.00000000000E+00
   4   2   3   0.00000000000E+00
   1   3   3   3.07247000000E-03
   2   3   3   3.93986437500E-03
   3   3   3  -2.16840434497E-19
   4   3   3   3.93986437500E-03
   1   4   3  -6.93442500000E-04
   2   4   3   0.00000000000E+00
   3   4   3   0.00000000000E+00
   4   4   3  -6.93442500000E-04
   1   1   4   0.00000000000E+00
   2   1   4   2.16840434497E-19
   3   1   4   6.93442500000E-04
   4   1   4   6.93442500000E-04
   1   2   4  -1.74514893750E-02
   2   2   4   0.00000000000E+00
   3   2   4  -3.93986437500E-03
   4   2   4   0.00000000000E+00
   1   3   4  -6.93442500000E-04
   2   3   4   0.00000000000E+00
   3   3   4   0.00000000000E+00
   4   3   4  -6.93442500000E-04
   1   4   4   6.69834937500E-03
   2   4   4   0.00000000000E+00
   3   4   4   6.69834937500E-03
   4   4   4   0.00000000000E+00
   3   2   1   1
   1   1   1   2.16840434497E-19
   2   1   1   2.16840434497E-19
   3   1   1   2.16840434497E-19
   4   1   1   2.16840434497E-19
   1   2   1  -1.74514893750E-02
   2   2   1  -6.93442500000E-04
   3   2   1   6.69834937500E-03
   4   2   1   0.00000000000E+00
   1   3   1   3.07247000000E-03
   2   3   1  -6.93442500000E-04
   3   3   1   2.16840434497E-19
   4   3   1  -6.93442500000E-04
   1   4   1  -1.74514893750E-02
   2   4   1   0.00000000000E+00
   3   4   1   6.69834937500E-03
   4   4   1  -6.93442500000E-04
   1   1   2   0.00000000000E+00
   2   1   2  -6.69834937500E-03
   3   1   2   6.93442500000E-04
   4   1   2   1.74514893750E-02
   1   2   2  -6.93442500000E-04
   2   2   2   0.00000000000E+00
   3   2   2   6.93442500000E-04
   4   2   2   0.00000000000E+00
   1   3   2  -6.93442500000E-04
   2   3   2  -6.69834937500E-03
   3   3   2   0.00000000000E+00
   4   3   2   3.93986437500E-03
   1   4   2  -2.16840434497E-19
   2   4   2   0.00000000000E+00
   3   4   2   0.00000000000E+00
   4   4   2   0.00000000000E+00
   1   1   3  -2.16840434497E-19
   2   1   3   6.93442500000E-04
   3   1   3  -3.07247000000E-03
   4   1   3   6.93442500000E-04
   1   2   3   6.69834937500E-03
   2   2   3   6.93442500000E-04
   3   2   3  -3.93986437500E-03
   4   2   3   0.00000000000E+00
   1   3   3  -2.16840434497E-19
   2   3   3   0.00000000000E+00
   3   3   3  -2.16840434497E-19
   4   3   3   0.00000000000E+00
   1   4   3   6.69834937500E-03
   2   4   3   0.00000000000E+00
   3   4   3  -3.93986437500E-03
   4   4   3   6.93442500000E-04
   1   1   4   0.00000000000E+00
   2   1   4   1.74514893750E-02
   3   1   4   6.93442500000E-04
   4   1   4  -6.69834937500E-03
   1   2   4  -2.16840434497E-19
   2   2   4   0.00000000000E+00
   3   2   4   0.00000000000E+00
   4   2   4   0.00000000000E+00
   1   3   4  -6.93442500000E-04
   2   3   4   3.93986437500E-03
   3   3   4   0.00000000000E+00
   4   3   4  -6.69834937500E-03
   1   4   4  -6.93442500000E-04
   2   4   4   0.00000000000E+00
   3   4   4   6.93442500000E-04
   4   4   4   0.00000000000E+00
   3   3   1   1
   1   1   1   7.38875239063E-02
   2   1   1  -1.37084270312E-02
   3   1   1   1.86082078125E-03
   4   1   1  -1.37084270312E-02
   1   2   1  -1.37084270312E-02
   2   2   1   7.68618906250E-04
   3   2   1  -1.62019515625E-03
   4   2   1   9.66128390625E-03
   1   3   1   1.86082078125E-03
   2   3   1  -1.62019515625E-03
   3   3   1  -1.03097798438E-02
   4   3   1  -1.62019515625E-03
   1   4   1  -1.37084270312E-02
   2   4   1   9.66128390625E-03
   3   4   1  -1.62019515625E-03
   4   4   1   7.68618906250E-04
   1   1   2   9.66128390625E-03
   2   1   2  -1.62019515625E-03
   3   1   2   7.68618906250E-04
   4   1   2  -1.37084270312E-02
   1   2   2  -1.62019515625E-03
   2   2   2   1.59088157813E-02
   3   2   2  -1.62019515625E-03
   4   2   2   1.18858015625E-03
   1   3   2   7.68618906250E-04
   2   3   2  -1.62019515625E-03
   3   3   2  -5.63161234375E-03
   4   3   2   4.26369671875E-03
   1   4   2  -1.37084270312E-02
   2   4   2   1.18858015625E-03
   3   4   2   4.26369671875E-03
   4   4   2  -1.02658117188E-02
   1   1   3  -1.03097798438E-02
   2   1   3  -1.62019515625E-03
   3   1   3   1.86082078125E-03
   4   1   3  -1.62019515625E-03
   1   2   3  -1.62019515625E-03
   2   2   3   7.68618906250E-04
   3   2   3   4.26369671875E-03
   4   2   3  -5.63161234375E-03
   1   3   3   1.86082078125E-03
   2   3   3   4.26369671875E-03
   3   3   3   2.58246140625E-03
   4   3   3   4.26369671875E-03
   1   4   3  -1.62019515625E-03
   2   4   3  -5.63161234375E-03
   3   4   3   4.26369671875E-03
   4   4   3   7.68618906250E-04
   1   1   4   9.66128390625E-03
   2   1   4  -1.37084270312E-02
   3   1   4   7.68618906250E-04
   4   1   4  -1.62019515625E-03
   1   2   4  -1.37084270312E-02
   2   2   4  -1.02658117188E-02
   3   2   4   4.26369671875E-03
   4   2   4   1.18858015625E-03
   1   3   4   7.68618906250E-04
   2   3   4   4.26369671875E-03
   3   3   4  -5.63161234375E-03
   4   3   4  -1.62019515625E-03
   1   4   4  -1.62019515625E-03
   2   4   4   1.18858015625E-03
   3   4   4  -1.62019515625E-03
   4   4   4   1.59088157813E-02
